uz,Philippines,13.66N,121.38E
1906-03-01,25.281,0.42700000000000005,Santa Cruz,Philippines,13.66N,121.38E
1906-04-01,26.908,0.7490000000000001,Santa Cruz,Philippines,13.66N,121.38E
1906-05-01,27.361,0.441,Santa Cruz,Philippines,13.66N,121.38E
1906-06-01,27.4,0.564,Santa Cruz,Philippines,13.66N,121.38E
1906-07-01,27.272,0.203,Santa Cruz,Philippines,13.66N,121.38E
1906-08-01,27.099,0.28,Santa Cruz,Philippines,13.66N,121.38E
1906-09-01,26.471,0.473,Santa Cruz,Philippines,13.66N,121.38E
1906-10-01,25.913,0.3,Santa Cruz,Philippines,13.66N,121.38E
1906-11-01,24.875,0.369,Santa Cruz,Philippines,13.66N,121.38E
1906-12-01,24.926,0.6779999999999999,Santa Cruz,Philippines,13.66N,121.38E
1907-01-01,23.879,0.5670000000000001,Santa Cruz,Philippines,13.66N,121.38E
1907-02-01,24.285999999999998,0.639,Santa Cruz,Philippines,13.66N,121.38E
1907-03-01,25.205,0.228,Santa Cruz,Philippines,13.66N,121.38E
1907-04-01,26.22,0.509,Santa Cruz,Philippines,13.66N,121.38E
1907-05-01,27.872,0.509,Santa Cruz,Philippines,13.66N,121.38E
1907-06-01,27.561999999999998,0.353,Santa Cruz,Philippines,13.66N,121.38E
1907-07-01,27.022,0.335,Santa Cruz,Philippines,13.66N,121.38E
1907-08-01,26.369,0.183,Santa Cruz,Philippines,13.66N,121.38E
1907-09-01,26.599,0.413,Santa Cruz,Philippines,13.66N,121.38E
1907-10-01,26.386,0.41700000000000004,Santa Cruz,Philippines,13.66N,121.38E
1907-11-01,26.381,0.588,Santa Cruz,Philippines,13.66N,121.38E
1907-12-01,24.702,0.784,Santa Cruz,Philippines,13.66N,121.38E
1908-01-01,24.706999999999997,0.335,Santa Cruz,Philippines,13.66N,121.38E
1908-02-01,24.627,0.611,Santa Cruz,Philippines,13.66N,121.38E
1908-03-01,24.965,0.6920000000000001,Santa Cruz,Philippines,13.66N,121.38E
1908-04-01,26.812,0.44299999999999995,Santa Cruz,Philippines,13.66N,121.38E
1908-05-01,27.209,0.319,Santa Cruz,Philippines,13.66N,121.38E
1908-06-01,27.276,0.43,Santa Cruz,Philippines,13.66N,121.38E
1908-07-01,26.894000000000002,0.223,Santa Cruz,Philippines,13.66N,121.38E
1908-08-01,27.194000000000006,0.439,Santa Cruz,Philippines,13.66N,121.38E
1908-09-01,26.936999999999998,0.361,Santa Cruz,Philippines,13.66N,121.38E
1908-10-01,26.314,0.305,Santa Cruz,Philippines,13.66N,121.38E
1908-11-01,25.354,0.39899999999999997,Santa Cruz,Philippines,13.66N,121.38E
1908-12-01,24.994,0.701,Santa Cruz,Philippines,13.66N,121.38E
1909-01-01,24.522,0.508,Santa Cruz,Philippines,13.66N,121.38E
1909-02-01,24.752,0.46299999999999997,Santa Cruz,Philippines,13.66N,121.38E
1909-03-01,25.535,0.518,Santa Cruz,Philippines,13.66N,121.38E
1909-04-01,26.73,0.405,Santa Cruz,Philippines,13.66N,121.38E
1909-05-01,27.548000000000002,0.47200000000000003,Santa Cruz,Philippines,13.66N,121.38E
1909-06-01,27.576999999999998,0.40700000000000003,Santa Cruz,Philippines,13.66N,121.38E
1909-07-01,26.497,0.45899999999999996,Santa Cruz,Philippines,13.66N,121.38E
1909-08-01,27.619,0.41600000000000004,Santa Cruz,Philippines,13.66N,121.38E
1909-09-01,26.94,0.284,Santa Cruz,Philippines,13.66N,121.38E
1909-10-01,26.76,0.8190000000000001,Santa Cruz,Philippines,13.66N,121.38E
1909-11-01,25.854,0.38299999999999995,Santa Cruz,Philippines,13.66N,121.38E
1909-12-01,24.449,0.335,Santa Cruz,Philippines,13.66N,121.38E
1910-01-01,24.554000000000002,0.7170000000000001,Santa Cruz,Philippines,13.66N,121.38E
1910-02-01,24.914,0.45399999999999996,Santa Cruz,Philippines,13.66N,121.38E
1910-03-01,25.535999999999998,0.462,Santa Cruz,Philippines,13.66N,121.38E
1910-04-01,26.704,0.903,Santa Cruz,Philippines,13.66N,121.38E
1910-05-01,27.353,0.7390000000000001,Santa Cruz,Philippines,13.66N,121.38E
1910-06-01,27.599,0.35100000000000003,Santa Cruz,Philippines,13.66N,121.38E
1910-07-01,27.313000000000002,0.249,Santa Cruz,Philippines,13.66N,121.38E
1910-08-01,27.283,0.49200000000000005,Santa Cruz,Philippines,13.66N,121.38E
1910-09-01,26.651999999999997,0.278,Santa Cruz,Philippines,13.66N,121.38E
1910-10-01,26.037,0.371,Santa Cruz,Philippines,13.66N,121.38E
1910-11-01,25.553,0.295,Santa Cruz,Philippines,13.66N,121.38E
1910-12-01,24.905,0.301,Santa Cruz,Philippines,13.66N,121.38E
1911-01-01,24.726999999999997,0.252,Santa Cruz,Philippines,13.66N,121.38E
1911-02-01,24.186999999999998,0.451,Santa Cruz,Philippines,13.66N,121.38E
1911-03-01,25.033,0.303,Santa Cruz,Philippines,13.66N,121.38E
1911-04-01,26.007,0.217,Santa Cruz,Philippines,13.66N,121.38E
1911-05-01,26.987,0.434,Santa Cruz,Philippines,13.66N,121.38E
1911-06-01,27.425,0.40299999999999997,Santa Cruz,Philippines,13.66N,121.38E
1911-07-01,26.568,0.27399999999999997,Santa Cruz,Philippines,13.66N,121.38E
1911-08-01,27.043000000000006,0.36700000000000005,Santa Cruz,Philippines,13.66N,121.38E
1911-09-01,26.904,0.32799999999999996,Santa Cruz,Philippines,13.66N,121.38E
1911-10-01,26.463,0.34299999999999997,Santa Cruz,Philippines,13.66N,121.38E
1911-11-01,25.729,0.455,Santa Cruz,Philippines,13.66N,121.38E
1911-12-01,25.411,0.563,Santa Cruz,Philippines,13.66N,121.38E
1912-01-01,24.72,0.5870000000000001,Santa Cruz,Philippines,13.66N,121.38E
1912-02-01,25.122,0.377,Santa Cruz,Philippines,13.66N,121.38E
1912-03-01,26.107,0.36700000000000005,Santa Cruz,Philippines,13.66N,121.38E
1912-04-01,27.216,0.256,Santa Cruz,Philippines,13.66N,121.38E
1912-05-01,28.561999999999998,0.255,Santa Cruz,Philippines,13.66N,121.38E
1912-06-01,28.511999999999997,0.266,Santa Cruz,Philippines,13.66N,121.38E
1912-07-01,26.991,0.376,Santa Cruz,Philippines,13.66N,121.38E
1912-08-01,26.814,0.308,Santa Cruz,Philippines,13.66N,121.38E
1912-09-01,26.673000000000002,0.326,Santa Cruz,Philippines,13.66N,121.38E
1912-10-01,26.108,0.384,Santa Cruz,Philippines,13.66N,121.38E
1912-11-01,25.880000000000006,0.33799999999999997,Santa Cruz,Philippines,13.66N,121.38E
1912-12-01,25.057,0.521,Santa Cruz,Philippines,13.66N,121.38E
1913-01-01,24.738000000000003,0.319,Santa Cruz,Philippines,13.66N,121.38E
1913-02-01,24.814,0.348,Santa Cruz,Philippines,13.66N,121.38E
1913-03-01,25.86,0.23399999999999999,Santa Cruz,Philippines,13.66N,121.38E
1913-04-01,26.33,0.177,Santa Cruz,Philippines,13.66N,121.38E
1913-05-01,27.241,0.146,Santa Cruz,Philippines,13.66N,121.38E
1913-06-01,27.723000000000006,0.315,Santa Cruz,Philippines,13.66N,121.38E
1913-07-01,26.858,0.33899999999999997,Santa Cruz,Philippines,13.66N,121.38E
1913-08-01,26.703000000000007,0.32899999999999996,Santa Cruz,Philippines,13.66N,121.38E
1913-09-01,26.648000000000003,0.29,Santa Cruz,Philippines,13.66N,121.38E
1913-10-01,25.754,0.6829999999999999,Santa Cruz,Philippines,13.66N,121.38E
1913-11-01,25.569000000000006,0.46399999999999997,Santa Cruz,Philippines,13.66N,121.38E
1913-12-01,25.089000000000002,0.33,Santa Cruz,Philippines,13.66N,121.38E
1914-01-01,24.06,0.589,Santa Cruz,Philippines,13.66N,121.38E
1914-02-01,24.118,0.33299999999999996,Santa Cruz,Philippines,13.66N,121.38E
1914-03-01,26.035999999999998,0.325,Santa Cruz,Philippines,13.66N,121.38E
1914-04-01,26.992,0.615,Santa Cruz,Philippines,13.66N,121.38E
1914-05-01,28.177,0.597,Santa Cruz,Philippines,13.66N,121.38E
1914-06-01,27.325,0.446,Santa Cruz,Philippines,13.66N,121.38E
1914-07-01,27.44,0.389,Santa Cruz,Philippines,13.66N,121.38E
1914-08-01,27.131999999999998,0.43799999999999994,Santa Cruz,Philippines,13.66N,121.38E
1914-09-01,26.498,0.503,Santa Cruz,Philippines,13.66N,121.38E
1914-10-01,26.477,0.465,Santa Cruz,Philippines,13.66N,121.38E
1914-11-01,26.711,0.39799999999999996,Santa Cruz,Philippines,13.66N,121.38E
1914-12-01,25.921,0.29600000000000004,Santa Cruz,Philippines,13.66N,121.38E
1915-01-01,25.155,0.7020000000000001,Santa Cruz,Philippines,13.66N,121.38E
1915-02-01,25.308000000000003,0.37200000000000005,Santa Cruz,Philippines,13.66N,121.38E
1915-03-01,26.261,0.574,Santa Cruz,Philippines,13.66N,121.38E
1915-04-01,27.779,0.325,Santa Cruz,Philippines,13.66N,121.38E
1915-05-01,28.458000000000002,0.47700000000000004,Santa Cruz,Philippines,13.66N,121.38E
1915-06-01,28.464,0.441,Santa Cruz,Philippines,13.66N,121.38E
1915-07-01,27.911,0.552,Santa Cruz,Philippines,13.66N,121.38E
1915-08-01,27.660999999999998,0.687,Santa Cruz,Philippines,13.66N,121.38E
1915-09-01,27.182,0.47700000000000004,Santa Cruz,Philippines,13.66N,121.38E
1915-10-01,26.449,0.392,Santa Cruz,Philippines,13.66N,121.38E
1915-11-01,26.311,0.377,Santa Cruz,Philippines,13.66N,121.38E
1915-12-01,25.151,0.308,Santa Cruz,Philippines,13.66N,121.38E
1916-01-01,24.48,0.564,Santa Cruz,Philippines,13.66N,121.38E
1916-02-01,24.853,0.608,Santa Cruz,Philippines,13.66N,121.38E
1916-03-01,25.724,0.703,Santa Cruz,Philippines,13.66N,121.38E
1916-04-01,26.482,0.358,Santa Cruz,Philippines,13.66N,121.38E
1916-05-01,27.026,0.39,Santa Cruz,Philippines,13.66N,121.38E
1916-06-01,27.065,0.384,Santa Cruz,Philippines,13.66N,121.38E
1916-07-01,27.259,0.599,Santa Cruz,Philippines,13.66N,121.38E
1916-08-01,27.475,0.58,Santa Cruz,Philippines,13.66N,121.38E
1916-09-01,26.573,0.299,Santa Cruz,Philippines,13.66N,121.38E
1916-10-01,26.224,0.276,Santa Cruz,Philippines,13.66N,121.38E
1916-11-01,25.769,0.258,Santa Cruz,Philippines,13.66N,121.38E
1916-12-01,25.255,0.445,Santa Cruz,Philippines,13.66N,121.38E
1917-01-01,24.305,0.608,Santa Cruz,Philippines,13.66N,121.38E
1917-02-01,24.081000000000003,0.44299999999999995,Santa Cruz,Philippines,13.66N,121.38E
1917-03-01,25.635,0.38299999999999995,Santa Cruz,Philippines,13.66N,121.38E
1917-04-01,26.918000000000003,0.34,Santa Cruz,Philippines,13.66N,121.38E
1917-05-01,27.255,0.35100000000000003,Santa Cruz,Philippines,13.66N,121.38E
1917-06-01,27.335,0.293,Santa Cruz,Philippines,13.66N,121.38E
1917-07-01,26.612,0.452,Santa Cruz,Philippines,13.66N,121.38E
1917-08-01,27.365,0.442,Santa Cruz,Philippines,13.66N,121.38E
1917-09-01,26.616999999999997,0.36200000000000004,Santa Cruz,Philippines,13.66N,121.38E
1917-10-01,26.16,0.316,Santa Cruz,Philippines,13.66N,121.38E
1917-11-01,25.518,0.629,Santa Cruz,Philippines,13.66N,121.38E
1917-12-01,24.761,0.41,Santa Cruz,Philippines,13.66N,121.38E
1918-01-01,22.709,0.27899999999999997,Santa Cruz,Philippines,13.66N,121.38E
1918-02-01,23.261999999999997,0.39299999999999996,Santa Cruz,Philippines,13.66N,121.38E
1918-03-01,24.44,0.425,Santa Cruz,Philippines,13.66N,121.38E
1918-04-01,26.093000000000004,0.315,Santa Cruz,Philippines,13.66N,121.38E
1918-05-01,27.758000000000003,0.51,Santa Cruz,Philippines,13.66N,121.38E
1918-06-01,27.134,0.5710000000000001,Santa Cruz,Philippines,13.66N,121.38E
1918-07-01,27.151,0.321,Santa Cruz,Philippines,13.66N,121.38E
1918-08-01,26.671,0.20800000000000002,Santa Cruz,Philippines,13.66N,121.38E
1918-09-01,26.825,0.49700000000000005,Santa Cruz,Philippines,13.66N,121.38E
1918-10-01,26.245,0.475,Santa Cruz,Philippines,13.66N,121.38E
1918-11-01,26.046,0.287,Santa Cruz,Philippines,13.66N,121.38E
1918-12-01,25.0,0.21100000000000002,Santa Cruz,Philippines,13.66N,121.38E
1919-01-01,24.767,0.433,Santa Cruz,Philippines,13.66N,121.38E
1919-02-01,25.021,0.496,Santa Cruz,Philippines,13.66N,121.38E
1919-03-01,26.084,0.527,Santa Cruz,Philippines,13.66N,121.38E
1919-04-01,27.436,0.6,Santa Cruz,Philippines,13.66N,121.38E
1919-05-01,28.541,0.34,Santa Cruz,Philippines,13.66N,121.38E
1919-06-01,27.694000000000006,0.156,Santa Cruz,Philippines,13.66N,121.38E
1919-07-01,27.206,0.36,Santa Cruz,Philippines,13.66N,121.38E
1919-08-01,26.56,0.397,Santa Cruz,Philippines,13.66N,121.38E
1919-09-01,26.719,0.424,Santa Cruz,Philippines,13.66N,121.38E
1919-10-01,26.428,0.307,Santa Cruz,Philippines,13.66N,121.38E
1919-11-01,25.804,0.28,Santa Cruz,Philippines,13.66N,121.38E
1919-12-01,25.136,0.494,Santa Cruz,Philippines,13.66N,121.38E
1920-01-01,24.421999999999997,0.349,Santa Cruz,Philippines,13.66N,121.38E
1920-02-01,25.049000000000003,0.54,Santa Cruz,Philippines,13.66N,121.38E
1920-03-01,25.952,0.293,Santa Cruz,Philippines,13.66N,121.38E
1920-04-01,27.17,0.64,Santa Cruz,Philippines,13.66N,121.38E
1920-05-01,27.57,0.547,Santa Cruz,Philippines,13.66N,121.38E
1920-06-01,27.765,0.37200000000000005,Santa Cruz,Philippines,13.66N,121.38E
1920-07-01,27.206,0.28600000000000003,Santa Cruz,Philippines,13.66N,121.38E
1920-08-01,27.570999999999998,0.456,Santa Cruz,Philippines,13.66N,121.38E
1920-09-01,26.789,0.33899999999999997,Santa Cruz,Philippines,13.66N,121.38E
1920-10-01,26.0,0.303,Santa Cruz,Philippines,13.66N,121.38E
1920-11-01,26.048,0.515,Santa Cruz,Philippines,13.66N,121.38E
1920-12-01,24.819000000000003,0.54,Santa Cruz,Philippines,13.66N,121.38E
1921-01-01,24.61,0.278,Santa Cruz,Philippines,13.66N,121.38E
1921-02-01,24.872,0.535,Santa Cruz,Philippines,13.66N,121.38E
1921-03-01,25.838,0.299,Santa Cruz,Philippines,13.66N,121.38E
1921-04-01,26.904,0.41100000000000003,Santa Cruz,Philippines,13.66N,121.38E
1921-05-01,27.86,0.307,Santa Cruz,Philippines,13.66N,121.38E
1921-06-01,27.250999999999998,0.36200000000000004,Santa Cruz,Philippines,13.66N,121.38E
1921-07-01,27.331999999999997,0.505,Santa Cruz,Philippines,13.66N,121.38E
1921-08-01,27.038,0.24,Santa Cruz,Philippines,13.66N,121.38E
1921-09-01,26.651999999999997,0.467,Santa Cruz,Philippines,13.66N,121.38E
1921-10-01,26.564,0.5579999999999999,Santa Cruz,Philippines,13.66N,121.38E
1921-11-01,25.633000000000006,0.35100000000000003,Santa Cruz,Philippines,13.66N,121.38E
1921-12-01,24.687,0.311,Santa Cruz,Philippines,13.66N,121.38E
1922-01-01,24.944000000000003,0.266,Santa Cruz,Philippines,13.66N,121.38E
1922-02-01,25.041,0.516,Santa Cruz,Philippines,13.66N,121.38E
1922-03-01,25.71,0.19399999999999998,Santa Cruz,Philippines,13.66N,121.38E
1922-04-01,27.339000000000002,0.287,Santa Cruz,Philippines,13.66N,121.38E
1922-05-01,27.396,0.7929999999999999,Santa Cruz,Philippines,13.66N,121.38E
1922-06-01,27.820999999999998,0.231,Santa Cruz,Philippines,13.66N,121.38E
1922-07-01,26.825,0.28800000000000003,Santa Cruz,Philippines,13.66N,121.38E
1922-08-01,26.96,0.41,Santa Cruz,Philippines,13.66N,121.38E
1922-09-01,26.744,0.264,Santa Cruz,Philippines,13.66N,121.38E
1922-10-01,26.386,0.48200000000000004,Santa Cruz,Philippines,13.66N,121.38E
1922-11-01,25.865,0.39299999999999996,Santa Cruz,Philippines,13.66N,121.38E
1922-12-01,25.077,0.23199999999999998,Santa Cruz,Philippines,13.66N,121.38E
1923-01-01,24.212,0.32299999999999995,Santa Cruz,Philippines,13.66N,121.38E
1923-02-01,24.795,0.27399999999999997,Santa Cruz,Philippines,13.66N,121.38E
1923-03-01,24.980999999999998,0.282,Santa Cruz,Philippines,13.66N,121.38E
1923-04-01,26.618000000000002,0.23800000000000002,Santa Cruz,Philippines,13.66N,121.38E
1923-05-01,26.715999999999998,0.37799999999999995,Santa Cruz,Philippines,13.66N,121.38E
1923-06-01,26.662000000000006,0.263,Santa Cruz,Philippines,13.66N,121.38E
1923-07-01,26.698,0.35600000000000004,Santa Cruz,Philippines,13.66N,121.38E
1923-08-01,26.434,0.275,Santa Cruz,Philippines,13.66N,121.38E
1923-09-01,26.686,0.37799999999999995,Santa Cruz,Philippines,13.66N,121.38E
1923-10-01,26.184,0.265,Santa Cruz,Philippines,13.66N,121.38E
1923-11-01,25.522,0.588,Santa Cruz,Philippines,13.66N,121.38E
1923-12-01,24.799,0.599,Santa Cruz,Philippines,13.66N,121.38E
1924-01-01,24.395,0.395,Santa Cruz,Philippines,13.66N,121.38E
1924-02-01,25.098000000000006,0.635,Santa Cruz,Philippines,13.66N,121.38E
1924-03-01,25.705,0.484,Santa Cruz,Philippines,13.66N,121.38E
1924-04-01,27.072,0.521,Santa Cruz,Philippines,13.66N,121.38E
1924-05-01,27.971,0.528,Santa Cruz,Philippines,13.66N,121.38E
1924-06-01,27.364,0.355,Santa Cruz,Philippines,13.66N,121.38E
1924-07-01,26.781,0.295,Santa Cruz,Philippines,13.66N,121.38E
1924-08-01,26.944000000000006,0.359,Santa Cruz,Philippines,13.66N,121.38E
1924-09-01,26.943,0.423,Santa Cruz,Philippines,13.66N,121.38E
1924-10-01,26.269000000000002,0.33,Santa Cruz,Philippines,13.66N,121.38E
1924-11-01,25.263,0.518,Santa Cruz,Philippines,13.66N,121.38E
1924-12-01,24.124000000000002,0.452,Santa Cruz,Philippines,13.66N,121.38E
1925-01-01,24.955,0.593,Santa Cruz,Philippines,13.66N,121.38E
1925-02-01,24.403,0.521,Santa Cruz,Philippines,13.66N,121.38E
1925-03-01,25.445999999999998,0.461,Santa Cruz,Philippines,13.66N,121.38E
1925-04-01,26.544,0.305,Santa Cruz,Philippines,13.66N,121.38E
1925-05-01,27.405,0.55,Santa Cruz,Philippines,13.66N,121.38E
1925-06-01,26.971999999999998,0.3,Santa Cruz,Philippines,13.66N,121.38E
1925-07-01,26.772,0.24100000000000002,Santa Cruz,Philippines,13.66N,121.38E
1925-08-01,27.016,0.28,Santa Cruz,Philippines,13.66N,121.38E
1925-09-01,26.781999999999996,0.146,Santa Cruz,Philippines,13.66N,121.38E
1925-10-01,25.682,0.354,Santa Cruz,Philippines,13.66N,121.38E
1925-11-01,25.772,0.28600000000000003,Santa Cruz,Philippines,13.66N,121.38E
1925-12-01,24.244,0.26,Santa Cruz,Philippines,13.66N,121.38E
1926-01-01,24.092,0.405,Santa Cruz,Philippines,13.66N,121.38E
1926-02-01,24.855,0.29100000000000004,Santa Cruz,Philippines,13.66N,121.38E
1926-03-01,25.516,0.439,Santa Cruz,Philippines,13.66N,121.38E
1926-04-01,27.139,0.409,Santa Cruz,Philippines,13.66N,121.38E
1926-05-01,28.507,0.289,Santa Cruz,Philippines,13.66N,121.38E
1926-06-01,27.39,0.302,Santa Cruz,Philippines,13.66N,121.38E
1926-07-01,26.886999999999997,0.268,Santa Cruz,Philippines,13.66N,121.38E
1926-08-01,26.712,0.29600000000000004,Santa Cruz,Philippines,13.66N,121.38E
1926-09-01,26.779,0.365,Santa Cruz,Philippines,13.66N,121.38E
1926-10-01,26.303,0.379,Santa Cruz,Philippines,13.66N,121.38E
1926-11-01,25.709,0.188,Santa Cruz,Philippines,13.66N,121.38E
1926-12-01,24.714000000000002,0.33,Santa Cruz,Philippines,13.66N,121.38E
1927-01-01,24.345,0.331,Santa Cruz,Philippines,13.66N,121.38E
1927-02-01,24.886999999999997,0.243,Santa Cruz,Philippines,13.66N,121.38E
1927-03-01,25.944000000000003,0.29600000000000004,Santa Cruz,Philippines,13.66N,121.38E
1927-04-01,26.781999999999996,0.28800000000000003,Santa Cruz,Philippines,13.66N,121.38E
1927-05-01,27.736,0.28800000000000003,Santa Cruz,Philippines,13.66N,121.38E
1927-06-01,27.281999999999996,0.583,Santa Cruz,Philippines,13.66N,121.38E
1927-07-01,26.953000000000003,0.258,Santa Cruz,Philippines,13.66N,121.38E
1927-08-01,26.658,0.301,Santa Cruz,Philippines,13.66N,121.38E
1927-09-01,27.098000000000003,0.381,Santa Cruz,Philippines,13.66N,121.38E
1927-10-01,26.137,0.33799999999999997,Santa Cruz,Philippines,13.66N,121.38E
1927-11-01,25.883000000000006,0.39399999999999996,Santa Cruz,Philippines,13.66N,121.38E
1927-12-01,25.401,0.478,Santa Cruz,Philippines,13.66N,121.38E
1928-01-01,25.083000000000002,0.38299999999999995,Santa Cruz,Philippines,13.66N,121.38E
1928-02-01,24.807,0.589,Santa Cruz,Philippines,13.66N,121.38E
1928-03-01,25.642,0.705,Santa Cruz,Philippines,13.66N,121.38E
1928-04-01,26.597,0.40700000000000003,Santa Cruz,Philippines,13.66N,121.38E
1928-05-01,27.866999999999997,0.43200000000000005,Santa Cruz,Philippines,13.66N,121.38E
1928-06-01,27.069000000000006,0.319,Santa Cruz,Philippines,13.66N,121.38E
1928-07-01,27.003,0.259,Santa Cruz,Philippines,13.66N,121.38E
1928-08-01,27.616999999999997,0.409,Santa Cruz,Philippines,13.66N,121.38E
1928-09-01,26.837,0.713,Santa Cruz,Philippines,13.66N,121.38E
1928-10-01,25.851,0.32799999999999996,Santa Cruz,Philippines,13.66N,121.38E
1928-11-01,25.941000000000006,0.442,Santa Cruz,Philippines,13.66N,121.38E
1928-12-01,24.636,0.532,Santa Cruz,Philippines,13.66N,121.38E
1929-01-01,23.68,0.368,Santa Cruz,Philippines,13.66N,121.38E
1929-02-01,24.644,0.22899999999999998,Santa Cruz,Philippines,13.66N,121.38E
1929-03-01,25.223000000000003,0.42700000000000005,Santa Cruz,Philippines,13.66N,121.38E
1929-04-01,26.646,0.38,Santa Cruz,Philippines,13.66N,121.38E
1929-05-01,27.792,0.322,Santa Cruz,Philippines,13.66N,121.38E
1929-06-01,27.781,0.21600000000000003,Santa Cruz,Philippines,13.66N,121.38E
1929-07-01,26.58,0.316,Santa Cruz,Philippines,13.66N,121.38E
1929-08-01,26.563,0.265,Santa Cruz,Philippines,13.66N,121.38E
1929-09-01,26.738000000000003,0.381,Santa Cruz,Philippines,13.66N,121.38E
1929-10-01,25.858,0.21600000000000003,Santa Cruz,Philippines,13.66N,121.38E
1929-11-01,25.735,0.382,Santa Cruz,Philippines,13.66N,121.38E
1929-12-01,24.827,0.327,Santa Cruz,Philippines,13.66N,121.38E
1930-01-01,24.853,0.479,Santa Cruz,Philippines,13.66N,121.38E
1930-02-01,24.451999999999998,0.439,Santa Cruz,Philippines,13.66N,121.38E
1930-03-01,25.79,0.305,Santa Cruz,Philippines,13.66N,121.38E
1930-04-01,26.651,0.534,Santa Cruz,Philippines,13.66N,121.38E
1930-05-01,27.276999999999997,0.34700000000000003,Santa Cruz,Philippines,13.66N,121.38E
1930-06-01,27.421999999999997,0.289,Santa Cruz,Philippines,13.66N,121.38E
1930-07-01,27.28,0.418,Santa Cruz,Philippines,13.66N,121.38E
1930-08-01,27.066999999999997,0.214,Santa Cruz,Philippines,13.66N,121.38E
1930-09-01,27.311999999999998,0.278,Santa Cruz,Philippines,13.66N,121.38E
1930-10-01,27.109,0.165,Santa Cruz,Philippines,13.66N,121.38E
1930-11-01,26.128,0.25,Santa Cruz,Philippines,13.66N,121.38E
1930-12-01,25.325,0.36200000000000004,Santa Cruz,Philippines,13.66N,121.38E
1931-01-01,25.094,0.39399999999999996,Santa Cruz,Philippines,13.66N,121.38E
1931-02-01,25.353,0.5539999999999999,Santa Cruz,Philippines,13.66N,121.38E
1931-03-01,26.485,0.61,Santa Cruz,Philippines,13.66N,121.38E
1931-04-01,27.563000000000002,0.532,Santa Cruz,Philippines,13.66N,121.38E
1931-05-01,28.38,0.408,Santa Cruz,Philippines,13.66N,121.38E
1931-06-01,28.261000000000006,0.384,Santa Cruz,Philippines,13.66N,121.38E
1931-07-01,27.472,0.456,Santa Cruz,Philippines,13.66N,121.38E
1931-08-01,26.994,0.285,Santa Cruz,Philippines,13.66N,121.38E
1931-09-01,27.038,0.278,Santa Cruz,Philippines,13.66N,121.38E
1931-10-01,26.221,0.303,Santa Cruz,Philippines,13.66N,121.38E
1931-11-01,25.65,0.237,Santa Cruz,Philippines,13.66N,121.38E
1931-12-01,24.941999999999997,0.3,Santa Cruz,Philippines,13.66N,121.38E
1932-01-01,23.656999999999996,0.565,Santa Cruz,Philippines,13.66N,121.38E
1932-02-01,24.301,0.47700000000000004,Santa Cruz,Philippines,13.66N,121.38E
1932-03-01,25.16,0.625,Santa Cruz,Philippines,13.66N,121.38E
1932-04-01,26.892,0.445,Santa Cruz,Philippines,13.66N,121.38E
1932-05-01,27.846999999999998,0.325,Santa Cruz,Philippines,13.66N,121.38E
1932-06-01,27.451999999999998,0.34299999999999997,Santa Cruz,Philippines,13.66N,121.38E
1932-07-01,26.9,0.45899999999999996,Santa Cruz,Philippines,13.66N,121.38E
1932-08-01,27.381,0.235,Santa Cruz,Philippines,13.66N,121.38E
1932-09-01,26.912,0.37799999999999995,Santa Cruz,Philippines,13.66N,121.38E
1932-10-01,26.522,0.214,Santa Cruz,Philippines,13.66N,121.38E
1932-11-01,25.730999999999998,0.25,Santa Cruz,Philippines,13.66N,121.38E
1932-12-01,24.963,0.303,Santa Cruz,Philippines,13.66N,121.38E
1933-01-01,24.506,0.387,Santa Cruz,Philippines,13.66N,121.38E
1933-02-01,25.009,0.391,Santa Cruz,Philippines,13.66N,121.38E
1933-03-01,25.585,0.35100000000000003,Santa Cruz,Philippines,13.66N,121.38E
1933-04-01,27.243000000000002,0.313,Santa Cruz,Philippines,13.66N,121.38E
1933-05-01,28.534000000000002,0.353,Santa Cruz,Philippines,13.66N,121.38E
1933-06-01,27.511999999999997,0.307,Santa Cruz,Philippines,13.66N,121.38E
1933-07-01,27.094,0.21100000000000002,Santa Cruz,Philippines,13.66N,121.38E
1933-08-01,27.127,0.48100000000000004,Santa Cruz,Philippines,13.66N,121.38E
1933-09-01,26.877,0.222,Santa Cruz,Philippines,13.66N,121.38E
1933-10-01,25.886,0.21,Santa Cruz,Philippines,13.66N,121.38E
1933-11-01,25.554,0.278,Santa Cruz,Philippines,13.66N,121.38E
1933-12-01,24.677,0.385,Santa Cruz,Philippines,13.66N,121.38E
1934-01-01,24.419,0.40299999999999997,Santa Cruz,Philippines,13.66N,121.38E
1934-02-01,23.881,0.36200000000000004,Santa Cruz,Philippines,13.66N,121.38E
1934-03-01,25.175,0.38,Santa Cruz,Philippines,13.66N,121.38E
1934-04-01,26.276999999999997,0.271,Santa Cruz,Philippines,13.66N,121.38E
1934-05-01,26.845,0.737,Santa Cruz,Philippines,13.66N,121.38E
1934-06-01,27.445999999999998,0.248,Santa Cruz,Philippines,13.66N,121.38E
1934-07-01,26.941,0.21899999999999997,Santa Cruz,Philippines,13.66N,121.38E
1934-08-01,26.883000000000006,0.41200000000000003,Santa Cruz,Philippines,13.66N,121.38E
1934-09-01,26.545,0.188,Santa Cruz,Philippines,13.66N,121.38E
1934-10-01,26.091,0.382,Santa Cruz,Philippines,13.66N,121.38E
1934-11-01,25.795,0.204,Santa Cruz,Philippines,13.66N,121.38E
1934-12-01,24.37,0.312,Santa Cruz,Philippines,13.66N,121.38E
1935-01-01,23.963,0.395,Santa Cruz,Philippines,13.66N,121.38E
1935-02-01,24.737,0.314,Santa Cruz,Philippines,13.66N,121.38E
1935-03-01,25.717,0.446,Santa Cruz,Philippines,13.66N,121.38E
1935-04-01,27.042,0.276,Santa Cruz,Philippines,13.66N,121.38E
1935-05-01,27.335,0.29100000000000004,Santa Cruz,Philippines,13.66N,121.38E
1935-06-01,27.695,0.23800000000000002,Santa Cruz,Philippines,13.66N,121.38E
1935-07-01,26.96,0.156,Santa Cruz,Philippines,13.66N,121.38E
1935-08-01,27.474,0.373,Santa Cruz,Philippines,13.66N,121.38E
1935-09-01,26.596999999999998,0.23399999999999999,Santa Cruz,Philippines,13.66N,121.38E
1935-10-01,26.601,0.23600000000000002,Santa Cruz,Philippines,13.66N,121.38E
1935-11-01,25.909,0.5329999999999999,Santa Cruz,Philippines,13.66N,121.38E
1935-12-01,24.698,0.442,Santa Cruz,Philippines,13.66N,121.38E
1936-01-01,24.551,0.355,Santa Cruz,Philippines,13.66N,121.38E
1936-02-01,25.002,0.618,Santa Cruz,Philippines,13.66N,121.38E
1936-03-01,25.953000000000003,0.451,Santa Cruz,Philippines,13.66N,121.38E
1936-04-01,26.764,0.366,Santa Cruz,Philippines,13.66N,121.38E
1936-05-01,28.083000000000002,0.375,Santa Cruz,Philippines,13.66N,121.38E
1936-06-01,27.6,0.342,Santa Cruz,Philippines,13.66N,121.38E
1936-07-01,27.063000000000002,0.29,Santa Cruz,Philippines,13.66N,121.38E
1936-08-01,26.805999999999997,0.256,Santa Cruz,Philippines,13.66N,121.38E
1936-09-01,26.776999999999997,0.182,Santa Cruz,Philippines,13.66N,121.38E
1936-10-01,26.455,0.36,Santa Cruz,Philippines,13.66N,121.38E
1936-11-01,25.622,0.24,Santa Cruz,Philippines,13.66N,121.38E
1936-12-01,25.715,0.306,Santa Cruz,Philippines,13.66N,121.38E
1937-01-01,25.294,0.309,Santa Cruz,Philippines,13.66N,121.38E
1937-02-01,25.23,0.3,Santa Cruz,Philippines,13.66N,121.38E
1937-03-01,25.93,0.474,Santa Cruz,Philippines,13.66N,121.38E
1937-04-01,27.159000000000002,0.221,Santa Cruz,Philippines,13.66N,121.38E
1937-05-01,27.65,0.256,Santa Cruz,Philippines,13.66N,121.38E
1937-06-01,28.101999999999997,0.475,Santa Cruz,Philippines,13.66N,121.38E
1937-07-01,27.146,0.307,Santa Cruz,Philippines,13.66N,121.38E
1937-08-01,27.149,0.257,Santa Cruz,Philippines,13.66N,121.38E
1937-09-01,26.991,0.258,Santa Cruz,Philippines,13.66N,121.38E
1937-10-01,26.029,0.242,Santa Cruz,Philippines,13.66N,121.38E
1937-11-01,25.969,0.27399999999999997,Santa Cruz,Philippines,13.66N,121.38E
1937-12-01,25.479,0.40399999999999997,Santa Cruz,Philippines,13.66N,121.38E
1938-01-01,24.779,0.433,Santa Cruz,Philippines,13.66N,121.38E
1938-02-01,25.046999999999997,0.47,Santa Cruz,Philippines,13.66N,121.38E
1938-03-01,26.138,0.317,Santa Cruz,Philippines,13.66N,121.38E
1938-04-01,26.478,0.34700000000000003,Santa Cruz,Philippines,13.66N,121.38E
1938-05-01,27.311,0.386,Santa Cruz,Philippines,13.66N,121.38E
1938-06-01,27.0,0.396,Santa Cruz,Philippines,13.66N,121.38E
1938-07-01,27.083000000000002,0.331,Santa Cruz,Philippines,13.66N,121.38E
1938-08-01,27.743,0.20600000000000002,Santa Cruz,Philippines,13.66N,121.38E
1938-09-01,27.239,0.312,Santa Cruz,Philippines,13.66N,121.38E
1938-10-01,26.264,0.324,Santa Cruz,Philippines,13.66N,121.38E
1938-11-01,25.619,0.266,Santa Cruz,Philippines,13.66N,121.38E
1938-12-01,25.028000000000002,0.293,Santa Cruz,Philippines,13.66N,121.38E
1939-01-01,24.268,0.34299999999999997,Santa Cruz,Philippines,13.66N,121.38E
1939-02-01,24.426,0.496,Santa Cruz,Philippines,13.66N,121.38E
1939-03-01,25.764,0.49200000000000005,Santa Cruz,Philippines,13.66N,121.38E
1939-04-01,26.829,0.611,Santa Cruz,Philippines,13.66N,121.38E
1939-05-01,27.323,0.42200000000000004,Santa Cruz,Philippines,13.66N,121.38E
1939-06-01,27.721999999999998,0.569,Santa Cruz,Philippines,13.66N,121.38E
1939-07-01,27.55,0.24,Santa Cruz,Philippines,13.66N,121.38E
1939-08-01,27.539,0.47,Santa Cruz,Philippines,13.66N,121.38E
1939-09-01,27.241,0.41,Santa Cruz,Philippines,13.66N,121.38E
1939-10-01,26.771,0.26899999999999996,Santa Cruz,Philippines,13.66N,121.38E
1939-11-01,26.191000000000006,0.195,Santa Cruz,Philippines,13.66N,121.38E
1939-12-01,24.008000000000003,0.28600000000000003,Santa Cruz,Philippines,13.66N,121.38E
1940-01-01,24.247,0.499,Santa Cruz,Philippines,13.66N,121.38E
1940-02-01,24.405,0.615,Santa Cruz,Philippines,13.66N,121.38E
1940-03-01,25.837,0.585,Santa Cruz,Philippines,13.66N,121.38E
1940-04-01,26.708000000000002,0.8,Santa Cruz,Philippines,13.66N,121.38E
1940-05-01,27.903000000000002,1.004,Santa Cruz,Philippines,13.66N,121.38E
1940-06-01,27.875999999999998,0.38799999999999996,Santa Cruz,Philippines,13.66N,121.38E
1940-07-01,27.163,0.284,Santa Cruz,Philippines,13.66N,121.38E
1940-08-01,26.953000000000003,0.292,Santa Cruz,Philippines,13.66N,121.38E
1940-09-01,27.17,0.46,Santa Cruz,Philippines,13.66N,121.38E
1940-10-01,26.833000000000002,0.466,Santa Cruz,Philippines,13.66N,121.38E
1940-11-01,26.346999999999998,0.35200000000000004,Santa Cruz,Philippines,13.66N,121.38E
1940-12-01,25.421,0.785,Santa Cruz,Philippines,13.66N,121.38E
1941-01-01,25.689,0.858,Santa Cruz,Philippines,13.66N,121.38E
1941-02-01,25.72,0.627,Santa Cruz,Philippines,13.66N,121.38E
1941-03-01,25.92,0.738,Santa Cruz,Philippines,13.66N,121.38E
1941-04-01,27.128,0.8690000000000001,Santa Cruz,Philippines,13.66N,121.38E
1941-05-01,28.243000000000002,0.721,Santa Cruz,Philippines,13.66N,121.38E
1941-06-01,27.874,0.475,Santa Cruz,Philippines,13.66N,121.38E
1941-07-01,27.693,0.652,Santa Cruz,Philippines,13.66N,121.38E
1941-08-01,27.539,0.597,Santa Cruz,Philippines,13.66N,121.38E
1941-09-01,27.231,0.521,Santa Cruz,Philippines,13.66N,121.38E
1941-10-01,26.838,0.489,Santa Cruz,Philippines,13.66N,121.38E
1941-11-01,26.476000000000006,0.67,Santa Cruz,Philippines,13.66N,121.38E
1941-12-01,25.545,0.765,Santa Cruz,Philippines,13.66N,121.38E
1942-01-01,24.554000000000002,0.87,Santa Cruz,Philippines,13.66N,121.38E
1942-02-01,25.404,0.8220000000000001,Santa Cruz,Philippines,13.66N,121.38E
1942-03-01,27.348000000000003,0.774,Santa Cruz,Philippines,13.66N,121.38E
1942-04-01,27.34,0.657,Santa Cruz,Philippines,13.66N,121.38E
1942-05-01,27.962,0.706,Santa Cruz,Philippines,13.66N,121.38E
1942-06-01,27.775,0.6409999999999999,Santa Cruz,Philippines,13.66N,121.38E
1942-07-01,26.522,0.626,Santa Cruz,Philippines,13.66N,121.38E
1942-08-01,27.043000000000006,0.557,Santa Cruz,Philippines,13.66N,121.38E
1942-09-01,26.511,0.51,Santa Cruz,Philippines,13.66N,121.38E
1942-10-01,26.484,0.6659999999999999,Santa Cruz,Philippines,13.66N,121.38E
1942-11-01,25.783,0.733,Santa Cruz,Philippines,13.66N,121.38E
1942-12-01,25.156999999999996,0.723,Santa Cruz,Philippines,13.66N,121.38E
1943-01-01,24.474,1.015,Santa Cruz,Philippines,13.66N,121.38E
1943-02-01,24.761999999999997,0.772,Santa Cruz,Philippines,13.66N,121.38E
1943-03-01,26.344,0.742,Santa Cruz,Philippines,13.66N,121.38E
1943-04-01,26.734,0.71,Santa Cruz,Philippines,13.66N,121.38E
1943-05-01,27.925,0.6729999999999999,Santa Cruz,Philippines,13.66N,121.38E
1943-06-01,26.91,0.61,Santa Cruz,Philippines,13.66N,121.38E
1943-07-01,27.008000000000003,0.556,Santa Cruz,Philippines,13.66N,121.38E
1943-08-01,26.247,0.775,Santa Cruz,Philippines,13.66N,121.38E
1943-09-01,27.096999999999998,0.546,Santa Cruz,Philippines,13.66N,121.38E
1943-10-01,26.175,0.8,Santa Cruz,Philippines,13.66N,121.38E
1943-11-01,25.998,0.758,Santa Cruz,Philippines,13.66N,121.38E
1943-12-01,24.953000000000003,0.813,Santa Cruz,Philippines,13.66N,121.38E
1944-01-01,25.465999999999998,1.095,Santa Cruz,Philippines,13.66N,121.38E
1944-02-01,24.910999999999998,1.028,Santa Cruz,Philippines,13.66N,121.38E
1944-03-01,25.041,0.9840000000000001,Santa Cruz,Philippines,13.66N,121.38E
1944-04-01,27.127,0.845,Santa Cruz,Philippines,13.66N,121.38E
1944-05-01,28.041,0.899,Santa Cruz,Philippines,13.66N,121.38E
1944-06-01,27.624,0.843,Santa Cruz,Philippines,13.66N,121.38E
1944-07-01,26.935,0.763,Santa Cruz,Philippines,13.66N,121.38E
1944-08-01,26.818,0.741,Santa Cruz,Philippines,13.66N,121.38E
1944-09-01,27.32,0.736,Santa Cruz,Philippines,13.66N,121.38E
1944-10-01,27.089000000000002,0.733,Santa Cruz,Philippines,13.66N,121.38E
1944-11-01,26.314,0.809,Santa Cruz,Philippines,13.66N,121.38E
1944-12-01,23.885,1.442,Santa Cruz,Philippines,13.66N,121.38E
1945-01-01,24.116,0.828,Santa Cruz,Philippines,13.66N,121.38E
1945-02-01,24.525,2.54,Santa Cruz,Philippines,13.66N,121.38E
1945-03-01,25.846999999999998,0.696,Santa Cruz,Philippines,13.66N,121.38E
1945-04-01,27.218000000000004,0.86,Santa Cruz,Philippines,13.66N,121.38E
1945-05-01,27.416,0.61,Santa Cruz,Philippines,13.66N,121.38E
1945-06-01,27.410999999999998,0.28300000000000003,Santa Cruz,Philippines,13.66N,121.38E
1945-07-01,27.078000000000003,0.5539999999999999,Santa Cruz,Philippines,13.66N,121.38E
1945-08-01,27.261000000000006,0.256,Santa Cruz,Philippines,13.66N,121.38E
1945-09-01,26.674,0.43799999999999994,Santa Cruz,Philippines,13.66N,121.38E
1945-10-01,26.356,0.535,Santa Cruz,Philippines,13.66N,121.38E
1945-11-01,25.929,0.564,Santa Cruz,Philippines,13.66N,121.38E
1945-12-01,25.083000000000002,0.9279999999999999,Santa Cruz,Philippines,13.66N,121.38E
1946-01-01,25.573,0.6920000000000001,Santa Cruz,Philippines,13.66N,121.38E
1946-02-01,25.962,0.91,Santa Cruz,Philippines,13.66N,121.38E
1946-03-01,26.486,0.982,Santa Cruz,Philippines,13.66N,121.38E
1946-04-01,27.488000000000003,0.5539999999999999,Santa Cruz,Philippines,13.66N,121.38E
1946-05-01,27.927,0.73,Santa Cruz,Philippines,13.66N,121.38E
1946-06-01,27.381999999999998,0.439,Santa Cruz,Philippines,13.66N,121.38E
1946-07-01,27.203000000000003,0.433,Santa Cruz,Philippines,13.66N,121.38E
1946-08-01,26.836,0.46,Santa Cruz,Philippines,13.66N,121.38E
1946-09-01,26.714000000000002,0.601,Santa Cruz,Philippines,13.66N,121.38E
1946-10-01,26.202,0.27399999999999997,Santa Cruz,Philippines,13.66N,121.38E
1946-11-01,26.636999999999997,0.602,Santa Cruz,Philippines,13.66N,121.38E
1946-12-01,25.964000000000002,0.402,Santa Cruz,Philippines,13.66N,121.38E
1947-01-01,25.761999999999997,0.687,Santa Cruz,Philippines,13.66N,121.38E
1947-02-01,25.427000000000003,0.39299999999999996,Santa Cruz,Philippines,13.66N,121.38E
1947-03-01,26.638,0.34,Santa Cruz,Philippines,13.66N,121.38E
1947-04-01,27.753,0.331,Santa Cruz,Philippines,13.66N,121.38E
1947-05-01,28.191,0.275,Santa Cruz,Philippines,13.66N,121.38E
1947-06-01,27.901999999999997,0.35700000000000004,Santa Cruz,Philippines,13.66N,121.38E
1947-07-01,27.64,0.7040000000000001,Santa Cruz,Philippines,13.66N,121.38E
1947-08-01,27.244,0.586,Santa Cruz,Philippines,13.66N,121.38E
1947-09-01,27.298000000000002,0.743,Santa Cruz,Philippines,13.66N,121.38E
1947-10-01,26.599,0.446,Santa Cruz,Philippines,13.66N,121.38E
1947-11-01,25.721999999999998,0.6890000000000001,Santa Cruz,Philippines,13.66N,121.38E
1947-12-01,25.398000000000003,0.498,Santa Cruz,Philippines,13.66N,121.38E
1948-01-01,24.372,0.321,Santa Cruz,Philippines,13.66N,121.38E
1948-02-01,25.64,0.452,Santa Cruz,Philippines,13.66N,121.38E
1948-03-01,26.095,0.728,Santa Cruz,Philippines,13.66N,121.38E
1948-04-01,27.591,0.8170000000000001,Santa Cruz,Philippines,13.66N,121.38E
1948-05-01,28.209,0.57,Santa Cruz,Philippines,13.66N,121.38E
1948-06-01,27.805,0.7020000000000001,Santa Cruz,Philippines,13.66N,121.38E
1948-07-01,27.279,0.527,Santa Cruz,Philippines,13.66N,121.38E
1948-08-01,27.116,0.28,Santa Cruz,Philippines,13.66N,121.38E
1948-09-01,26.546999999999997,0.294,Santa Cruz,Philippines,13.66N,121.38E
1948-10-01,26.454,0.285,Santa Cruz,Philippines,13.66N,121.38E
1948-11-01,25.253,0.21600000000000003,Santa Cruz,Philippines,13.66N,121.38E
1948-12-01,25.325,0.46399999999999997,Santa Cruz,Philippines,13.66N,121.38E
1949-01-01,24.323,0.665,Santa Cruz,Philippines,13.66N,121.38E
1949-02-01,25.250999999999998,0.534,Santa Cruz,Philippines,13.66N,121.38E
1949-03-01,26.011,0.606,Santa Cruz,Philippines,13.66N,121.38E
1949-04-01,27.286,0.925,Santa Cruz,Philippines,13.66N,121.38E
1949-05-01,28.464000000000002,0.256,Santa Cruz,Philippines,13.66N,121.38E
1949-06-01,27.764,0.46399999999999997,Santa Cruz,Philippines,13.66N,121.38E
1949-07-01,27.406999999999996,0.287,Santa Cruz,Philippines,13.66N,121.38E
1949-08-01,27.325000000000006,0.34,Santa Cruz,Philippines,13.66N,121.38E
1949-09-01,27.191,0.273,Santa Cruz,Philippines,13.66N,121.38E
1949-10-01,26.448,0.223,Santa Cruz,Philippines,13.66N,121.38E
1949-11-01,25.963,0.574,Santa Cruz,Philippines,13.66N,121.38E
1949-12-01,25.427,0.433,Santa Cruz,Philippines,13.66N,121.38E
1950-01-01,25.186,0.518,Santa Cruz,Philippines,13.66N,121.38E
1950-02-01,25.586,0.406,Santa Cruz,Philippines,13.66N,121.38E
1950-03-01,26.383000000000003,0.595,Santa Cruz,Philippines,13.66N,121.38E
1950-04-01,27.462,0.607,Santa Cruz,Philippines,13.66N,121.38E
1950-05-01,28.132,0.493,Santa Cruz,Philippines,13.66N,121.38E
1950-06-01,27.26,0.722,Santa Cruz,Philippines,13.66N,121.38E
1950-07-01,26.825,0.735,Santa Cruz,Philippines,13.66N,121.38E
1950-08-01,27.291,0.594,Santa Cruz,Philippines,13.66N,121.38E
1950-09-01,26.945,0.344,Santa Cruz,Philippines,13.66N,121.38E
1950-10-01,26.229,0.32799999999999996,Santa Cruz,Philippines,13.66N,121.38E
1950-11-01,26.12,0.31,Santa Cruz,Philippines,13.66N,121.38E
1950-12-01,24.728,0.509,Santa Cruz,Philippines,13.66N,121.38E
1951-01-01,25.063000000000002,0.276,Santa Cruz,Philippines,13.66N,121.38E
1951-02-01,25.462,0.284,Santa Cruz,Philippines,13.66N,121.38E
1951-03-01,26.278000000000002,0.28600000000000003,Santa Cruz,Philippines,13.66N,121.38E
1951-04-01,27.838,0.222,Santa Cruz,Philippines,13.66N,121.38E
1951-05-01,27.622,0.251,Santa Cruz,Philippines,13.66N,121.38E
1951-06-01,27.444000000000006,0.40700000000000003,Santa Cruz,Philippines,13.66N,121.38E
1951-07-01,27.408,0.355,Santa Cruz,Philippines,13.66N,121.38E
1951-08-01,27.288,0.122,Santa Cruz,Philippines,13.66N,121.38E
1951-09-01,27.171,0.385,Santa Cruz,Philippines,13.66N,121.38E
1951-10-01,27.045,0.17300000000000001,Santa Cruz,Philippines,13.66N,121.38E
1951-11-01,26.68,0.304,Santa Cruz,Philippines,13.66N,121.38E
1951-12-01,25.496,0.245,Santa Cruz,Philippines,13.66N,121.38E
1952-01-01,25.278000000000002,0.214,Santa Cruz,Philippines,13.66N,121.38E
1952-02-01,25.788,0.11800000000000001,Santa Cruz,Philippines,13.66N,121.38E
1952-03-01,26.579,0.163,Santa Cruz,Philippines,13.66N,121.38E
1952-04-01,27.609,0.239,Santa Cruz,Philippines,13.66N,121.38E
1952-05-01,28.287,0.245,Santa Cruz,Philippines,13.66N,121.38E
1952-06-01,27.489,0.44,Santa Cruz,Philippines,13.66N,121.38E
1952-07-01,27.581,0.235,Santa Cruz,Philippines,13.66N,121.38E
1952-08-01,26.401999999999997,0.152,Santa Cruz,Philippines,13.66N,121.38E
1952-09-01,26.815,0.198,Santa Cruz,Philippines,13.66N,121.38E
1952-10-01,26.412,0.207,Santa Cruz,Philippines,13.66N,121.38E
1952-11-01,26.419,0.18100000000000002,Santa Cruz,Philippines,13.66N,121.38E
1952-12-01,25.501,0.113,Santa Cruz,Philippines,13.66N,121.38E
1953-01-01,24.991,0.19699999999999998,Santa Cruz,Philippines,13.66N,121.38E
1953-02-01,25.654,0.228,Santa Cruz,Philippines,13.66N,121.38E
1953-03-01,26.732,0.183,Santa Cruz,Philippines,13.66N,121.38E
1953-04-01,27.699,0.239,Santa Cruz,Philippines,13.66N,121.38E
1953-05-01,28.193,0.243,Santa Cruz,Philippines,13.66N,121.38E
1953-06-01,27.42,0.221,Santa Cruz,Philippines,13.66N,121.38E
1953-07-01,27.253,0.344,Santa Cruz,Philippines,13.66N,121.38E
1953-08-01,27.241999999999997,0.153,Santa Cruz,Philippines,13.66N,121.38E
1953-09-01,27.275,0.23399999999999999,Santa Cruz,Philippines,13.66N,121.38E
1953-10-01,26.989,0.15,Santa Cruz,Philippines,13.66N,121.38E
1953-11-01,26.776,0.13,Santa Cruz,Philippines,13.66N,121.38E
1953-12-01,25.314,0.21,Santa Cruz,Philippines,13.66N,121.38E
1954-01-01,25.616,0.228,Santa Cruz,Philippines,13.66N,121.38E
1954-02-01,26.09,0.33399999999999996,Santa Cruz,Philippines,13.66N,121.38E
1954-03-01,26.386999999999997,0.24100000000000002,Santa Cruz,Philippines,13.66N,121.38E
1954-04-01,27.851999999999997,0.326,Santa Cruz,Philippines,13.66N,121.38E
1954-05-01,28.531,0.121,Santa Cruz,Philippines,13.66N,121.38E
1954-06-01,27.905,0.17600000000000002,Santa Cruz,Philippines,13.66N,121.38E
1954-07-01,27.44,0.38799999999999996,Santa Cruz,Philippines,13.66N,121.38E
1954-08-01,27.096999999999998,0.151,Santa Cruz,Philippines,13.66N,121.38E
1954-09-01,26.946,0.23399999999999999,Santa Cruz,Philippines,13.66N,121.38E
1954-10-01,26.686,0.237,Santa Cruz,Philippines,13.66N,121.38E
1954-11-01,25.824,0.145,Santa Cruz,Philippines,13.66N,121.38E
1954-12-01,24.886999999999997,0.26,Santa Cruz,Philippines,13.66N,121.38E
1955-01-01,24.570999999999998,0.217,Santa Cruz,Philippines,13.66N,121.38E
1955-02-01,25.199,0.231,Santa Cruz,Philippines,13.66N,121.38E
1955-03-01,26.112,0.24100000000000002,Santa Cruz,Philippines,13.66N,121.38E
1955-04-01,27.439,0.209,Santa Cruz,Philippines,13.66N,121.38E
1955-05-01,28.304000000000002,0.24100000000000002,Santa Cruz,Philippines,13.66N,121.38E
1955-06-01,27.584,0.22399999999999998,Santa Cruz,Philippines,13.66N,121.38E
1955-07-01,27.212,0.243,Santa Cruz,Philippines,13.66N,121.38E
1955-08-01,27.415000000000006,0.27699999999999997,Santa Cruz,Philippines,13.66N,121.38E
1955-09-01,27.418000000000003,0.251,Santa Cruz,Philippines,13.66N,121.38E
1955-10-01,26.736,0.29600000000000004,Santa Cruz,Philippines,13.66N,121.38E
1955-11-01,26.16,0.264,Santa Cruz,Philippines,13.66N,121.38E
1955-12-01,24.52,0.205,Santa Cruz,Philippines,13.66N,121.38E
1956-01-01,24.9,0.185,Santa Cruz,Philippines,13.66N,121.38E
1956-02-01,25.641,0.142,Santa Cruz,Philippines,13.66N,121.38E
1956-03-01,26.489,0.341,Santa Cruz,Philippines,13.66N,121.38E
1956-04-01,26.98,0.27399999999999997,Santa Cruz,Philippines,13.66N,121.38E
1956-05-01,27.564,0.251,Santa Cruz,Philippines,13.66N,121.38E
1956-06-01,27.713,0.18899999999999997,Santa Cruz,Philippines,13.66N,121.38E
1956-07-01,27.423000000000002,0.21100000000000002,Santa Cruz,Philippines,13.66N,121.38E
1956-08-01,26.857000000000006,0.18100000000000002,Santa Cruz,Philippines,13.66N,121.38E
1956-09-01,26.601999999999997,0.235,Santa Cruz,Philippines,13.66N,121.38E
1956-10-01,26.617,0.175,Santa Cruz,Philippines,13.66N,121.38E
1956-11-01,26.478,0.321,Santa Cruz,Philippines,13.66N,121.38E
1956-12-01,25.281,0.321,Santa Cruz,Philippines,13.66N,121.38E
1957-01-01,24.83,0.18100000000000002,Santa Cruz,Philippines,13.66N,121.38E
1957-02-01,25.17,0.24100000000000002,Santa Cruz,Philippines,13.66N,121.38E
1957-03-01,26.533,0.28600000000000003,Santa Cruz,Philippines,13.66N,121.38E
1957-04-01,27.338,0.384,Santa Cruz,Philippines,13.66N,121.38E
1957-05-01,28.578000000000003,0.182,Santa Cruz,Philippines,13.66N,121.38E
1957-06-01,28.269,0.456,Santa Cruz,Philippines,13.66N,121.38E
1957-07-01,27.278000000000002,0.406,Santa Cruz,Philippines,13.66N,121.38E
1957-08-01,27.336,0.69,Santa Cruz,Philippines,13.66N,121.38E
1957-09-01,27.358,0.5710000000000001,Santa Cruz,Philippines,13.66N,121.38E
1957-10-01,26.761,0.344,Santa Cruz,Philippines,13.66N,121.38E
1957-11-01,26.131,0.278,Santa Cruz,Philippines,13.66N,121.38E
1957-12-01,26.046999999999997,0.304,Santa Cruz,Philippines,13.66N,121.38E
1958-01-01,25.5,0.20199999999999999,Santa Cruz,Philippines,13.66N,121.38E
1958-02-01,25.465,0.259,Santa Cruz,Philippines,13.66N,121.38E
1958-03-01,26.343000000000004,0.306,Santa Cruz,Philippines,13.66N,121.38E
1958-04-01,27.421999999999997,0.198,Santa Cruz,Philippines,13.66N,121.38E
1958-05-01,28.403000000000002,0.4,Santa Cruz,Philippines,13.66N,121.38E
1958-06-01,28.11,0.5760000000000001,Santa Cruz,Philippines,13.66N,121.38E
1958-07-01,27.639,0.42700000000000005,Santa Cruz,Philippines,13.66N,121.38E
1958-08-01,27.491,0.39299999999999996,Santa Cruz,Philippines,13.66N,121.38E
1958-09-01,27.423000000000002,0.18600000000000003,Santa Cruz,Philippines,13.66N,121.38E
1958-10-01,26.78,0.295,Santa Cruz,Philippines,13.66N,121.38E
1958-11-01,25.978,0.27699999999999997,Santa Cruz,Philippines,13.66N,121.38E
1958-12-01,25.101999999999997,0.209,Santa Cruz,Philippines,13.66N,121.38E
1959-01-01,24.921,0.257,Santa Cruz,Philippines,13.66N,121.38E
1959-02-01,25.813,0.11800000000000001,Santa Cruz,Philippines,13.66N,121.38E
1959-03-01,26.179000000000002,0.364,Santa Cruz,Philippines,13.66N,121.38E
1959-04-01,27.481,0.37200000000000005,Santa Cruz,Philippines,13.66N,121.38E
1959-05-01,28.186999999999998,0.33,Santa Cruz,Philippines,13.66N,121.38E
1959-06-01,28.745,0.25,Santa Cruz,Philippines,13.66N,121.38E
1959-07-01,27.513,0.29,Santa Cruz,Philippines,13.66N,121.38E
1959-08-01,27.070999999999998,0.27399999999999997,Santa Cruz,Philippines,13.66N,121.38E
1959-09-01,27.331999999999997,0.301,Santa Cruz,Philippines,13.66N,121.38E
1959-10-01,26.685,0.267,Santa Cruz,Philippines,13.66N,121.38E
1959-11-01,26.363000000000003,0.166,Santa Cruz,Philippines,13.66N,121.38E
1959-12-01,25.499000000000002,0.242,Santa Cruz,Philippines,13.66N,121.38E
1960-01-01,25.354,0.223,Santa Cruz,Philippines,13.66N,121.38E
1960-02-01,25.428,0.326,Santa Cruz,Philippines,13.66N,121.38E
1960-03-01,26.607,0.247,Santa Cruz,Philippines,13.66N,121.38E
1960-04-01,27.543000000000003,0.425,Santa Cruz,Philippines,13.66N,121.38E
1960-05-01,28.031999999999996,0.318,Santa Cruz,Philippines,13.66N,121.38E
1960-06-01,27.624,0.268,Santa Cruz,Philippines,13.66N,121.38E
1960-07-01,27.724,0.251,Santa Cruz,Philippines,13.66N,121.38E
1960-08-01,27.409,0.53,Santa Cruz,Philippines,13.66N,121.38E
1960-09-01,27.090999999999998,0.11199999999999999,Santa Cruz,Philippines,13.66N,121.38E
1960-10-01,26.431,0.212,Santa Cruz,Philippines,13.66N,121.38E
1960-11-01,26.651999999999997,0.183,Santa Cruz,Philippines,13.66N,121.38E
1960-12-01,25.288,0.187,Santa Cruz,Philippines,13.66N,121.38E
1961-01-01,24.26,0.34600000000000003,Santa Cruz,Philippines,13.66N,121.38E
1961-02-01,25.685,0.258,Santa Cruz,Philippines,13.66N,121.38E
1961-03-01,26.919,0.213,Santa Cruz,Philippines,13.66N,121.38E
1961-04-01,27.955,0.32799999999999996,Santa Cruz,Philippines,13.66N,121.38E
1961-05-01,28.296999999999997,0.28300000000000003,Santa Cruz,Philippines,13.66N,121.38E
1961-06-01,27.563,0.414,Santa Cruz,Philippines,13.66N,121.38E
1961-07-01,27.223000000000003,0.42700000000000005,Santa Cruz,Philippines,13.66N,121.38E
1961-08-01,27.141,0.257,Santa Cruz,Philippines,13.66N,121.38E
1961-09-01,27.281,0.147,Santa Cruz,Philippines,13.66N,121.38E
1961-10-01,26.506,0.49,Santa Cruz,Philippines,13.66N,121.38E
1961-11-01,26.494,0.20199999999999999,Santa Cruz,Philippines,13.66N,121.38E
1961-12-01,25.96,0.441,Santa Cruz,Philippines,13.66N,121.38E
1962-01-01,24.646,0.406,Santa Cruz,Philippines,13.66N,121.38E
1962-02-01,24.730999999999998,0.18100000000000002,Santa Cruz,Philippines,13.66N,121.38E
1962-03-01,26.854,0.475,Santa Cruz,Philippines,13.66N,121.38E
1962-04-01,27.441999999999997,0.513,Santa Cruz,Philippines,13.66N,121.38E
1962-05-01,28.396,0.255,Santa Cruz,Philippines,13.66N,121.38E
1962-06-01,28.144,0.8290000000000001,Santa Cruz,Philippines,13.66N,121.38E
1962-07-01,27.025,0.28300000000000003,Santa Cruz,Philippines,13.66N,121.38E
1962-08-01,27.158,0.299,Santa Cruz,Philippines,13.66N,121.38E
1962-09-01,26.684,0.26,Santa Cruz,Philippines,13.66N,121.38E
1962-10-01,27.245,0.34,Santa Cruz,Philippines,13.66N,121.38E
1962-11-01,26.375999999999998,0.23600000000000002,Santa Cruz,Philippines,13.66N,121.38E
1962-12-01,25.092,0.247,Santa Cruz,Philippines,13.66N,121.38E
1963-01-01,23.668000000000003,0.179,Santa Cruz,Philippines,13.66N,121.38E
1963-02-01,24.281999999999996,0.162,Santa Cruz,Philippines,13.66N,121.38E
1963-03-01,25.581,0.18,Santa Cruz,Philippines,13.66N,121.38E
1963-04-01,26.636,0.16,Santa Cruz,Philippines,13.66N,121.38E
1963-05-01,28.659000000000002,0.409,Santa Cruz,Philippines,13.66N,121.38E
1963-06-01,27.612,0.313,Santa Cruz,Philippines,13.66N,121.38E
1963-07-01,27.509,0.314,Santa Cruz,Philippines,13.66N,121.38E
1963-08-01,27.255000000000006,0.259,Santa Cruz,Philippines,13.66N,121.38E
1963-09-01,27.309,0.247,Santa Cruz,Philippines,13.66N,121.38E
1963-10-01,26.658,0.16,Santa Cruz,Philippines,13.66N,121.38E
1963-11-01,26.924,0.327,Santa Cruz,Philippines,13.66N,121.38E
1963-12-01,25.701,0.17600000000000002,Santa Cruz,Philippines,13.66N,121.38E
1964-01-01,25.561,0.245,Santa Cruz,Philippines,13.66N,121.38E
1964-02-01,25.296000000000006,0.233,Santa Cruz,Philippines,13.66N,121.38E
1964-03-01,26.364,0.235,Santa Cruz,Philippines,13.66N,121.38E
1964-04-01,27.6,0.11199999999999999,Santa Cruz,Philippines,13.66N,121.38E
1964-05-01,28.531,0.213,Santa Cruz,Philippines,13.66N,121.38E
1964-06-01,27.987,0.304,Santa Cruz,Philippines,13.66N,121.38E
1964-07-01,27.535,0.33799999999999997,Santa Cruz,Philippines,13.66N,121.38E
1964-08-01,27.581999999999997,0.32299999999999995,Santa Cruz,Philippines,13.66N,121.38E
1964-09-01,27.249000000000002,0.163,Santa Cruz,Philippines,13.66N,121.38E
1964-10-01,26.676,0.37200000000000005,Santa Cruz,Philippines,13.66N,121.38E
1964-11-01,25.944000000000006,0.266,Santa Cruz,Philippines,13.66N,121.38E
1964-12-01,24.861,0.204,Santa Cruz,Philippines,13.66N,121.38E
1965-01-01,24.206,0.11699999999999999,Santa Cruz,Philippines,13.66N,121.38E
1965-02-01,25.134,0.157,Santa Cruz,Philippines,13.66N,121.38E
1965-03-01,25.750999999999998,0.276,Santa Cruz,Philippines,13.66N,121.38E
1965-04-01,27.479,0.23399999999999999,Santa Cruz,Philippines,13.66N,121.38E
1965-05-01,27.896,0.314,Santa Cruz,Philippines,13.66N,121.38E
1965-06-01,27.614,0.49,Santa Cruz,Philippines,13.66N,121.38E
1965-07-01,26.769000000000002,0.294,Santa Cruz,Philippines,13.66N,121.38E
1965-08-01,27.307,0.142,Santa Cruz,Philippines,13.66N,121.38E
1965-09-01,27.184,0.226,Santa Cruz,Philippines,13.66N,121.38E
1965-10-01,26.953000000000003,0.34,Santa Cruz,Philippines,13.66N,121.38E
1965-11-01,26.778,0.305,Santa Cruz,Philippines,13.66N,121.38E
1965-12-01,25.724,0.42200000000000004,Santa Cruz,Philippines,13.66N,121.38E
1966-01-01,25.32,0.335,Santa Cruz,Philippines,13.66N,121.38E
1966-02-01,25.811,0.264,Santa Cruz,Philippines,13.66N,121.38E
1966-03-01,26.674,0.278,Santa Cruz,Philippines,13.66N,121.38E
1966-04-01,27.915,0.19399999999999998,Santa Cruz,Philippines,13.66N,121.38E
1966-05-01,27.138,0.43799999999999994,Santa Cruz,Philippines,13.66N,121.38E
1966-06-01,27.947000000000006,0.32,Santa Cruz,Philippines,13.66N,121.38E
1966-07-01,27.406,0.321,Santa Cruz,Philippines,13.66N,121.38E
1966-08-01,27.959,0.249,Santa Cruz,Philippines,13.66N,121.38E
1966-09-01,27.105,0.395,Santa Cruz,Philippines,13.66N,121.38E
1966-10-01,26.733,0.24100000000000002,Santa Cruz,Philippines,13.66N,121.38E
1966-11-01,26.802,0.265,Santa Cruz,Philippines,13.66N,121.38E
1966-12-01,26.076,0.215,Santa Cruz,Philippines,13.66N,121.38E
1967-01-01,24.393,0.32899999999999996,Santa Cruz,Philippines,13.66N,121.38E
1967-02-01,24.75,0.415,Santa Cruz,Philippines,13.66N,121.38E
1967-03-01,25.642,0.22699999999999998,Santa Cruz,Philippines,13.66N,121.38E
1967-04-01,27.366999999999997,0.18600000000000003,Santa Cruz,Philippines,13.66N,121.38E
1967-05-01,28.808000000000003,0.27899999999999997,Santa Cruz,Philippines,13.66N,121.38E
1967-06-01,27.752,0.24,Santa Cruz,Philippines,13.66N,121.38E
1967-07-01,27.53,0.408,Santa Cruz,Philippines,13.66N,121.38E
1967-08-01,27.083,0.321,Santa Cruz,Philippines,13.66N,121.38E
1967-09-01,27.066,0.204,Santa Cruz,Philippines,13.66N,121.38E
1967-10-01,26.598000000000003,0.201,Santa Cruz,Philippines,13.66N,121.38E
1967-11-01,25.93,0.11699999999999999,Santa Cruz,Philippines,13.66N,121.38E
1967-12-01,24.671999999999997,0.19899999999999998,Santa Cruz,Philippines,13.66N,121.38E
1968-01-01,24.454,0.254,Santa Cruz,Philippines,13.66N,121.38E
1968-02-01,24.418000000000006,0.28300000000000003,Santa Cruz,Philippines,13.66N,121.38E
1968-03-01,26.247,0.324,Santa Cruz,Philippines,13.66N,121.38E
1968-04-01,27.175,0.301,Santa Cruz,Philippines,13.66N,121.38E
1968-05-01,28.581,0.146,Santa Cruz,Philippines,13.66N,121.38E
1968-06-01,28.552,0.332,Santa Cruz,Philippines,13.66N,121.38E
1968-07-01,28.065,0.255,Santa Cruz,Philippines,13.66N,121.38E
1968-08-01,27.746,0.311,Santa Cruz,Philippines,13.66N,121.38E
1968-09-01,27.72,0.331,Santa Cruz,Philippines,13.66N,121.38E
1968-10-01,26.619,0.306,Santa Cruz,Philippines,13.66N,121.38E
1968-11-01,25.570999999999998,0.22699999999999998,Santa Cruz,Philippines,13.66N,121.38E
1968-12-01,25.194000000000003,0.23399999999999999,Santa Cruz,Philippines,13.66N,121.38E
1969-01-01,25.463,0.4,Santa Cruz,Philippines,13.66N,121.38E
1969-02-01,25.540000000000006,0.461,Santa Cruz,Philippines,13.66N,121.38E
1969-03-01,26.9,0.534,Santa Cruz,Philippines,13.66N,121.38E
1969-04-01,28.281,0.485,Santa Cruz,Philippines,13.66N,121.38E
1969-05-01,29.583000000000002,0.376,Santa Cruz,Philippines,13.66N,121.38E
1969-06-01,28.761999999999997,0.385,Santa Cruz,Philippines,13.66N,121.38E
1969-07-01,27.699,0.43200000000000005,Santa Cruz,Philippines,13.66N,121.38E
1969-08-01,27.664,0.47600000000000003,Santa Cruz,Philippines,13.66N,121.38E
1969-09-01,27.358,0.265,Santa Cruz,Philippines,13.66N,121.38E
1969-10-01,26.743000000000002,0.313,Santa Cruz,Philippines,13.66N,121.38E
1969-11-01,26.423,0.312,Santa Cruz,Philippines,13.66N,121.38E
1969-12-01,25.69,0.373,Santa Cruz,Philippines,13.66N,121.38E
1970-01-01,25.435,0.34,Santa Cruz,Philippines,13.66N,121.38E
1970-02-01,25.491,0.28800000000000003,Santa Cruz,Philippines,13.66N,121.38E
1970-03-01,26.991999999999997,0.293,Santa Cruz,Philippines,13.66N,121.38E
1970-04-01,27.945,0.24600000000000002,Santa Cruz,Philippines,13.66N,121.38E
1970-05-01,29.107,0.381,Santa Cruz,Philippines,13.66N,121.38E
1970-06-01,27.956999999999997,0.36200000000000004,Santa Cruz,Philippines,13.66N,121.38E
1970-07-01,27.401999999999997,0.322,Santa Cruz,Philippines,13.66N,121.38E
1970-08-01,27.380000000000006,0.718,Santa Cruz,Philippines,13.66N,121.38E
1970-09-01,27.231,0.14400000000000002,Santa Cruz,Philippines,13.66N,121.38E
1970-10-01,26.737,0.259,Santa Cruz,Philippines,13.66N,121.38E
1970-11-01,26.636000000000006,0.086,Santa Cruz,Philippines,13.66N,121.38E
1970-12-01,26.046,0.489,Santa Cruz,Philippines,13.66N,121.38E
1971-01-01,24.209,0.22899999999999998,Santa Cruz,Philippines,13.66N,121.38E
1971-02-01,25.125999999999998,0.165,Santa Cruz,Philippines,13.66N,121.38E
1971-03-01,25.24,0.183,Santa Cruz,Philippines,13.66N,121.38E
1971-04-01,26.684,0.294,Santa Cruz,Philippines,13.66N,121.38E
1971-05-01,27.503,0.182,Santa Cruz,Philippines,13.66N,121.38E
1971-06-01,27.008000000000006,0.179,Santa Cruz,Philippines,13.66N,121.38E
1971-07-01,26.858,0.215,Santa Cruz,Philippines,13.66N,121.38E
1971-08-01,27.246,0.345,Santa Cruz,Philippines,13.66N,121.38E
1971-09-01,27.438000000000002,0.22699999999999998,Santa Cruz,Philippines,13.66N,121.38E
1971-10-01,26.355,0.345,Santa Cruz,Philippines,13.66N,121.38E
1971-11-01,26.113000000000003,0.251,Santa Cruz,Philippines,13.66N,121.38E
1971-12-01,25.603,0.16699999999999998,Santa Cruz,Philippines,13.66N,121.38E
1972-01-01,24.711,0.264,Santa Cruz,Philippines,13.66N,121.38E
1972-02-01,25.855,0.38799999999999996,Santa Cruz,Philippines,13.66N,121.38E
1972-03-01,25.404,0.379,Santa Cruz,Philippines,13.66N,121.38E
1972-04-01,27.04,0.282,Santa Cruz,Philippines,13.66N,121.38E
1972-05-01,27.923000000000002,0.183,Santa Cruz,Philippines,13.66N,121.38E
1972-06-01,27.755000000000006,0.47100000000000003,Santa Cruz,Philippines,13.66N,121.38E
1972-07-01,27.191,0.505,Santa Cruz,Philippines,13.66N,121.38E
1972-08-01,27.08,0.348,Santa Cruz,Philippines,13.66N,121.38E
1972-09-01,27.296999999999997,0.265,Santa Cruz,Philippines,13.66N,121.38E
1972-10-01,27.318,0.366,Santa Cruz,Philippines,13.66N,121.38E
1972-11-01,27.031999999999996,0.179,Santa Cruz,Philippines,13.66N,121.38E
1972-12-01,25.941,0.35600000000000004,Santa Cruz,Philippines,13.66N,121.38E
1973-01-01,25.298,0.302,Santa Cruz,Philippines,13.66N,121.38E
1973-02-01,25.590999999999998,0.215,Santa Cruz,Philippines,13.66N,121.38E
1973-03-01,26.488000000000003,0.405,Santa Cruz,Philippines,13.66N,121.38E
1973-04-01,27.991,0.20800000000000002,Santa Cruz,Philippines,13.66N,121.38E
1973-05-01,29.07,0.389,Santa Cruz,Philippines,13.66N,121.38E
1973-06-01,28.647,0.19399999999999998,Santa Cruz,Philippines,13.66N,121.38E
1973-07-01,27.736,0.47,Santa Cruz,Philippines,13.66N,121.38E
1973-08-01,27.299,0.431,Santa Cruz,Philippines,13.66N,121.38E
1973-09-01,27.051,0.313,Santa Cruz,Philippines,13.66N,121.38E
1973-10-01,26.614,0.129,Santa Cruz,Philippines,13.66N,121.38E
1973-11-01,26.552,0.21,Santa Cruz,Philippines,13.66N,121.38E
1973-12-01,24.619,0.24600000000000002,Santa Cruz,Philippines,13.66N,121.38E
1974-01-01,24.346999999999998,0.29,Santa Cruz,Philippines,13.66N,121.38E
1974-02-01,25.256,0.325,Santa Cruz,Philippines,13.66N,121.38E
1974-03-01,25.840999999999998,0.239,Santa Cruz,Philippines,13.66N,121.38E
1974-04-01,27.61,0.258,Santa Cruz,Philippines,13.66N,121.38E
1974-05-01,27.913,0.379,Santa Cruz,Philippines,13.66N,121.38E
1974-06-01,27.604,0.249,Santa Cruz,Philippines,13.66N,121.38E
1974-07-01,27.5,0.226,Santa Cruz,Philippines,13.66N,121.38E
1974-08-01,27.272,0.43700000000000006,Santa Cruz,Philippines,13.66N,121.38E
1974-09-01,27.778000000000002,0.247,Santa Cruz,Philippines,13.66N,121.38E
1974-10-01,26.644000000000002,0.266,Santa Cruz,Philippines,13.66N,121.38E
1974-11-01,26.073,0.35600000000000004,Santa Cruz,Philippines,13.66N,121.38E
1974-12-01,25.584,0.381,Santa Cruz,Philippines,13.66N,121.38E
1975-01-01,25.198,0.267,Santa Cruz,Philippines,13.66N,121.38E
1975-02-01,25.531999999999996,0.268,Santa Cruz,Philippines,13.66N,121.38E
1975-03-01,26.915,0.40700000000000003,Santa Cruz,Philippines,13.66N,121.38E
1975-04-01,27.435,0.17800000000000002,Santa Cruz,Philippines,13.66N,121.38E
1975-05-01,28.430999999999997,0.307,Santa Cruz,Philippines,13.66N,121.38E
1975-06-01,27.787000000000006,0.33399999999999996,Santa Cruz,Philippines,13.66N,121.38E
1975-07-01,27.7,0.675,Santa Cruz,Philippines,13.66N,121.38E
1975-08-01,27.229000000000006,0.475,Santa Cruz,Philippines,13.66N,121.38E
1975-09-01,27.046,0.369,Santa Cruz,Philippines,13.66N,121.38E
1975-10-01,27.023000000000003,0.363,Santa Cruz,Philippines,13.66N,121.38E
1975-11-01,26.344,0.264,Santa Cruz,Philippines,13.66N,121.38E
1975-12-01,25.254,0.29100000000000004,Santa Cruz,Philippines,13.66N,121.38E
1976-01-01,24.285,0.265,Santa Cruz,Philippines,13.66N,121.38E
1976-02-01,24.805,0.32799999999999996,Santa Cruz,Philippines,13.66N,121.38E
1976-03-01,26.185,0.26,Santa Cruz,Philippines,13.66N,121.38E
1976-04-01,27.463,0.528,Santa Cruz,Philippines,13.66N,121.38E
1976-05-01,27.488000000000003,0.473,Santa Cruz,Philippines,13.66N,121.38E
1976-06-01,27.480999999999998,0.365,Santa Cruz,Philippines,13.66N,121.38E
1976-07-01,27.8,0.441,Santa Cruz,Philippines,13.66N,121.38E
1976-08-01,26.976999999999997,0.282,Santa Cruz,Philippines,13.66N,121.38E
1976-09-01,26.975,0.395,Santa Cruz,Philippines,13.66N,121.38E
1976-10-01,27.217,0.325,Santa Cruz,Philippines,13.66N,121.38E
1976-11-01,26.311,0.22399999999999998,Santa Cruz,Philippines,13.66N,121.38E
1976-12-01,25.094,0.253,Santa Cruz,Philippines,13.66N,121.38E
1977-01-01,25.611,0.373,Santa Cruz,Philippines,13.66N,121.38E
1977-02-01,25.081999999999997,0.322,Santa Cruz,Philippines,13.66N,121.38E
1977-03-01,25.831999999999997,0.302,Santa Cruz,Philippines,13.66N,121.38E
1977-04-01,27.715,0.499,Santa Cruz,Philippines,13.66N,121.38E
1977-05-01,28.375999999999998,0.299,Santa Cruz,Philippines,13.66N,121.38E
1977-06-01,28.371,0.341,Santa Cruz,Philippines,13.66N,121.38E
1977-07-01,27.404,0.28800000000000003,Santa Cruz,Philippines,13.66N,121.38E
1977-08-01,27.779,0.38799999999999996,Santa Cruz,Philippines,13.66N,121.38E
1977-09-01,27.022,0.28,Santa Cruz,Philippines,13.66N,121.38E
1977-10-01,26.964000000000002,0.35100000000000003,Santa Cruz,Philippines,13.66N,121.38E
1977-11-01,26.121,0.299,Santa Cruz,Philippines,13.66N,121.38E
1977-12-01,25.199,0.462,Santa Cruz,Philippines,13.66N,121.38E
1978-01-01,24.873,0.371,Santa Cruz,Philippines,13.66N,121.38E
1978-02-01,24.976999999999997,0.20800000000000002,Santa Cruz,Philippines,13.66N,121.38E
1978-03-01,26.949,0.32299999999999995,Santa Cruz,Philippines,13.66N,121.38E
1978-04-01,27.763,0.42200000000000004,Santa Cruz,Philippines,13.66N,121.38E
1978-05-01,28.333000000000002,0.5,Santa Cruz,Philippines,13.66N,121.38E
1978-06-01,27.644,0.38799999999999996,Santa Cruz,Philippines,13.66N,121.38E
1978-07-01,27.585,0.218,Santa Cruz,Philippines,13.66N,121.38E
1978-08-01,26.749,0.381,Santa Cruz,Philippines,13.66N,121.38E
1978-09-01,26.612,0.159,Santa Cruz,Philippines,13.66N,121.38E
1978-10-01,26.148000000000003,0.172,Santa Cruz,Philippines,13.66N,121.38E
1978-11-01,25.833,0.319,Santa Cruz,Philippines,13.66N,121.38E
1978-12-01,25.636999999999997,0.364,Santa Cruz,Philippines,13.66N,121.38E
1979-01-01,25.119,0.43700000000000006,Santa Cruz,Philippines,13.66N,121.38E
1979-02-01,26.105,0.185,Santa Cruz,Philippines,13.66N,121.38E
1979-03-01,26.778000000000002,0.15,Santa Cruz,Philippines,13.66N,121.38E
1979-04-01,27.998,0.665,Santa Cruz,Philippines,13.66N,121.38E
1979-05-01,28.006,0.653,Santa Cruz,Philippines,13.66N,121.38E
1979-06-01,27.771,0.177,Santa Cruz,Philippines,13.66N,121.38E
1979-07-01,27.675,0.20800000000000002,Santa Cruz,Philippines,13.66N,121.38E
1979-08-01,27.389000000000006,0.311,Santa Cruz,Philippines,13.66N,121.38E
1979-09-01,27.456,0.16,Santa Cruz,Philippines,13.66N,121.38E
1979-10-01,26.4,0.29600000000000004,Santa Cruz,Philippines,13.66N,121.38E
1979-11-01,26.645,0.182,Santa Cruz,Philippines,13.66N,121.38E
1979-12-01,24.985,0.308,Santa Cruz,Philippines,13.66N,121.38E
1980-01-01,25.219,0.18100000000000002,Santa Cruz,Philippines,13.66N,121.38E
1980-02-01,25.324,0.175,Santa Cruz,Philippines,13.66N,121.38E
1980-03-01,26.406,0.155,Santa Cruz,Philippines,13.66N,121.38E
1980-04-01,27.504,0.38799999999999996,Santa Cruz,Philippines,13.66N,121.38E
1980-05-01,28.361,0.424,Santa Cruz,Philippines,13.66N,121.38E
1980-06-01,27.838,0.32899999999999996,Santa Cruz,Philippines,13.66N,121.38E
1980-07-01,27.415,0.24600000000000002,Santa Cruz,Philippines,13.66N,121.38E
1980-08-01,27.497,0.237,Santa Cruz,Philippines,13.66N,121.38E
1980-09-01,27.105,0.10800000000000001,Santa Cruz,Philippines,13.66N,121.38E
1980-10-01,26.905,0.205,Santa Cruz,Philippines,13.66N,121.38E
1980-11-01,26.737,0.28600000000000003,Santa Cruz,Philippines,13.66N,121.38E
1980-12-01,25.531999999999996,0.15,Santa Cruz,Philippines,13.66N,121.38E
1981-01-01,23.973000000000003,0.21600000000000003,Santa Cruz,Philippines,13.66N,121.38E
1981-02-01,25.529,0.424,Santa Cruz,Philippines,13.66N,121.38E
1981-03-01,26.752,0.498,Santa Cruz,Philippines,13.66N,121.38E
1981-04-01,28.277,0.301,Santa Cruz,Philippines,13.66N,121.38E
1981-05-01,28.967,0.316,Santa Cruz,Philippines,13.66N,121.38E
1981-06-01,27.819000000000006,0.34,Santa Cruz,Philippines,13.66N,121.38E
1981-07-01,27.459,0.49700000000000005,Santa Cruz,Philippines,13.66N,121.38E
1981-08-01,27.819000000000006,0.213,Santa Cruz,Philippines,13.66N,121.38E
1981-09-01,27.763,0.28300000000000003,Santa Cruz,Philippines,13.66N,121.38E
1981-10-01,26.869,0.358,Santa Cruz,Philippines,13.66N,121.38E
1981-11-01,26.441000000000006,0.223,Santa Cruz,Philippines,13.66N,121.38E
1981-12-01,24.891,0.358,Santa Cruz,Philippines,13.66N,121.38E
1982-01-01,24.252,0.336,Santa Cruz,Philippines,13.66N,121.38E
1982-02-01,24.918000000000006,0.187,Santa Cruz,Philippines,13.66N,121.38E
1982-03-01,26.416,0.672,Santa Cruz,Philippines,13.66N,121.38E
1982-04-01,27.361,0.18,Santa Cruz,Philippines,13.66N,121.38E
1982-05-01,28.391,0.18100000000000002,Santa Cruz,Philippines,13.66N,121.38E
1982-06-01,28.353,0.226,Santa Cruz,Philippines,13.66N,121.38E
1982-07-01,27.14,0.317,Santa Cruz,Philippines,13.66N,121.38E
1982-08-01,27.154,0.305,Santa Cruz,Philippines,13.66N,121.38E
1982-09-01,26.95,0.33799999999999997,Santa Cruz,Philippines,13.66N,121.38E
1982-10-01,26.948,0.18,Santa Cruz,Philippines,13.66N,121.38E
1982-11-01,26.8,0.326,Santa Cruz,Philippines,13.66N,121.38E
1982-12-01,26.071,0.188,Santa Cruz,Philippines,13.66N,121.38E
1983-01-01,25.669,0.259,Santa Cruz,Philippines,13.66N,121.38E
1983-02-01,25.749,0.304,Santa Cruz,Philippines,13.66N,121.38E
1983-03-01,27.092,0.243,Santa Cruz,Philippines,13.66N,121.38E
1983-04-01,27.956,0.41600000000000004,Santa Cruz,Philippines,13.66N,121.38E
1983-05-01,28.910999999999998,0.496,Santa Cruz,Philippines,13.66N,121.38E
1983-06-01,29.143,0.285,Santa Cruz,Philippines,13.66N,121.38E
1983-07-01,28.064,0.428,Santa Cruz,Philippines,13.66N,121.38E
1983-08-01,27.697000000000006,0.287,Santa Cruz,Philippines,13.66N,121.38E
1983-09-01,27.535,0.28300000000000003,Santa Cruz,Philippines,13.66N,121.38E
1983-10-01,26.764,0.278,Santa Cruz,Philippines,13.66N,121.38E
1983-11-01,26.046,0.138,Santa Cruz,Philippines,13.66N,121.38E
1983-12-01,24.835,0.53,Santa Cruz,Philippines,13.66N,121.38E
1984-01-01,24.976,0.28600000000000003,Santa Cruz,Philippines,13.66N,121.38E
1984-02-01,25.388,0.11199999999999999,Santa Cruz,Philippines,13.66N,121.38E
1984-03-01,26.961,0.18,Santa Cruz,Philippines,13.66N,121.38E
1984-04-01,27.91,0.17600000000000002,Santa Cruz,Philippines,13.66N,121.38E
1984-05-01,27.835,0.27,Santa Cruz,Philippines,13.66N,121.38E
1984-06-01,27.668000000000003,0.981,Santa Cruz,Philippines,13.66N,121.38E
1984-07-01,27.935,0.6509999999999999,Santa Cruz,Philippines,13.66N,121.38E
1984-08-01,26.813,0.34299999999999997,Santa Cruz,Philippines,13.66N,121.38E
1984-09-01,27.013,0.39,Santa Cruz,Philippines,13.66N,121.38E
1984-10-01,26.156,0.166,Santa Cruz,Philippines,13.66N,121.38E
1984-11-01,26.592,0.23600000000000002,Santa Cruz,Philippines,13.66N,121.38E
1984-12-01,25.438000000000002,0.419,Santa Cruz,Philippines,13.66N,121.38E
1985-01-01,24.506999999999998,0.316,Santa Cruz,Philippines,13.66N,121.38E
1985-02-01,26.461,0.42200000000000004,Santa Cruz,Philippines,13.66N,121.38E
1985-03-01,27.03,0.374,Santa Cruz,Philippines,13.66N,121.38E
1985-04-01,27.749000000000002,0.46399999999999997,Santa Cruz,Philippines,13.66N,121.38E
1985-05-01,28.375999999999998,0.17300000000000001,Santa Cruz,Philippines,13.66N,121.38E
1985-06-01,27.961,0.8959999999999999,Santa Cruz,Philippines,13.66N,121.38E
1985-07-01,27.464000000000002,0.261,Santa Cruz,Philippines,13.66N,121.38E
1985-08-01,28.079,0.929,Santa Cruz,Philippines,13.66N,121.38E
1985-09-01,27.03,0.322,Santa Cruz,Philippines,13.66N,121.38E
1985-10-01,26.617,0.09,Santa Cruz,Philippines,13.66N,121.38E
1985-11-01,26.651999999999997,0.233,Santa Cruz,Philippines,13.66N,121.38E
1985-12-01,25.225,0.6659999999999999,Santa Cruz,Philippines,13.66N,121.38E
1986-01-01,24.898000000000003,0.337,Santa Cruz,Philippines,13.66N,121.38E
1986-02-01,25.313,0.183,Santa Cruz,Philippines,13.66N,121.38E
1986-03-01,26.585,0.332,Santa Cruz,Philippines,13.66N,121.38E
1986-04-01,27.983,0.365,Santa Cruz,Philippines,13.66N,121.38E
1986-05-01,28.433000000000003,0.327,Santa Cruz,Philippines,13.66N,121.38E
1986-06-01,28.328000000000003,0.413,Santa Cruz,Philippines,13.66N,121.38E
1986-07-01,27.467,0.259,Santa Cruz,Philippines,13.66N,121.38E
1986-08-01,27.245,0.252,Santa Cruz,Philippines,13.66N,121.38E
1986-09-01,27.113000000000003,0.264,Santa Cruz,Philippines,13.66N,121.38E
1986-10-01,26.492,0.381,Santa Cruz,Philippines,13.66N,121.38E
1986-11-01,26.803,0.223,Santa Cruz,Philippines,13.66N,121.38E
1986-12-01,25.311,0.18899999999999997,Santa Cruz,Philippines,13.66N,121.38E
1987-01-01,24.962,0.293,Santa Cruz,Philippines,13.66N,121.38E
1987-02-01,24.892000000000003,0.188,Santa Cruz,Philippines,13.66N,121.38E
1987-03-01,27.002,0.305,Santa Cruz,Philippines,13.66N,121.38E
1987-04-01,28.281,0.245,Santa Cruz,Philippines,13.66N,121.38E
1987-05-01,29.546,0.153,Santa Cruz,Philippines,13.66N,121.38E
1987-06-01,28.748,0.147,Santa Cruz,Philippines,13.66N,121.38E
1987-07-01,27.932,0.307,Santa Cruz,Philippines,13.66N,121.38E
1987-08-01,27.93,0.188,Santa Cruz,Philippines,13.66N,121.38E
1987-09-01,27.616,0.379,Santa Cruz,Philippines,13.66N,121.38E
1987-10-01,27.75,0.278,Santa Cruz,Philippines,13.66N,121.38E
1987-11-01,27.250999999999998,0.295,Santa Cruz,Philippines,13.66N,121.38E
1987-12-01,26.006,0.17300000000000001,Santa Cruz,Philippines,13.66N,121.38E
1988-01-01,26.37,0.312,Santa Cruz,Philippines,13.66N,121.38E
1988-02-01,26.764000000000006,0.121,Santa Cruz,Philippines,13.66N,121.38E
1988-03-01,27.616999999999997,0.28300000000000003,Santa Cruz,Philippines,13.66N,121.38E
1988-04-01,28.334,0.373,Santa Cruz,Philippines,13.66N,121.38E
1988-05-01,29.271,0.302,Santa Cruz,Philippines,13.66N,121.38E
1988-06-01,27.980999999999998,0.314,Santa Cruz,Philippines,13.66N,121.38E
1988-07-01,27.938000000000002,0.297,Santa Cruz,Philippines,13.66N,121.38E
1988-08-01,28.090999999999998,0.256,Santa Cruz,Philippines,13.66N,121.38E
1988-09-01,27.818,0.22699999999999998,Santa Cruz,Philippines,13.66N,121.38E
1988-10-01,26.376,0.159,Santa Cruz,Philippines,13.66N,121.38E
1988-11-01,26.226999999999997,0.139,Santa Cruz,Philippines,13.66N,121.38E
1988-12-01,24.651,0.25,Santa Cruz,Philippines,13.66N,121.38E
1989-01-01,25.456999999999997,0.253,Santa Cruz,Philippines,13.66N,121.38E
1989-02-01,24.991,0.21600000000000003,Santa Cruz,Philippines,13.66N,121.38E
1989-03-01,26.127,0.33,Santa Cruz,Philippines,13.66N,121.38E
1989-04-01,27.783,0.349,Santa Cruz,Philippines,13.66N,121.38E
1989-05-01,28.051,0.17800000000000002,Santa Cruz,Philippines,13.66N,121.38E
1989-06-01,27.759,0.345,Santa Cruz,Philippines,13.66N,121.38E
1989-07-01,27.654,0.266,Santa Cruz,Philippines,13.66N,121.38E
1989-08-01,27.147,0.355,Santa Cruz,Philippines,13.66N,121.38E
1989-09-01,27.455,0.297,Santa Cruz,Philippines,13.66N,121.38E
1989-10-01,27.031999999999996,0.27899999999999997,Santa Cruz,Philippines,13.66N,121.38E
1989-11-01,26.166999999999998,0.16399999999999998,Santa Cruz,Philippines,13.66N,121.38E
1989-12-01,24.648000000000003,0.23399999999999999,Santa Cruz,Philippines,13.66N,121.38E
1990-01-01,25.228,0.21100000000000002,Santa Cruz,Philippines,13.66N,121.38E
1990-02-01,26.121,0.134,Santa Cruz,Philippines,13.66N,121.38E
1990-03-01,26.409000000000002,0.196,Santa Cruz,Philippines,13.66N,121.38E
1990-04-01,28.289,0.207,Santa Cruz,Philippines,13.66N,121.38E
1990-05-01,28.498,0.08800000000000001,Santa Cruz,Philippines,13.66N,121.38E
1990-06-01,27.419,0.21899999999999997,Santa Cruz,Philippines,13.66N,121.38E
1990-07-01,27.339000000000002,0.27,Santa Cruz,Philippines,13.66N,121.38E
1990-08-01,27.479000000000006,0.23800000000000002,Santa Cruz,Philippines,13.66N,121.38E
1990-09-01,27.206999999999997,0.264,Santa Cruz,Philippines,13.66N,121.38E
1990-10-01,26.563000000000002,0.251,Santa Cruz,Philippines,13.66N,121.38E
1990-11-01,26.369,0.248,Santa Cruz,Philippines,13.66N,121.38E
1990-12-01,25.394000000000002,0.303,Santa Cruz,Philippines,13.66N,121.38E
1991-01-01,25.206,0.264,Santa Cruz,Philippines,13.66N,121.38E
1991-02-01,25.476999999999997,0.161,Santa Cruz,Philippines,13.66N,121.38E
1991-03-01,26.125999999999998,0.141,Santa Cruz,Philippines,13.66N,121.38E
1991-04-01,27.321,0.214,Santa Cruz,Philippines,13.66N,121.38E
1991-05-01,28.469,0.151,Santa Cruz,Philippines,13.66N,121.38E
1991-06-01,28.22,0.171,Santa Cruz,Philippines,13.66N,121.38E
1991-07-01,27.366,0.195,Santa Cruz,Philippines,13.66N,121.38E
1991-08-01,26.955,0.218,Santa Cruz,Philippines,13.66N,121.38E
1991-09-01,27.322,0.198,Santa Cruz,Philippines,13.66N,121.38E
1991-10-01,26.72,0.15,Santa Cruz,Philippines,13.66N,121.38E
1991-11-01,25.785,0.132,Santa Cruz,Philippines,13.66N,121.38E
1991-12-01,24.979,0.249,Santa Cruz,Philippines,13.66N,121.38E
1992-01-01,24.723000000000003,0.28300000000000003,Santa Cruz,Philippines,13.66N,121.38E
1992-02-01,25.307,0.344,Santa Cruz,Philippines,13.66N,121.38E
1992-03-01,26.671999999999997,0.215,Santa Cruz,Philippines,13.66N,121.38E
1992-04-01,27.792,0.22399999999999998,Santa Cruz,Philippines,13.66N,121.38E
1992-05-01,28.605,0.405,Santa Cruz,Philippines,13.66N,121.38E
1992-06-01,28.378,0.251,Santa Cruz,Philippines,13.66N,121.38E
1992-07-01,27.179000000000002,0.409,Santa Cruz,Philippines,13.66N,121.38E
1992-08-01,27.263,0.235,Santa Cruz,Philippines,13.66N,121.38E
1992-09-01,27.486,0.36200000000000004,Santa Cruz,Philippines,13.66N,121.38E
1992-10-01,26.691999999999997,0.12,Santa Cruz,Philippines,13.66N,121.38E
1992-11-01,25.776999999999997,0.081,Santa Cruz,Philippines,13.66N,121.38E
1992-12-01,25.536,0.408,Santa Cruz,Philippines,13.66N,121.38E
1993-01-01,24.815,0.396,Santa Cruz,Philippines,13.66N,121.38E
1993-02-01,25.125999999999998,0.243,Santa Cruz,Philippines,13.66N,121.38E
1993-03-01,25.989,0.35,Santa Cruz,Philippines,13.66N,121.38E
1993-04-01,27.527,0.209,Santa Cruz,Philippines,13.66N,121.38E
1993-05-01,28.754,0.314,Santa Cruz,Philippines,13.66N,121.38E
1993-06-01,28.641,0.243,Santa Cruz,Philippines,13.66N,121.38E
1993-07-01,27.78,0.182,Santa Cruz,Philippines,13.66N,121.38E
1993-08-01,27.129,0.126,Santa Cruz,Philippines,13.66N,121.38E
1993-09-01,27.144000000000002,0.24600000000000002,Santa Cruz,Philippines,13.66N,121.38E
1993-10-01,26.491,0.207,Santa Cruz,Philippines,13.66N,121.38E
1993-11-01,26.898000000000003,0.272,Santa Cruz,Philippines,13.66N,121.38E
1993-12-01,25.627,0.18899999999999997,Santa Cruz,Philippines,13.66N,121.38E
1994-01-01,25.441999999999997,0.307,Santa Cruz,Philippines,13.66N,121.38E
1994-02-01,25.932,0.152,Santa Cruz,Philippines,13.66N,121.38E
1994-03-01,26.840999999999998,0.289,Santa Cruz,Philippines,13.66N,121.38E
1994-04-01,27.619,0.303,Santa Cruz,Philippines,13.66N,121.38E
1994-05-01,28.436,0.294,Santa Cruz,Philippines,13.66N,121.38E
1994-06-01,27.66,0.19699999999999998,Santa Cruz,Philippines,13.66N,121.38E
1994-07-01,26.913,0.12,Santa Cruz,Philippines,13.66N,121.38E
1994-08-01,27.689,0.28800000000000003,Santa Cruz,Philippines,13.66N,121.38E
1994-09-01,26.956999999999997,0.228,Santa Cruz,Philippines,13.66N,121.38E
1994-10-01,26.757,0.187,Santa Cruz,Philippines,13.66N,121.38E
1994-11-01,26.486,0.285,Santa Cruz,Philippines,13.66N,121.38E
1994-12-01,25.561,0.198,Santa Cruz,Philippines,13.66N,121.38E
1995-01-01,25.049,0.31,Santa Cruz,Philippines,13.66N,121.38E
1995-02-01,25.174000000000003,0.149,Santa Cruz,Philippines,13.66N,121.38E
1995-03-01,26.404,0.29,Santa Cruz,Philippines,13.66N,121.38E
1995-04-01,27.81,0.264,Santa Cruz,Philippines,13.66N,121.38E
1995-05-01,28.23,0.221,Santa Cruz,Philippines,13.66N,121.38E
1995-06-01,28.377,0.17,Santa Cruz,Philippines,13.66N,121.38E
1995-07-01,27.286,0.405,Santa Cruz,Philippines,13.66N,121.38E
1995-08-01,27.291,0.311,Santa Cruz,Philippines,13.66N,121.38E
1995-09-01,26.941,0.23600000000000002,Santa Cruz,Philippines,13.66N,121.38E
1995-10-01,26.924,0.139,Santa Cruz,Philippines,13.66N,121.38E
1995-11-01,26.848000000000006,0.15,Santa Cruz,Philippines,13.66N,121.38E
1995-12-01,24.927,0.273,Santa Cruz,Philippines,13.66N,121.38E
1996-01-01,24.963,0.26,Santa Cruz,Philippines,13.66N,121.38E
1996-02-01,24.928,0.188,Santa Cruz,Philippines,13.66N,121.38E
1996-03-01,26.975,0.271,Santa Cruz,Philippines,13.66N,121.38E
1996-04-01,26.976999999999997,0.13699999999999998,Santa Cruz,Philippines,13.66N,121.38E
1996-05-01,28.267,0.373,Santa Cruz,Philippines,13.66N,121.38E
1996-06-01,27.98,0.28300000000000003,Santa Cruz,Philippines,13.66N,121.38E
1996-07-01,27.607,0.29,Santa Cruz,Philippines,13.66N,121.38E
1996-08-01,27.894,0.163,Santa Cruz,Philippines,13.66N,121.38E
1996-09-01,27.525,0.19,Santa Cruz,Philippines,13.66N,121.38E
1996-10-01,27.295,0.266,Santa Cruz,Philippines,13.66N,121.38E
1996-11-01,26.412000000000006,0.16699999999999998,Santa Cruz,Philippines,13.66N,121.38E
1996-12-01,25.3,0.209,Santa Cruz,Philippines,13.66N,121.38E
1997-01-01,24.675,0.111,Santa Cruz,Philippines,13.66N,121.38E
1997-02-01,25.553,0.312,Santa Cruz,Philippines,13.66N,121.38E
1997-03-01,25.881,0.16899999999999998,Santa Cruz,Philippines,13.66N,121.38E
1997-04-01,27.786,0.20600000000000002,Santa Cruz,Philippines,13.66N,121.38E
1997-05-01,28.254,0.24600000000000002,Santa Cruz,Philippines,13.66N,121.38E
1997-06-01,28.175,0.312,Santa Cruz,Philippines,13.66N,121.38E
1997-07-01,27.291,0.251,Santa Cruz,Philippines,13.66N,121.38E
1997-08-01,27.916,0.221,Santa Cruz,Philippines,13.66N,121.38E
1997-09-01,27.434,0.22699999999999998,Santa Cruz,Philippines,13.66N,121.38E
1997-10-01,27.473000000000003,0.456,Santa Cruz,Philippines,13.66N,121.38E
1997-11-01,27.105999999999998,0.3,Santa Cruz,Philippines,13.66N,121.38E
1997-12-01,25.926,0.276,Santa Cruz,Philippines,13.66N,121.38E
1998-01-01,26.053,0.28600000000000003,Santa Cruz,Philippines,13.66N,121.38E
1998-02-01,26.745,0.294,Santa Cruz,Philippines,13.66N,121.38E
1998-03-01,27.275,0.175,Santa Cruz,Philippines,13.66N,121.38E
1998-04-01,28.614,0.2,Santa Cruz,Philippines,13.66N,121.38E
1998-05-01,28.959,0.217,Santa Cruz,Philippines,13.66N,121.38E
1998-06-01,28.790000000000006,0.44,Santa Cruz,Philippines,13.66N,121.38E
1998-07-01,28.738000000000003,0.295,Santa Cruz,Philippines,13.66N,121.38E
1998-08-01,28.518,0.163,Santa Cruz,Philippines,13.66N,121.38E
1998-09-01,27.713,0.21100000000000002,Santa Cruz,Philippines,13.66N,121.38E
1998-10-01,27.332,0.203,Santa Cruz,Philippines,13.66N,121.38E
1998-11-01,27.445,0.21100000000000002,Santa Cruz,Philippines,13.66N,121.38E
1998-12-01,26.351,0.21600000000000003,Santa Cruz,Philippines,13.66N,121.38E
1999-01-01,25.930999999999997,0.272,Santa Cruz,Philippines,13.66N,121.38E
1999-02-01,25.609,0.389,Santa Cruz,Philippines,13.66N,121.38E
1999-03-01,26.976,0.27,Santa Cruz,Philippines,13.66N,121.38E
1999-04-01,27.558000000000003,0.22899999999999998,Santa Cruz,Philippines,13.66N,121.38E
1999-05-01,28.228,0.145,Santa Cruz,Philippines,13.66N,121.38E
1999-06-01,27.523000000000003,0.149,Santa Cruz,Philippines,13.66N,121.38E
1999-07-01,27.5,0.249,Santa Cruz,Philippines,13.66N,121.38E
1999-08-01,27.205,0.18,Santa Cruz,Philippines,13.66N,121.38E
1999-09-01,27.179000000000002,0.171,Santa Cruz,Philippines,13.66N,121.38E
1999-10-01,27.156999999999996,0.168,Santa Cruz,Philippines,13.66N,121.38E
1999-11-01,26.498,0.249,Santa Cruz,Philippines,13.66N,121.38E
1999-12-01,25.778000000000002,0.345,Santa Cruz,Philippines,13.66N,121.38E
2000-01-01,25.648000000000003,0.139,Santa Cruz,Philippines,13.66N,121.38E
2000-02-01,25.635,0.349,Santa Cruz,Philippines,13.66N,121.38E
2000-03-01,26.579,0.203,Santa Cruz,Philippines,13.66N,121.38E
2000-04-01,28.048000000000002,0.24100000000000002,Santa Cruz,Philippines,13.66N,121.38E
2000-05-01,27.86,0.289,Santa Cruz,Philippines,13.66N,121.38E
2000-06-01,27.936,0.32299999999999995,Santa Cruz,Philippines,13.66N,121.38E
2000-07-01,26.925,0.201,Santa Cruz,Philippines,13.66N,121.38E
2000-08-01,27.729000000000006,0.261,Santa Cruz,Philippines,13.66N,121.38E
2000-09-01,27.241,0.231,Santa Cruz,Philippines,13.66N,121.38E
2000-10-01,26.977,0.341,Santa Cruz,Philippines,13.66N,121.38E
2000-11-01,26.989,0.302,Santa Cruz,Philippines,13.66N,121.38E
2000-12-01,26.034000000000002,0.289,Santa Cruz,Philippines,13.66N,121.38E
2001-01-01,25.838,0.23399999999999999,Santa Cruz,Philippines,13.66N,121.38E
2001-02-01,26.014000000000006,0.192,Santa Cruz,Philippines,13.66N,121.38E
2001-03-01,26.8,0.183,Santa Cruz,Philippines,13.66N,121.38E
2001-04-01,28.281,0.062,Santa Cruz,Philippines,13.66N,121.38E
2001-05-01,28.403000000000002,0.17600000000000002,Santa Cruz,Philippines,13.66N,121.38E
2001-06-01,27.846999999999998,0.282,Santa Cruz,Philippines,13.66N,121.38E
2001-07-01,27.68,0.301,Santa Cruz,Philippines,13.66N,121.38E
2001-08-01,27.578000000000003,0.544,Santa Cruz,Philippines,13.66N,121.38E
2001-09-01,27.792,0.429,Santa Cruz,Philippines,13.66N,121.38E
2001-10-01,27.3,0.205,Santa Cruz,Philippines,13.66N,121.38E
2001-11-01,26.502,0.163,Santa Cruz,Philippines,13.66N,121.38E
2001-12-01,25.516,0.25,Santa Cruz,Philippines,13.66N,121.38E
2002-01-01,25.296,0.27699999999999997,Santa Cruz,Philippines,13.66N,121.38E
2002-02-01,25.203000000000007,0.205,Santa Cruz,Philippines,13.66N,121.38E
2002-03-01,26.309,0.308,Santa Cruz,Philippines,13.66N,121.38E
2002-04-01,27.724,0.174,Santa Cruz,Philippines,13.66N,121.38E
2002-05-01,28.590999999999998,0.259,Santa Cruz,Philippines,13.66N,121.38E
2002-06-01,28.631,0.385,Santa Cruz,Philippines,13.66N,121.38E
2002-07-01,27.503,0.165,Santa Cruz,Philippines,13.66N,121.38E
2002-08-01,27.64,0.282,Santa Cruz,Philippines,13.66N,121.38E
2002-09-01,27.24,0.21100000000000002,Santa Cruz,Philippines,13.66N,121.38E
2002-10-01,27.226,0.258,Santa Cruz,Philippines,13.66N,121.38E
2002-11-01,26.848000000000006,0.168,Santa Cruz,Philippines,13.66N,121.38E
2002-12-01,26.268,0.21899999999999997,Santa Cruz,Philippines,13.66N,121.38E
2003-01-01,25.209,0.204,Santa Cruz,Philippines,13.66N,121.38E
2003-02-01,25.741999999999997,0.405,Santa Cruz,Philippines,13.66N,121.38E
2003-03-01,26.803,0.155,Santa Cruz,Philippines,13.66N,121.38E
2003-04-01,28.499000000000002,0.31,Santa Cruz,Philippines,13.66N,121.38E
2003-05-01,28.326,0.29,Santa Cruz,Philippines,13.66N,121.38E
2003-06-01,27.798,0.361,Santa Cruz,Philippines,13.66N,121.38E
2003-07-01,27.915,0.306,Santa Cruz,Philippines,13.66N,121.38E
2003-08-01,27.793000000000006,0.312,Santa Cruz,Philippines,13.66N,121.38E
2003-09-01,27.219,0.304,Santa Cruz,Philippines,13.66N,121.38E
2003-10-01,27.057,0.406,Santa Cruz,Philippines,13.66N,121.38E
2003-11-01,27.026999999999997,0.254,Santa Cruz,Philippines,13.66N,121.38E
2003-12-01,24.988000000000003,0.284,Santa Cruz,Philippines,13.66N,121.38E
2004-01-01,25.353,0.158,Santa Cruz,Philippines,13.66N,121.38E
2004-02-01,25.651999999999997,0.322,Santa Cruz,Philippines,13.66N,121.38E
2004-03-01,26.985,0.392,Santa Cruz,Philippines,13.66N,121.38E
2004-04-01,28.369,0.195,Santa Cruz,Philippines,13.66N,121.38E
2004-05-01,28.471999999999998,0.114,Santa Cruz,Philippines,13.66N,121.38E
2004-06-01,27.491999999999997,0.265,Santa Cruz,Philippines,13.66N,121.38E
2004-07-01,27.761,0.319,Santa Cruz,Philippines,13.66N,121.38E
2004-08-01,27.48,0.18,Santa Cruz,Philippines,13.66N,121.38E
2004-09-01,27.828000000000003,0.175,Santa Cruz,Philippines,13.66N,121.38E
2004-10-01,26.4,0.34299999999999997,Santa Cruz,Philippines,13.66N,121.38E
2004-11-01,26.523000000000003,0.293,Santa Cruz,Philippines,13.66N,121.38E
2004-12-01,25.513,0.17800000000000002,Santa Cruz,Philippines,13.66N,121.38E
2005-01-01,24.826999999999998,0.207,Santa Cruz,Philippines,13.66N,121.38E
2005-02-01,25.950000000000006,0.41200000000000003,Santa Cruz,Philippines,13.66N,121.38E
2005-03-01,26.680999999999997,0.355,Santa Cruz,Philippines,13.66N,121.38E
2005-04-01,27.713,0.326,Santa Cruz,Philippines,13.66N,121.38E
2005-05-01,29.115,0.158,Santa Cruz,Philippines,13.66N,121.38E
2005-06-01,28.32,0.276,Santa Cruz,Philippines,13.66N,121.38E
2005-07-01,28.028000000000002,0.26899999999999996,Santa Cruz,Philippines,13.66N,121.38E
2005-08-01,27.66,0.371,Santa Cruz,Philippines,13.66N,121.38E
2005-09-01,27.201,0.151,Santa Cruz,Philippines,13.66N,121.38E
2005-10-01,27.011,0.24600000000000002,Santa Cruz,Philippines,13.66N,121.38E
2005-11-01,27.006999999999998,0.226,Santa Cruz,Philippines,13.66N,121.38E
2005-12-01,25.338,0.205,Santa Cruz,Philippines,13.66N,121.38E
2006-01-01,25.695,0.36,Santa Cruz,Philippines,13.66N,121.38E
2006-02-01,25.941000000000006,0.327,Santa Cruz,Philippines,13.66N,121.38E
2006-03-01,26.968000000000004,0.505,Santa Cruz,Philippines,13.66N,121.38E
2006-04-01,28.176,0.483,Santa Cruz,Philippines,13.66N,121.38E
2006-05-01,28.283,0.435,Santa Cruz,Philippines,13.66N,121.38E
2006-06-01,28.248,0.451,Santa Cruz,Philippines,13.66N,121.38E
2006-07-01,27.372,0.262,Santa Cruz,Philippines,13.66N,121.38E
2006-08-01,27.361,0.27399999999999997,Santa Cruz,Philippines,13.66N,121.38E
2006-09-01,27.447,0.213,Santa Cruz,Philippines,13.66N,121.38E
2006-10-01,26.87,0.233,Santa Cruz,Philippines,13.66N,121.38E
2006-11-01,27.447000000000006,0.20600000000000002,Santa Cruz,Philippines,13.66N,121.38E
2006-12-01,26.283,0.213,Santa Cruz,Philippines,13.66N,121.38E
2007-01-01,25.61,0.28,Santa Cruz,Philippines,13.66N,121.38E
2007-02-01,25.829,0.392,Santa Cruz,Philippines,13.66N,121.38E
2007-03-01,26.964000000000002,0.409,Santa Cruz,Philippines,13.66N,121.38E
2007-04-01,28.24,0.237,Santa Cruz,Philippines,13.66N,121.38E
2007-05-01,28.517,0.20600000000000002,Santa Cruz,Philippines,13.66N,121.38E
2007-06-01,28.699,0.315,Santa Cruz,Philippines,13.66N,121.38E
2007-07-01,28.263,0.198,Santa Cruz,Philippines,13.66N,121.38E
2007-08-01,27.668000000000006,0.128,Santa Cruz,Philippines,13.66N,121.38E
2007-09-01,27.439,0.134,Santa Cruz,Philippines,13.66N,121.38E
2007-10-01,26.808000000000003,0.26899999999999996,Santa Cruz,Philippines,13.66N,121.38E
2007-11-01,26.143,0.284,Santa Cruz,Philippines,13.66N,121.38E
2007-12-01,25.848000000000003,0.19699999999999998,Santa Cruz,Philippines,13.66N,121.38E
2008-01-01,25.418000000000003,0.309,Santa Cruz,Philippines,13.66N,121.38E
2008-02-01,25.125999999999998,0.371,Santa Cruz,Philippines,13.66N,121.38E
2008-03-01,26.483,0.478,Santa Cruz,Philippines,13.66N,121.38E
2008-04-01,27.749000000000002,0.264,Santa Cruz,Philippines,13.66N,121.38E
2008-05-01,27.218000000000004,0.127,Santa Cruz,Philippines,13.66N,121.38E
2008-06-01,27.889,0.19399999999999998,Santa Cruz,Philippines,13.66N,121.38E
2008-07-01,27.693,0.205,Santa Cruz,Philippines,13.66N,121.38E
2008-08-01,27.543000000000006,0.258,Santa Cruz,Philippines,13.66N,121.38E
2008-09-01,27.416,0.319,Santa Cruz,Philippines,13.66N,121.38E
2008-10-01,27.367,0.16399999999999998,Santa Cruz,Philippines,13.66N,121.38E
2008-11-01,26.912000000000006,0.212,Santa Cruz,Philippines,13.66N,121.38E
2008-12-01,25.388,0.182,Santa Cruz,Philippines,13.66N,121.38E
2009-01-01,24.525,0.271,Santa Cruz,Philippines,13.66N,121.38E
2009-02-01,25.950000000000006,0.35600000000000004,Santa Cruz,Philippines,13.66N,121.38E
2009-03-01,27.18,0.313,Santa Cruz,Philippines,13.66N,121.38E
2009-04-01,27.302,0.158,Santa Cruz,Philippines,13.66N,121.38E
2009-05-01,27.414,0.257,Santa Cruz,Philippines,13.66N,121.38E
2009-06-01,27.594,0.243,Santa Cruz,Philippines,13.66N,121.38E
2009-07-01,27.463,0.265,Santa Cruz,Philippines,13.66N,121.38E
2009-08-01,28.119,0.366,Santa Cruz,Philippines,13.66N,121.38E
2009-09-01,27.164,0.26,Santa Cruz,Philippines,13.66N,121.38E
2009-10-01,26.82,0.09,Santa Cruz,Philippines,13.66N,121.38E
2009-11-01,26.877,0.19899999999999998,Santa Cruz,Philippines,13.66N,121.38E
2009-12-01,25.259,0.19399999999999998,Santa Cruz,Philippines,13.66N,121.38E
2010-01-01,25.092,0.405,Santa Cruz,Philippines,13.66N,121.38E
2010-02-01,26.138,0.42200000000000004,Santa Cruz,Philippines,13.66N,121.38E
2010-03-01,26.965,0.5820000000000001,Santa Cruz,Philippines,13.66N,121.38E
2010-04-01,28.113000000000003,0.28300000000000003,Santa Cruz,Philippines,13.66N,121.38E
2010-05-01,29.434,0.33299999999999996,Santa Cruz,Philippines,13.66N,121.38E
2010-06-01,28.593000000000004,0.479,Santa Cruz,Philippines,13.66N,121.38E
2010-07-01,27.653000000000002,0.478,Santa Cruz,Philippines,13.66N,121.38E
2010-08-01,27.627,0.235,Santa Cruz,Philippines,13.66N,121.38E
2010-09-01,27.701,0.19399999999999998,Santa Cruz,Philippines,13.66N,121.38E
2010-10-01,27.042,0.23800000000000002,Santa Cruz,Philippines,13.66N,121.38E
2010-11-01,26.673,0.20800000000000002,Santa Cruz,Philippines,13.66N,121.38E
2010-12-01,25.881,0.2,Santa Cruz,Philippines,13.66N,121.38E
2011-01-01,25.025,0.239,Santa Cruz,Philippines,13.66N,121.38E
2011-02-01,25.444000000000006,0.265,Santa Cruz,Philippines,13.66N,121.38E
2011-03-01,25.924,0.298,Santa Cruz,Philippines,13.66N,121.38E
2011-04-01,26.669,0.134,Santa Cruz,Philippines,13.66N,121.38E
2011-05-01,28.07,0.16699999999999998,Santa Cruz,Philippines,13.66N,121.38E
2011-06-01,27.546,0.33,Santa Cruz,Philippines,13.66N,121.38E
2011-07-01,27.345,0.2,Santa Cruz,Philippines,13.66N,121.38E
2011-08-01,27.337,0.332,Santa Cruz,Philippines,13.66N,121.38E
2011-09-01,27.305999999999997,0.28600000000000003,Santa Cruz,Philippines,13.66N,121.38E
2011-10-01,26.924,0.225,Santa Cruz,Philippines,13.66N,121.38E
2011-11-01,26.769,0.33299999999999996,Santa Cruz,Philippines,13.66N,121.38E
2011-12-01,25.841,0.301,Santa Cruz,Philippines,13.66N,121.38E
2012-01-01,25.732,0.36700000000000005,Santa Cruz,Philippines,13.66N,121.38E
2012-02-01,25.899,0.32,Santa Cruz,Philippines,13.66N,121.38E
2012-03-01,26.539,0.179,Santa Cruz,Philippines,13.66N,121.38E
2012-04-01,27.809,0.358,Santa Cruz,Philippines,13.66N,121.38E
2012-05-01,28.299,0.23600000000000002,Santa Cruz,Philippines,13.66N,121.38E
2012-06-01,28.214,0.366,Santa Cruz,Philippines,13.66N,121.38E
2012-07-01,27.489,0.355,Santa Cruz,Philippines,13.66N,121.38E
2012-08-01,27.714,0.544,Santa Cruz,Philippines,13.66N,121.38E
2012-09-01,27.61,0.256,Santa Cruz,Philippines,13.66N,121.38E
2012-10-01,26.946,0.26899999999999996,Santa Cruz,Philippines,13.66N,121.38E
2012-11-01,27.355999999999998,0.408,Santa Cruz,Philippines,13.66N,121.38E
2012-12-01,26.752,0.743,Santa Cruz,Philippines,13.66N,121.38E
2013-01-01,25.369,0.264,Santa Cruz,Philippines,13.66N,121.38E
2013-02-01,26.143,0.213,Santa Cruz,Philippines,13.66N,121.38E
2013-03-01,26.818,1.067,Santa Cruz,Philippines,13.66N,121.38E
2013-04-01,28.781999999999996,0.37,Santa Cruz,Philippines,13.66N,121.38E
2013-05-01,28.981,0.259,Santa Cruz,Philippines,13.66N,121.38E
2013-06-01,28.552,0.42100000000000004,Santa Cruz,Philippines,13.66N,121.38E
2013-07-01,27.871,0.499,Santa Cruz,Philippines,13.66N,121.38E
2013-08-01,27.433000000000003,0.344,Santa Cruz,Philippines,13.66N,121.38E
2013-09-01,,,Santa Cruz,Philippines,13.66N,121.38E
1787-01-01,18.930000000000003,2.738,Santa Cruz De Tenerife,Spain,28.13N,15.45W
1787-02-01,18.243,1.962,Santa Cruz De Tenerife,Spain,28.13N,15.45W
1787-03-01,18.385,2.5540000000000003,Santa Cruz De Tenerife,Spain,28.13N,15.45W
1787-04-01,17.736,2.009,Santa Cruz De Tenerife,Spain,28.13N,15.45W
1787-05-01,19.974,3.21,Santa Cruz De Tenerife,Spain,28.13N,15.45W
1787-06-01,21.668000000000003,2.573,Santa Cruz De Tenerife,Spain,28.13N,15.45W
1787-07-01,21.574,3.523,Santa Cruz De Tenerife,Spain,28.13N,15.45W
1787-08-01,23.320999999999998,3.236,Santa Cruz De Tenerife,Spain,28.13N,15.45W
1787-09-01,,,Santa Cruz De Tenerife,Spain,28.13N,15.45W
1787-10-01,,,Santa Cruz De Tenerife,Spain,28.13N,15.45W
1787-11-01,,,Santa Cruz De Tenerife,Spain,28.13N,15.45W
1787-12-01,,,Santa Cruz De Tenerife,Spain,28.13N,15.45W
1788-01-01,,,Santa Cruz De Tenerife,Spain,28.13N,15.45W
1788-02-01,,,Santa Cruz De Tenerife,Spain,28.13N,15.45W
1788-03-01,,,Santa Cruz De Tenerife,Spain,28.13N,15.45W
1788-04-01,,,Santa Cruz De Tenerife,Spain,28.13N,15.45W
1788-05-01,,,Santa Cruz De Tenerife,Spain,28.13N,15.45W
1788-06-01,,,Santa Cruz De Tenerife,Spain,28.13N,15.45W
1788-07-01,,,Santa Cruz De Tenerife,Spain,28.13N,15.45W
1788-08-01,,,Santa Cruz De Tenerife,Spain,28.13N,15.45W
1788-09-01,,,Santa Cruz De Tenerife,Spain,28.13N,15.45W
1788-10-01,,,Santa Cruz De Tenerife,Spain,28.13N,15.45W
1788-11-01,,,Santa Cruz De Tenerife,Spain,28.13N,15.45W
1788-12-01,15.05,3.654,Santa Cruz De Tenerife,Spain,28.13N,15.45W
1789-01-01,,,Santa Cruz De Tenerife,Spain,28.13N,15.45W
1789-02-01,16.807000000000002,2.957,Santa Cruz De Tenerife,Spain,28.13N,15.45W
1789-03-01,16.232,3.4010000000000002,Santa Cruz De Tenerife,Spain,28.13N,15.45W
1789-04-01,17.048000000000002,2.209,Santa Cruz De Tenerife,Spain,28.13N,15.45W
1789-05-01,19.630000000000006,2.7319999999999998,Santa Cruz De Tenerife,Spain,28.13N,15.45W
1789-06-01,21.134,1.639,Santa Cruz De Tenerife,Spain,28.13N,15.45W
1789-07-01,23.151999999999997,1.892,Santa Cruz De Tenerife,Spain,28.13N,15.45W
1789-08-01,23.529,1.6669999999999998,Santa Cruz De Tenerife,Spain,28.13N,15.45W
1789-09-01,23.406,1.619,Santa Cruz De Tenerife,Spain,28.13N,15.45W
1789-10-01,20.408,2.431,Santa Cruz De Tenerife,Spain,28.13N,15.45W
1789-11-01,19.692,1.5490000000000002,Santa Cruz De Tenerife,Spain,28.13N,15.45W
1789-12-01,18.447,1.891,Santa Cruz De Tenerife,Spain,28.13N,15.45W
1790-01-01,17.692999999999998,3.28,Santa Cruz De Tenerife,Spain,28.13N,15.45W
1790-02-01,17.619999999999994,3.5639999999999996,Santa Cruz De Tenerife,Spain,28.13N,15.45W
1790-03-01,17.901999999999994,1.7469999999999999,Santa Cruz De Tenerife,Spain,28.13N,15.45W
1790-04-01,16.683,2.126,Santa Cruz De Tenerife,Spain,28.13N,15.45W
1790-05-01,18.358,1.649,Santa Cruz De Tenerife,Spain,28.13N,15.45W
1790-06-01,21.844,2.019,Santa Cruz De Tenerife,Spain,28.13N,15.45W
1790-07-01,22.488000000000003,1.845,Santa Cruz De Tenerife,Spain,28.13N,15.45W
1790-08-01,23.520000000000003,1.7530000000000001,Santa Cruz De Tenerife,Spain,28.13N,15.45W
1790-09-01,23.083000000000002,1.865,Santa Cruz De Tenerife,Spain,28.13N,15.45W
1790-10-01,21.263,2.109,Santa Cruz De Tenerife,Spain,28.13N,15.45W
1790-11-01,19.391,1.625,Santa Cruz De Tenerife,Spain,28.13N,15.45W
1790-12-01,18.544,5.925,Santa Cruz De Tenerife,Spain,28.13N,15.45W
1791-01-01,18.331000000000003,4.873,Santa Cruz De Tenerife,Spain,28.13N,15.45W
1791-02-01,17.534999999999997,1.6969999999999998,Santa Cruz De Tenerife,Spain,28.13N,15.45W
1791-03-01,18.562,2.597,Santa Cruz De Tenerife,Spain,28.13N,15.45W
1791-04-01,18.753,2.1790000000000003,Santa Cruz De Tenerife,Spain,28.13N,15.45W
1791-05-01,18.462,1.875,Santa Cruz De Tenerife,Spain,28.13N,15.45W
1791-06-01,20.588,1.913,Santa Cruz De Tenerife,Spain,28.13N,15.45W
1791-07-01,22.504,1.883,Santa Cruz De Tenerife,Spain,28.13N,15.45W
1791-08-01,24.002,1.508,Santa Cruz De Tenerife,Spain,28.13N,15.45W
1791-09-01,23.378,1.962,Santa Cruz De Tenerife,Spain,28.13N,15.45W
1791-10-01,21.236,1.516,Santa Cruz De Tenerife,Spain,28.13N,15.45W
1791-11-01,20.569000000000003,2.345,Santa Cruz De Tenerife,Spain,28.13N,15.45W
1791-12-01,18.438,2.127,Santa Cruz De Tenerife,Spain,28.13N,15.45W
1792-01-01,15.665000000000004,3.66,Santa Cruz De Tenerife,Spain,28.13N,15.45W
1792-02-01,18.388,2.861,Santa Cruz De Tenerife,Spain,28.13N,15.45W
1792-03-01,,,Santa Cruz De Tenerife,Spain,28.13N,15.45W
1792-04-01,,,Santa Cruz De Tenerife,Spain,28.13N,15.45W
1792-05-01,,,Santa Cruz De Tenerife,Spain,28.13N,15.45W
1792-06-01,,,Santa Cruz De Tenerife,Spain,28.13N,15.45W
1792-07-01,,,Santa Cruz De Tenerife,Spain,28.13N,15.45W
1792-08-01,,,Santa Cruz De Tenerife,Spain,28.13N,15.45W
1792-09-01,,,Santa Cruz De Tenerife,Spain,28.13N,15.45W
1792-10-01,,,Santa Cruz De Tenerife,Spain,28.13N,15.45W
1792-11-01,,,Santa Cruz De Tenerife,Spain,28.13N,15.45W
1792-12-01,,,Santa Cruz De Tenerife,Spain,28.13N,15.45W
1793-01-01,,,Santa Cruz De Tenerife,Spain,28.13N,15.45W
1793-02-01,,,Santa Cruz De Tenerife,Spain,28.13N,15.45W
1793-03-01,17.511999999999997,2.7089999999999996,Santa Cruz De Tenerife,Spain,28.13N,15.45W
1793-04-01,18.615,2.021,Santa Cruz De Tenerife,Spain,28.13N,15.45W
1793-05-01,19.820999999999998,1.9140000000000001,Santa Cruz De Tenerife,Spain,28.13N,15.45W
1793-06-01,,,Santa Cruz De Tenerife,Spain,28.13N,15.45W
1793-07-01,,,Santa Cruz De Tenerife,Spain,28.13N,15.45W
1793-08-01,23.110000000000007,3.1639999999999997,Santa Cruz De Tenerife,Spain,28.13N,15.45W
1793-09-01,,,Santa Cruz De Tenerife,Spain,28.13N,15.45W
1793-10-01,,,Santa Cruz De Tenerife,Spain,28.13N,15.45W
1793-11-01,20.149,3.9139999999999997,Santa Cruz De Tenerife,Spain,28.13N,15.45W
1793-12-01,17.274,1.5819999999999999,Santa Cruz De Tenerife,Spain,28.13N,15.45W
1794-01-01,17.993000000000006,2.985,Santa Cruz De Tenerife,Spain,28.13N,15.45W
1794-02-01,,,Santa Cruz De Tenerife,Spain,28.13N,15.45W
1794-03-01,18.564,1.764,Santa Cruz De Tenerife,Spain,28.13N,15.45W
1794-04-01,19.342,1.7280000000000002,Santa Cruz De Tenerife,Spain,28.13N,15.45W
1794-05-01,20.447000000000006,1.864,Santa Cruz De Tenerife,Spain,28.13N,15.45W
1794-06-01,19.29,1.983,Santa Cruz De Tenerife,Spain,28.13N,15.45W
1794-07-01,20.818,2.432,Santa Cruz De Tenerife,Spain,28.13N,15.45W
1794-08-01,23.041999999999998,1.5930000000000002,Santa Cruz De Tenerife,Spain,28.13N,15.45W
1794-09-01,22.98,2.249,Santa Cruz De Tenerife,Spain,28.13N,15.45W
1794-10-01,22.377,1.9969999999999999,Santa Cruz De Tenerife,Spain,28.13N,15.45W
1794-11-01,19.758,2.276,Santa Cruz De Tenerife,Spain,28.13N,15.45W
1794-12-01,17.694000000000003,2.235,Santa Cruz De Tenerife,Spain,28.13N,15.45W
1795-01-01,18.667,2.303,Santa Cruz De Tenerife,Spain,28.13N,15.45W
1795-02-01,19.016,4.121,Santa Cruz De Tenerife,Spain,28.13N,15.45W
1795-03-01,18.47,1.9280000000000002,Santa Cruz De Tenerife,Spain,28.13N,15.45W
1795-04-01,18.952,2.15,Santa Cruz De Tenerife,Spain,28.13N,15.45W
1795-05-01,,,Santa Cruz De Tenerife,Spain,28.13N,15.45W
1795-06-01,,,Santa Cruz De Tenerife,Spain,28.13N,15.45W
1795-07-01,,,Santa Cruz De Tenerife,Spain,28.13N,15.45W
1795-08-01,,,Santa Cruz De Tenerife,Spain,28.13N,15.45W
1795-09-01,,,Santa Cruz De Tenerife,Spain,28.13N,15.45W
1795-10-01,,,Santa Cruz De Tenerife,Spain,28.13N,15.45W
1795-11-01,,,Santa Cruz De Tenerife,Spain,28.13N,15.45W
1795-12-01,,,Santa Cruz De Tenerife,Spain,28.13N,15.45W
1796-01-01,,,Santa Cruz De Tenerife,Spain,28.13N,15.45W
1796-02-01,,,Santa Cruz De Tenerife,Spain,28.13N,15.45W
1796-03-01,,,Santa Cruz De Tenerife,Spain,28.13N,15.45W
1796-04-01,,,Santa Cruz De Tenerife,Spain,28.13N,15.45W
1796-05-01,,,Santa Cruz De Tenerife,Spain,28.13N,15.45W
1796-06-01,,,Santa Cruz De Tenerife,Spain,28.13N,15.45W
1796-07-01,,,Santa Cruz De Tenerife,Spain,28.13N,15.45W
1796-08-01,,,Santa Cruz De Tenerife,Spain,28.13N,15.45W
1796-09-01,,,Santa Cruz De Tenerife,Spain,28.13N,15.45W
1796-10-01,,,Santa Cruz De Tenerife,Spain,28.13N,15.45W
1796-11-01,,,Santa Cruz De Tenerife,Spain,28.13N,15.45W
1796-12-01,,,Santa Cruz De Tenerife,Spain,28.13N,15.45W
1797-01-01,,,Santa Cruz De Tenerife,Spain,28.13N,15.45W
1797-02-01,,,Santa Cruz De Tenerife,Spain,28.13N,15.45W
1797-03-01,,,Santa Cruz De Tenerife,Spain,28.13N,15.45W
1797-04-01,,,Santa Cruz De Tenerife,Spain,28.13N,15.45W
1797-05-01,,,Santa Cruz De Tenerife,Spain,28.13N,15.45W
1797-06-01,,,Santa Cruz De Tenerife,Spain,28.13N,15.45W
1797-07-01,,,Santa Cruz De Tenerife,Spain,28.13N,15.45W
1797-08-01,,,Santa Cruz De Tenerife,Spain,28.13N,15.45W
1797-09-01,,,Santa Cruz De Tenerife,Spain,28.13N,15.45W
1797-10-01,,,Santa Cruz De Tenerife,Spain,28.13N,15.45W
1797-11-01,,,Santa Cruz De Tenerife,Spain,28.13N,15.45W
1797-12-01,,,Santa Cruz De Tenerife,Spain,28.13N,15.45W
1798-01-01,,,Santa Cruz De Tenerife,Spain,28.13N,15.45W
1798-02-01,,,Santa Cruz De Tenerife,Spain,28.13N,15.45W
1798-03-01,,,Santa Cruz De Tenerife,Spain,28.13N,15.45W
1798-04-01,,,Santa Cruz De Tenerife,Spain,28.13N,15.45W
1798-05-01,,,Santa Cruz De Tenerife,Spain,28.13N,15.45W
1798-06-01,,,Santa Cruz De Tenerife,Spain,28.13N,15.45W
1798-07-01,,,Santa Cruz De Tenerife,Spain,28.13N,15.45W
1798-08-01,,,Santa Cruz De Tenerife,Spain,28.13N,15.45W
1798-09-01,,,Santa Cruz De Tenerife,Spain,28.13N,15.45W
1798-10-01,,,Santa Cruz De Tenerife,Spain,28.13N,15.45W
1798-11-01,,,Santa Cruz De Tenerife,Spain,28.13N,15.45W
1798-12-01,,,Santa Cruz De Tenerife,Spain,28.13N,15.45W
1799-01-01,17.369000000000003,2.2,Santa Cruz De Tenerife,Spain,28.13N,15.45W
1799-02-01,16.064,2.515,Santa Cruz De Tenerife,Spain,28.13N,15.45W
1799-03-01,16.881999999999998,2.2159999999999997,Santa Cruz De Tenerife,Spain,28.13N,15.45W
1799-04-01,18.121,2.687,Santa Cruz De Tenerife,Spain,28.13N,15.45W
1799-05-01,19.476000000000006,1.649,Santa Cruz De Tenerife,Spain,28.13N,15.45W
1799-06-01,21.618000000000002,2.251,Santa Cruz De Tenerife,Spain,28.13N,15.45W
1799-07-01,23.729000000000006,2.3040000000000003,Santa Cruz De Tenerife,Spain,28.13N,15.45W
1799-08-01,23.680000000000003,1.912,Santa Cruz De Tenerife,Spain,28.13N,15.45W
1799-09-01,,,Santa Cruz De Tenerife,Spain,28.13N,15.45W
1799-10-01,,,Santa Cruz De Tenerife,Spain,28.13N,15.45W
1799-11-01,,,Santa Cruz De Tenerife,Spain,28.13N,15.45W
1799-12-01,,,Santa Cruz De Tenerife,Spain,28.13N,15.45W
1800-01-01,17.274,1.8969999999999998,Santa Cruz De Tenerife,Spain,28.13N,15.45W
1800-02-01,17.816999999999997,3.535,Santa Cruz De Tenerife,Spain,28.13N,15.45W
1800-03-01,16.705,3.071,Santa Cruz De Tenerife,Spain,28.13N,15.45W
1800-04-01,18.883000000000006,1.965,Santa Cruz De Tenerife,Spain,28.13N,15.45W
1800-05-01,18.785,1.8090000000000002,Santa Cruz De Tenerife,Spain,28.13N,15.45W
1800-06-01,21.498,1.733,Santa Cruz De Tenerife,Spain,28.13N,15.45W
1800-07-01,23.085,1.396,Santa Cruz De Tenerife,Spain,28.13N,15.45W
1800-08-01,24.084000000000003,2.177,Santa Cruz De Tenerife,Spain,28.13N,15.45W
1800-09-01,22.538,2.1719999999999997,Santa Cruz De Tenerife,Spain,28.13N,15.45W
1800-10-01,23.182,1.781,Santa Cruz De Tenerife,Spain,28.13N,15.45W
1800-11-01,20.571,1.874,Santa Cruz De Tenerife,Spain,28.13N,15.45W
1800-12-01,18.732,2.123,Santa Cruz De Tenerife,Spain,28.13N,15.45W
1801-01-01,18.144,1.653,Santa Cruz De Tenerife,Spain,28.13N,15.45W
1801-02-01,16.779,1.587,Santa Cruz De Tenerife,Spain,28.13N,15.45W
1801-03-01,19.436,1.68,Santa Cruz De Tenerife,Spain,28.13N,15.45W
1801-04-01,17.921,1.883,Santa Cruz De Tenerife,Spain,28.13N,15.45W
1801-05-01,21.068,2.289,Santa Cruz De Tenerife,Spain,28.13N,15.45W
1801-06-01,21.004,1.926,Santa Cruz De Tenerife,Spain,28.13N,15.45W
1801-07-01,23.160999999999998,2.4290000000000003,Santa Cruz De Tenerife,Spain,28.13N,15.45W
1801-08-01,22.739,1.945,Santa Cruz De Tenerife,Spain,28.13N,15.45W
1801-09-01,,,Santa Cruz De Tenerife,Spain,28.13N,15.45W
1801-10-01,,,Santa Cruz De Tenerife,Spain,28.13N,15.45W
1801-11-01,,,Santa Cruz De Tenerife,Spain,28.13N,15.45W
1801-12-01,,,Santa Cruz De Tenerife,Spain,28.13N,15.45W
1802-01-01,,,Santa Cruz De Tenerife,Spain,28.13N,15.45W
1802-02-01,,,Santa Cruz De Tenerife,Spain,28.13N,15.45W
1802-03-01,,,Santa Cruz De Tenerife,Spain,28.13N,15.45W
1802-04-01,,,Santa Cruz De Tenerife,Spain,28.13N,15.45W
1802-05-01,,,Santa Cruz De Tenerife,Spain,28.13N,15.45W
1802-06-01,,,Santa Cruz De Tenerife,Spain,28.13N,15.45W
1802-07-01,,,Santa Cruz De Tenerife,Spain,28.13N,15.45W
1802-08-01,,,Santa Cruz De Tenerife,Spain,28.13N,15.45W
1802-09-01,,,Santa Cruz De Tenerife,Spain,28.13N,15.45W
1802-10-01,,,Santa Cruz De Tenerife,Spain,28.13N,15.45W
1802-11-01,19.94,2.0780000000000003,Santa Cruz De Tenerife,Spain,28.13N,15.45W
1802-12-01,17.500999999999998,2.319,Santa Cruz De Tenerife,Spain,28.13N,15.45W
1803-01-01,14.888000000000002,2.536,Santa Cruz De Tenerife,Spain,28.13N,15.45W
1803-02-01,15.194,2.374,Santa Cruz De Tenerife,Spain,28.13N,15.45W
1803-03-01,,,Santa Cruz De Tenerife,Spain,28.13N,15.45W
1803-04-01,,,Santa Cruz De Tenerife,Spain,28.13N,15.45W
1803-05-01,,,Santa Cruz De Tenerife,Spain,28.13N,15.45W
1803-06-01,,,Santa Cruz De Tenerife,Spain,28.13N,15.45W
1803-07-01,,,Santa Cruz De Tenerife,Spain,28.13N,15.45W
1803-08-01,,,Santa Cruz De Tenerife,Spain,28.13N,15.45W
1803-09-01,,,Santa Cruz De Tenerife,Spain,28.13N,15.45W
1803-10-01,,,Santa Cruz De Tenerife,Spain,28.13N,15.45W
1803-11-01,20.32,2.133,Santa Cruz De Tenerife,Spain,28.13N,15.45W
1803-12-01,16.99,2.374,Santa Cruz De Tenerife,Spain,28.13N,15.45W
1804-01-01,17.352999999999998,3.3989999999999996,Santa Cruz De Tenerife,Spain,28.13N,15.45W
1804-02-01,16.121,2.1109999999999998,Santa Cruz De Tenerife,Spain,28.13N,15.45W
1804-03-01,17.084999999999994,2.721,Santa Cruz De Tenerife,Spain,28.13N,15.45W
1804-04-01,,,Santa Cruz De Tenerife,Spain,28.13N,15.45W
1804-05-01,20.345,1.761,Santa Cruz De Tenerife,Spain,28.13N,15.45W
1804-06-01,22.276,1.541,Santa Cruz De Tenerife,Spain,28.13N,15.45W
1804-07-01,,,Santa Cruz De Tenerife,Spain,28.13N,15.45W
1804-08-01,,,Santa Cruz De Tenerife,Spain,28.13N,15.45W
1804-09-01,,,Santa Cruz De Tenerife,Spain,28.13N,15.45W
1804-10-01,21.745,1.8419999999999999,Santa Cruz De Tenerife,Spain,28.13N,15.45W
1804-11-01,20.635,3.1830000000000003,Santa Cruz De Tenerife,Spain,28.13N,15.45W
1804-12-01,,,Santa Cruz De Tenerife,Spain,28.13N,15.45W
1805-01-01,,,Santa Cruz De Tenerife,Spain,28.13N,15.45W
1805-02-01,16.674,2.306,Santa Cruz De Tenerife,Spain,28.13N,15.45W
1805-03-01,18.094,1.5430000000000001,Santa Cruz De Tenerife,Spain,28.13N,15.45W
1805-04-01,17.951,2.355,Santa Cruz De Tenerife,Spain,28.13N,15.45W
1805-05-01,19.565,1.4969999999999999,Santa Cruz De Tenerife,Spain,28.13N,15.45W
1805-06-01,21.753,2.246,Santa Cruz De Tenerife,Spain,28.13N,15.45W
1805-07-01,23.121,1.867,Santa Cruz De Tenerife,Spain,28.13N,15.45W
1805-08-01,25.335,2.042,Santa Cruz De Tenerife,Spain,28.13N,15.45W
1805-09-01,23.996,2.181,Santa Cruz De Tenerife,Spain,28.13N,15.45W
1805-10-01,20.552,1.942,Santa Cruz De Tenerife,Spain,28.13N,15.45W
1805-11-01,19.591,2.371,Santa Cruz De Tenerife,Spain,28.13N,15.45W
1805-12-01,18.435,1.7109999999999999,Santa Cruz De Tenerife,Spain,28.13N,15.45W
1806-01-01,17.361,1.726,Santa Cruz De Tenerife,Spain,28.13N,15.45W
1806-02-01,16.913999999999998,2.541,Santa Cruz De Tenerife,Spain,28.13N,15.45W
1806-03-01,17.506999999999998,1.85,Santa Cruz De Tenerife,Spain,28.13N,15.45W
1806-04-01,17.662,2.248,Santa Cruz De Tenerife,Spain,28.13N,15.45W
1806-05-01,19.334,1.6219999999999999,Santa Cruz De Tenerife,Spain,28.13N,15.45W
1806-06-01,20.305,1.679,Santa Cruz De Tenerife,Spain,28.13N,15.45W
1806-07-01,23.403,1.7069999999999999,Santa Cruz De Tenerife,Spain,28.13N,15.45W
1806-08-01,25.144,2.122,Santa Cruz De Tenerife,Spain,28.13N,15.45W
1806-09-01,24.121,2.1069999999999998,Santa Cruz De Tenerife,Spain,28.13N,15.45W
1806-10-01,21.371,1.406,Santa Cruz De Tenerife,Spain,28.13N,15.45W
1806-11-01,19.621,1.722,Santa Cruz De Tenerife,Spain,28.13N,15.45W
1806-12-01,18.276,2.028,Santa Cruz De Tenerife,Spain,28.13N,15.45W
1807-01-01,16.375999999999998,1.994,Santa Cruz De Tenerife,Spain,28.13N,15.45W
1807-02-01,17.409000000000002,3.377,Santa Cruz De Tenerife,Spain,28.13N,15.45W
1807-03-01,17.154999999999998,2.707,Santa Cruz De Tenerife,Spain,28.13N,15.45W
1807-04-01,17.525000000000002,1.9709999999999999,Santa Cruz De Tenerife,Spain,28.13N,15.45W
1807-05-01,,,Santa Cruz De Tenerife,Spain,28.13N,15.45W
1807-06-01,21.536,1.5019999999999998,Santa Cruz De Tenerife,Spain,28.13N,15.45W
1807-07-01,22.49,2.553,Santa Cruz De Tenerife,Spain,28.13N,15.45W
1807-08-01,23.624,2.199,Santa Cruz De Tenerife,Spain,28.13N,15.45W
1807-09-01,24.285,1.689,Santa Cruz De Tenerife,Spain,28.13N,15.45W
1807-10-01,22.083000000000002,1.544,Santa Cruz De Tenerife,Spain,28.13N,15.45W
1807-11-01,19.224,1.8869999999999998,Santa Cruz De Tenerife,Spain,28.13N,15.45W
1807-12-01,18.925,1.719,Santa Cruz De Tenerife,Spain,28.13N,15.45W
1808-01-01,17.333000000000002,1.867,Santa Cruz De Tenerife,Spain,28.13N,15.45W
1808-02-01,15.595,1.775,Santa Cruz De Tenerife,Spain,28.13N,15.45W
1808-03-01,16.997999999999998,3.417,Santa Cruz De Tenerife,Spain,28.13N,15.45W
1808-04-01,17.68,1.6680000000000001,Santa Cruz De Tenerife,Spain,28.13N,15.45W
1808-05-01,18.359,2.766,Santa Cruz De Tenerife,Spain,28.13N,15.45W
1808-06-01,22.204,1.6840000000000002,Santa Cruz De Tenerife,Spain,28.13N,15.45W
1808-07-01,24.162000000000006,1.466,Santa Cruz De Tenerife,Spain,28.13N,15.45W
1808-08-01,23.14,1.805,Santa Cruz De Tenerife,Spain,28.13N,15.45W
1808-09-01,23.316,2.399,Santa Cruz De Tenerife,Spain,28.13N,15.45W
1808-10-01,20.627,1.5090000000000001,Santa Cruz De Tenerife,Spain,28.13N,15.45W
1808-11-01,18.441,1.766,Santa Cruz De Tenerife,Spain,28.13N,15.45W
1808-12-01,15.151,1.84,Santa Cruz De Tenerife,Spain,28.13N,15.45W
1809-01-01,14.984000000000002,2.65,Santa Cruz De Tenerife,Spain,28.13N,15.45W
1809-02-01,16.267999999999994,2.2840000000000003,Santa Cruz De Tenerife,Spain,28.13N,15.45W
1809-03-01,14.957999999999998,2.151,Santa Cruz De Tenerife,Spain,28.13N,15.45W
1809-04-01,16.892,3.2889999999999997,Santa Cruz De Tenerife,Spain,28.13N,15.45W
1809-05-01,17.741,2.217,Santa Cruz De Tenerife,Spain,28.13N,15.45W
1809-06-01,20.758000000000003,1.364,Santa Cruz De Tenerife,Spain,28.13N,15.45W
1809-07-01,20.880000000000006,1.597,Santa Cruz De Tenerife,Spain,28.13N,15.45W
1809-08-01,,,Santa Cruz De Tenerife,Spain,28.13N,15.45W
1809-09-01,,,Santa Cruz De Tenerife,Spain,28.13N,15.45W
1809-10-01,22.208000000000002,3.865,Santa Cruz De Tenerife,Spain,28.13N,15.45W
1809-11-01,17.74,1.8769999999999998,Santa Cruz De Tenerife,Spain,28.13N,15.45W
1809-12-01,17.039,3.142,Santa Cruz De Tenerife,Spain,28.13N,15.45W
1810-01-01,,,Santa Cruz De Tenerife,Spain,28.13N,15.45W
1810-02-01,,,Santa Cruz De Tenerife,Spain,28.13N,15.45W
1810-03-01,,,Santa Cruz De Tenerife,Spain,28.13N,15.45W
1810-04-01,,,Santa Cruz De Tenerife,Spain,28.13N,15.45W
1810-05-01,,,Santa Cruz De Tenerife,Spain,28.13N,15.45W
1810-06-01,,,Santa Cruz De Tenerife,Spain,28.13N,15.45W
1810-07-01,,,Santa Cruz De Tenerife,Spain,28.13N,15.45W
1810-08-01,,,Santa Cruz De Tenerife,Spain,28.13N,15.45W
1810-09-01,,,Santa Cruz De Tenerife,Spain,28.13N,15.45W
1810-10-01,,,Santa Cruz De Tenerife,Spain,28.13N,15.45W
1810-11-01,,,Santa Cruz De Tenerife,Spain,28.13N,15.45W
1810-12-01,,,Santa Cruz De Tenerife,Spain,28.13N,15.45W
1811-01-01,,,Santa Cruz De Tenerife,Spain,28.13N,15.45W
1811-02-01,,,Santa Cruz De Tenerife,Spain,28.13N,15.45W
1811-03-01,,,Santa Cruz De Tenerife,Spain,28.13N,15.45W
1811-04-01,,,Santa Cruz De Tenerife,Spain,28.13N,15.45W
1811-05-01,,,Santa Cruz De Tenerife,Spain,28.13N,15.45W
1811-06-01,19.708,2.761,Santa Cruz De Tenerife,Spain,28.13N,15.45W
1811-07-01,19.917,2.6060000000000003,Santa Cruz De Tenerife,Spain,28.13N,15.45W
1811-08-01,23.058000000000003,3.238,Santa Cruz De Tenerife,Spain,28.13N,15.45W
1811-09-01,,,Santa Cruz De Tenerife,Spain,28.13N,15.45W
1811-10-01,,,Santa Cruz De Tenerife,Spain,28.13N,15.45W
1811-11-01,,,Santa Cruz De Tenerife,Spain,28.13N,15.45W
1811-12-01,,,Santa Cruz De Tenerife,Spain,28.13N,15.45W
1812-01-01,,,Santa Cruz De Tenerife,Spain,28.13N,15.45W
1812-02-01,,,Santa Cruz De Tenerife,Spain,28.13N,15.45W
1812-03-01,,,Santa Cruz De Tenerife,Spain,28.13N,15.45W
1812-04-01,,,Santa Cruz De Tenerife,Spain,28.13N,15.45W
1812-05-01,16.900000000000002,2.147,Santa Cruz De Tenerife,Spain,28.13N,15.45W
1812-06-01,20.36,1.479,Santa Cruz De Tenerife,Spain,28.13N,15.45W
1812-07-01,22.895000000000003,1.6469999999999998,Santa Cruz De Tenerife,Spain,28.13N,15.45W
1812-08-01,25.041999999999998,3.4139999999999997,Santa Cruz De Tenerife,Spain,28.13N,15.45W
1812-09-01,22.274,1.5859999999999999,Santa Cruz De Tenerife,Spain,28.13N,15.45W
1812-10-01,20.88,2.755,Santa Cruz De Tenerife,Spain,28.13N,15.45W
1812-11-01,19.569000000000003,2.398,Santa Cruz De Tenerife,Spain,28.13N,15.45W
1812-12-01,16.368,2.248,Santa Cruz De Tenerife,Spain,28.13N,15.45W
1813-01-01,14.258000000000004,2.971,Santa Cruz De Tenerife,Spain,28.13N,15.45W
1813-02-01,16.641,1.882,Santa Cruz De Tenerife,Spain,28.13N,15.45W
1813-03-01,15.047999999999998,5.379,Santa Cruz De Tenerife,Spain,28.13N,15.45W
1813-04-01,18.166,1.609,Santa Cruz De Tenerife,Spain,28.13N,15.45W
1813-05-01,19.148,4.147,Santa Cruz De Tenerife,Spain,28.13N,15.45W
1813-06-01,20.524,2.379,Santa Cruz De Tenerife,Spain,28.13N,15.45W
1813-07-01,22.518,1.7830000000000001,Santa Cruz De Tenerife,Spain,28.13N,15.45W
1813-08-01,23.046999999999997,1.591,Santa Cruz De Tenerife,Spain,28.13N,15.45W
1813-09-01,23.413,1.676,Santa Cruz De Tenerife,Spain,28.13N,15.45W
1813-10-01,20.934,1.568,Santa Cruz De Tenerife,Spain,28.13N,15.45W
1813-11-01,21.423000000000002,1.9269999999999998,Santa Cruz De Tenerife,Spain,28.13N,15.45W
1813-12-01,17.641,2.138,Santa Cruz De Tenerife,Spain,28.13N,15.45W
1814-01-01,,,Santa Cruz De Tenerife,Spain,28.13N,15.45W
1814-02-01,,,Santa Cruz De Tenerife,Spain,28.13N,15.45W
1814-03-01,,,Santa Cruz De Tenerife,Spain,28.13N,15.45W
1814-04-01,,,Santa Cruz De Tenerife,Spain,28.13N,15.45W
1814-05-01,,,Santa Cruz De Tenerife,Spain,28.13N,15.45W
1814-06-01,,,Santa Cruz De Tenerife,Spain,28.13N,15.45W
1814-07-01,,,Santa Cruz De Tenerife,Spain,28.13N,15.45W
1814-08-01,,,Santa Cruz De Tenerife,Spain,28.13N,15.45W
1814-09-01,,,Santa Cruz De Tenerife,Spain,28.13N,15.45W
1814-10-01,,,Santa Cruz De Tenerife,Spain,28.13N,15.45W
1814-11-01,,,Santa Cruz De Tenerife,Spain,28.13N,15.45W
1814-12-01,,,Santa Cruz De Tenerife,Spain,28.13N,15.45W
1815-01-01,,,Santa Cruz De Tenerife,Spain,28.13N,15.45W
1815-02-01,,,Santa Cruz De Tenerife,Spain,28.13N,15.45W
1815-03-01,,,Santa Cruz De Tenerife,Spain,28.13N,15.45W
1815-04-01,,,Santa Cruz De Tenerife,Spain,28.13N,15.45W
1815-05-01,,,Santa Cruz De Tenerife,Spain,28.13N,15.45W
1815-06-01,,,Santa Cruz De Tenerife,Spain,28.13N,15.45W
1815-07-01,,,Santa Cruz De Tenerife,Spain,28.13N,15.45W
1815-08-01,,,Santa Cruz De Tenerife,Spain,28.13N,15.45W
1815-09-01,,,Santa Cruz De Tenerife,Spain,28.13N,15.45W
1815-10-01,,,Santa Cruz De Tenerife,Spain,28.13N,15.45W
1815-11-01,,,Santa Cruz De Tenerife,Spain,28.13N,15.45W
1815-12-01,,,Santa Cruz De Tenerife,Spain,28.13N,15.45W
1816-01-01,,,Santa Cruz De Tenerife,Spain,28.13N,15.45W
1816-02-01,,,Santa Cruz De Tenerife,Spain,28.13N,15.45W
1816-03-01,,,Santa Cruz De Tenerife,Spain,28.13N,15.45W
1816-04-01,,,Santa Cruz De Tenerife,Spain,28.13N,15.45W
1816-05-01,,,Santa Cruz De Tenerife,Spain,28.13N,15.45W
1816-06-01,,,Santa Cruz De Tenerife,Spain,28.13N,15.45W
1816-07-01,,,Santa Cruz De Tenerife,Spain,28.13N,15.45W
1816-08-01,,,Santa Cruz De Tenerife,Spain,28.13N,15.45W
1816-09-01,21.896,1.527,Santa Cruz De Tenerife,Spain,28.13N,15.45W
1816-10-01,19.45,4.765,Santa Cruz De Tenerife,Spain,28.13N,15.45W
1816-11-01,19.153,5.1770000000000005,Santa Cruz De Tenerife,Spain,28.13N,15.45W
1816-12-01,17.372,1.909,Santa Cruz De Tenerife,Spain,28.13N,15.45W
1817-01-01,17.102999999999998,3.859,Santa Cruz De Tenerife,Spain,28.13N,15.45W
1817-02-01,19.043,2.8510000000000004,Santa Cruz De Tenerife,Spain,28.13N,15.45W
1817-03-01,18.95,3.022,Santa Cruz De Tenerife,Spain,28.13N,15.45W
1817-04-01,,,Santa Cruz De Tenerife,Spain,28.13N,15.45W
1817-05-01,18.234,2.404,Santa Cruz De Tenerife,Spain,28.13N,15.45W
1817-06-01,,,Santa Cruz De Tenerife,Spain,28.13N,15.45W
1817-07-01,20.963,1.715,Santa Cruz De Tenerife,Spain,28.13N,15.45W
1817-08-01,22.939,2.38,Santa Cruz De Tenerife,Spain,28.13N,15.45W
1817-09-01,20.738000000000003,2.197,Santa Cruz De Tenerife,Spain,28.13N,15.45W
1817-10-01,20.428,2.9019999999999997,Santa Cruz De Tenerife,Spain,28.13N,15.45W
1817-11-01,20.636,2.6860000000000004,Santa Cruz De Tenerife,Spain,28.13N,15.45W
1817-12-01,16.657,2.722,Santa Cruz De Tenerife,Spain,28.13N,15.45W
1818-01-01,16.996000000000002,3.056,Santa Cruz De Tenerife,Spain,28.13N,15.45W
1818-02-01,16.548,2.717,Santa Cruz De Tenerife,Spain,28.13N,15.45W
1818-03-01,19.32,2.274,Santa Cruz De Tenerife,Spain,28.13N,15.45W
1818-04-01,19.426,4.419,Santa Cruz De Tenerife,Spain,28.13N,15.45W
1818-05-01,19.035,2.582,Santa Cruz De Tenerife,Spain,28.13N,15.45W
1818-06-01,21.494,3.424,Santa Cruz De Tenerife,Spain,28.13N,15.45W
1818-07-01,22.112,2.625,Santa Cruz De Tenerife,Spain,28.13N,15.45W
1818-08-01,23.049000000000003,1.821,Santa Cruz De Tenerife,Spain,28.13N,15.45W
1818-09-01,22.456999999999997,2.247,Santa Cruz De Tenerife,Spain,28.13N,15.45W
1818-10-01,20.538,2.215,Santa Cruz De Tenerife,Spain,28.13N,15.45W
1818-11-01,20.157,4.088,Santa Cruz De Tenerife,Spain,28.13N,15.45W
1818-12-01,17.746,1.847,Santa Cruz De Tenerife,Spain,28.13N,15.45W
1819-01-01,16.775000000000002,2.844,Santa Cruz De Tenerife,Spain,28.13N,15.45W
1819-02-01,16.808,3.093,Santa Cruz De Tenerife,Spain,28.13N,15.45W
1819-03-01,16.201999999999998,5.131,Santa Cruz De Tenerife,Spain,28.13N,15.45W
1819-04-01,17.423000000000002,1.818,Santa Cruz De Tenerife,Spain,28.13N,15.45W
1819-05-01,18.284,1.936,Santa Cruz De Tenerife,Spain,28.13N,15.45W
1819-06-01,20.423,1.827,Santa Cruz De Tenerife,Spain,28.13N,15.45W
1819-07-01,21.801,1.538,Santa Cruz De Tenerife,Spain,28.13N,15.45W
1819-08-01,22.053,1.876,Santa Cruz De Tenerife,Spain,28.13N,15.45W
1819-09-01,22.445,1.5959999999999999,Santa Cruz De Tenerife,Spain,28.13N,15.45W
1819-10-01,21.563000000000002,1.8980000000000001,Santa Cruz De Tenerife,Spain,28.13N,15.45W
1819-11-01,18.801,2.137,Santa Cruz De Tenerife,Spain,28.13N,15.45W
1819-12-01,16.468,2.101,Santa Cruz De Tenerife,Spain,28.13N,15.45W
1820-01-01,,,Santa Cruz De Tenerife,Spain,28.13N,15.45W
1820-02-01,,,Santa Cruz De Tenerife,Spain,28.13N,15.45W
1820-03-01,,,Santa Cruz De Tenerife,Spain,28.13N,15.45W
1820-04-01,,,Santa Cruz De Tenerife,Spain,28.13N,15.45W
1820-05-01,,,Santa Cruz De Tenerife,Spain,28.13N,15.45W
1820-06-01,,,Santa Cruz De Tenerife,Spain,28.13N,15.45W
1820-07-01,,,Santa Cruz De Tenerife,Spain,28.13N,15.45W
1820-08-01,,,Santa Cruz De Tenerife,Spain,28.13N,15.45W
1820-09-01,,,Santa Cruz De Tenerife,Spain,28.13N,15.45W
1820-10-01,20.263,1.459,Santa Cruz De Tenerife,Spain,28.13N,15.45W
1820-11-01,,,Santa Cruz De Tenerife,Spain,28.13N,15.45W
1820-12-01,16.37,1.7,Santa Cruz De Tenerife,Spain,28.13N,15.45W
1821-01-01,17.801000000000005,2.552,Santa Cruz De Tenerife,Spain,28.13N,15.45W
1821-02-01,17.625999999999994,3.502,Santa Cruz De Tenerife,Spain,28.13N,15.45W
1821-03-01,17.516,2.187,Santa Cruz De Tenerife,Spain,28.13N,15.45W
1821-04-01,17.188000000000002,2.205,Santa Cruz De Tenerife,Spain,28.13N,15.45W
1821-05-01,19.424,1.558,Santa Cruz De Tenerife,Spain,28.13N,15.45W
1821-06-01,20.72,2.544,Santa Cruz De Tenerife,Spain,28.13N,15.45W
1821-07-01,22.377,2.074,Santa Cruz De Tenerife,Spain,28.13N,15.45W
1821-08-01,23.737,1.7069999999999999,Santa Cruz De Tenerife,Spain,28.13N,15.45W
1821-09-01,22.941999999999997,3.1660000000000004,Santa Cruz De Tenerife,Spain,28.13N,15.45W
1821-10-01,21.962,1.891,Santa Cruz De Tenerife,Spain,28.13N,15.45W
1821-11-01,20.313,2.228,Santa Cruz De Tenerife,Spain,28.13N,15.45W
1821-12-01,18.098,1.865,Santa Cruz De Tenerife,Spain,28.13N,15.45W
1822-01-01,16.901000000000003,2.114,Santa Cruz De Tenerife,Spain,28.13N,15.45W
1822-02-01,18.172,1.83,Santa Cruz De Tenerife,Spain,28.13N,15.45W
1822-03-01,19.986,1.912,Santa Cruz De Tenerife,Spain,28.13N,15.45W
1822-04-01,18.48,1.86,Santa Cruz De Tenerife,Spain,28.13N,15.45W
1822-05-01,18.782,1.6580000000000001,Santa Cruz De Tenerife,Spain,28.13N,15.45W
1822-06-01,20.684,1.386,Santa Cruz De Tenerife,Spain,28.13N,15.45W
1822-07-01,23.133000000000006,1.7069999999999999,Santa Cruz De Tenerife,Spain,28.13N,15.45W
1822-08-01,22.974,1.96,Santa Cruz De Tenerife,Spain,28.13N,15.45W
1822-09-01,22.105,1.713,Santa Cruz De Tenerife,Spain,28.13N,15.45W
1822-10-01,20.247,1.6469999999999998,Santa Cruz De Tenerife,Spain,28.13N,15.45W
1822-11-01,18.61,1.719,Santa Cruz De Tenerife,Spain,28.13N,15.45W
1822-12-01,15.798,2.255,Santa Cruz De Tenerife,Spain,28.13N,15.45W
1823-01-01,17.062,2.046,Santa Cruz De Tenerife,Spain,28.13N,15.45W
1823-02-01,16.276999999999994,2.002,Santa Cruz De Tenerife,Spain,28.13N,15.45W
1823-03-01,17.25,1.7690000000000001,Santa Cruz De Tenerife,Spain,28.13N,15.45W
1823-04-01,17.012,2.336,Santa Cruz De Tenerife,Spain,28.13N,15.45W
1823-05-01,19.144,1.7009999999999998,Santa Cruz De Tenerife,Spain,28.13N,15.45W
1823-06-01,21.358,2.03,Santa Cruz De Tenerife,Spain,28.13N,15.45W
1823-07-01,22.984,1.538,Santa Cruz De Tenerife,Spain,28.13N,15.45W
1823-08-01,23.348000000000006,2.062,Santa Cruz De Tenerife,Spain,28.13N,15.45W
1823-09-01,22.545,2.807,Santa Cruz De Tenerife,Spain,28.13N,15.45W
1823-10-01,20.406,1.942,Santa Cruz De Tenerife,Spain,28.13N,15.45W
1823-11-01,19.791,1.8980000000000001,Santa Cruz De Tenerife,Spain,28.13N,15.45W
1823-12-01,17.845,2.324,Santa Cruz De Tenerife,Spain,28.13N,15.45W
1824-01-01,16.895000000000003,1.6769999999999998,Santa Cruz De Tenerife,Spain,28.13N,15.45W
1824-02-01,16.936999999999998,1.962,Santa Cruz De Tenerife,Spain,28.13N,15.45W
1824-03-01,18.003999999999994,1.8430000000000002,Santa Cruz De Tenerife,Spain,28.13N,15.45W
1824-04-01,18.573,2.168,Santa Cruz De Tenerife,Spain,28.13N,15.45W
1824-05-01,19.252,1.8030000000000002,Santa Cruz De Tenerife,Spain,28.13N,15.45W
1824-06-01,21.271,2.609,Santa Cruz De Tenerife,Spain,28.13N,15.45W
1824-07-01,23.724,3.089,Santa Cruz De Tenerife,Spain,28.13N,15.45W
1824-08-01,23.195999999999998,1.881,Santa Cruz De Tenerife,Spain,28.13N,15.45W
1824-09-01,23.118000000000002,1.9969999999999999,Santa Cruz De Tenerife,Spain,28.13N,15.45W
1824-10-01,21.38,1.48,Santa Cruz De Tenerife,Spain,28.13N,15.45W
1824-11-01,20.614,1.462,Santa Cruz De Tenerife,Spain,28.13N,15.45W
1824-12-01,20.085,2.077,Santa Cruz De Tenerife,Spain,28.13N,15.45W
1825-01-01,17.970000000000006,1.943,Santa Cruz De Tenerife,Spain,28.13N,15.45W
1825-02-01,17.307000000000002,1.905,Santa Cruz De Tenerife,Spain,28.13N,15.45W
1825-03-01,17.576999999999998,1.831,Santa Cruz De Tenerife,Spain,28.13N,15.45W
1825-04-01,18.887,2.303,Santa Cruz De Tenerife,Spain,28.13N,15.45W
1825-05-01,19.151,1.3840000000000001,Santa Cruz De Tenerife,Spain,28.13N,15.45W
1825-06-01,21.689,1.367,Santa Cruz De Tenerife,Spain,28.13N,15.45W
1825-07-01,22.796000000000006,2.2680000000000002,Santa Cruz De Tenerife,Spain,28.13N,15.45W
1825-08-01,23.465999999999998,2.505,Santa Cruz De Tenerife,Spain,28.13N,15.45W
1825-09-01,23.107,2.411,Santa Cruz De Tenerife,Spain,28.13N,15.45W
1825-10-01,21.18,1.821,Santa Cruz De Tenerife,Spain,28.13N,15.45W
1825-11-01,19.709,2.9339999999999997,Santa Cruz De Tenerife,Spain,28.13N,15.45W
1825-12-01,17.465999999999998,1.5619999999999998,Santa Cruz De Tenerife,Spain,28.13N,15.45W
1826-01-01,16.933000000000003,1.7819999999999998,Santa Cruz De Tenerife,Spain,28.13N,15.45W
1826-02-01,16.134999999999998,2.24,Santa Cruz De Tenerife,Spain,28.13N,15.45W
1826-03-01,18.136,2.255,Santa Cruz De Tenerife,Spain,28.13N,15.45W
1826-04-01,18.551,2.668,Santa Cruz De Tenerife,Spain,28.13N,15.45W
1826-05-01,20.07,1.6380000000000001,Santa Cruz De Tenerife,Spain,28.13N,15.45W
1826-06-01,21.231,1.609,Santa Cruz De Tenerife,Spain,28.13N,15.45W
1826-07-01,23.171999999999997,1.6780000000000002,Santa Cruz De Tenerife,Spain,28.13N,15.45W
1826-08-01,23.017000000000003,1.8530000000000002,Santa Cruz De Tenerife,Spain,28.13N,15.45W
1826-09-01,21.969,1.911,Santa Cruz De Tenerife,Spain,28.13N,15.45W
1826-10-01,21.171999999999997,2.081,Santa Cruz De Tenerife,Spain,28.13N,15.45W
1826-11-01,20.352,1.607,Santa Cruz De Tenerife,Spain,28.13N,15.45W
1826-12-01,18.477,2.861,Santa Cruz De Tenerife,Spain,28.13N,15.45W
1827-01-01,17.654000000000003,2.7439999999999998,Santa Cruz De Tenerife,Spain,28.13N,15.45W
1827-02-01,17.183,2.463,Santa Cruz De Tenerife,Spain,28.13N,15.45W
1827-03-01,18.654,1.7830000000000001,Santa Cruz De Tenerife,Spain,28.13N,15.45W
1827-04-01,19.485,2.969,Santa Cruz De Tenerife,Spain,28.13N,15.45W
1827-05-01,19.851000000000006,2.39,Santa Cruz De Tenerife,Spain,28.13N,15.45W
1827-06-01,21.666,1.541,Santa Cruz De Tenerife,Spain,28.13N,15.45W
1827-07-01,23.406999999999996,1.63,Santa Cruz De Tenerife,Spain,28.13N,15.45W
1827-08-01,23.534,1.675,Santa Cruz De Tenerife,Spain,28.13N,15.45W
1827-09-01,22.35,1.443,Santa Cruz De Tenerife,Spain,28.13N,15.45W
1827-10-01,20.964000000000002,1.7009999999999998,Santa Cruz De Tenerife,Spain,28.13N,15.45W
1827-11-01,20.322,1.785,Santa Cruz De Tenerife,Spain,28.13N,15.45W
1827-12-01,17.294,3.0660000000000003,Santa Cruz De Tenerife,Spain,28.13N,15.45W
1828-01-01,16.153000000000002,3.0860000000000003,Santa Cruz De Tenerife,Spain,28.13N,15.45W
1828-02-01,15.957,2.191,Santa Cruz De Tenerife,Spain,28.13N,15.45W
1828-03-01,18.338,2.204,Santa Cruz De Tenerife,Spain,28.13N,15.45W
1828-04-01,18.433,2.127,Santa Cruz De Tenerife,Spain,28.13N,15.45W
1828-05-01,18.994,1.694,Santa Cruz De Tenerife,Spain,28.13N,15.45W
1828-06-01,21.995,2.211,Santa Cruz De Tenerife,Spain,28.13N,15.45W
1828-07-01,22.429,2.475,Santa Cruz De Tenerife,Spain,28.13N,15.45W
1828-08-01,22.839,2.201,Santa Cruz De Tenerife,Spain,28.13N,15.45W
1828-09-01,21.37,1.48,Santa Cruz De Tenerife,Spain,28.13N,15.45W
1828-10-01,21.307,1.9769999999999999,Santa Cruz De Tenerife,Spain,28.13N,15.45W
1828-11-01,20.464000000000002,1.7180000000000002,Santa Cruz De Tenerife,Spain,28.13N,15.45W
1828-12-01,18.2,1.7,Santa Cruz De Tenerife,Spain,28.13N,15.45W
1829-01-01,17.029000000000003,1.6840000000000002,Santa Cruz De Tenerife,Spain,28.13N,15.45W
1829-02-01,16.570999999999998,2.5269999999999997,Santa Cruz De Tenerife,Spain,28.13N,15.45W
1829-03-01,17.875999999999994,1.8980000000000001,Santa Cruz De Tenerife,Spain,28.13N,15.45W
1829-04-01,17.774,1.72,Santa Cruz De Tenerife,Spain,28.13N,15.45W
1829-05-01,19.395,2.241,Santa Cruz De Tenerife,Spain,28.13N,15.45W
1829-06-01,21.019000000000002,2.207,Santa Cruz De Tenerife,Spain,28.13N,15.45W
1829-07-01,23.164,1.7719999999999998,Santa Cruz De Tenerife,Spain,28.13N,15.45W
1829-08-01,23.818,2.0909999999999997,Santa Cruz De Tenerife,Spain,28.13N,15.45W
1829-09-01,21.564,1.423,Santa Cruz De Tenerife,Spain,28.13N,15.45W
1829-10-01,20.857,2.4130000000000003,Santa Cruz De Tenerife,Spain,28.13N,15.45W
1829-11-01,19.735,1.6440000000000001,Santa Cruz De Tenerife,Spain,28.13N,15.45W
1829-12-01,16.99,3.665,Santa Cruz De Tenerife,Spain,28.13N,15.45W
1830-01-01,16.614,3.49,Santa Cruz De Tenerife,Spain,28.13N,15.45W
1830-02-01,17.630999999999997,1.964,Santa Cruz De Tenerife,Spain,28.13N,15.45W
1830-03-01,17.543999999999997,1.9380000000000002,Santa Cruz De Tenerife,Spain,28.13N,15.45W
1830-04-01,19.005000000000006,2.002,Santa Cruz De Tenerife,Spain,28.13N,15.45W
1830-05-01,18.979000000000006,1.88,Santa Cruz De Tenerife,Spain,28.13N,15.45W
1830-06-01,20.77,2.155,Santa Cruz De Tenerife,Spain,28.13N,15.45W
1830-07-01,24.048,2.208,Santa Cruz De Tenerife,Spain,28.13N,15.45W
1830-08-01,23.328000000000007,1.989,Santa Cruz De Tenerife,Spain,28.13N,15.45W
1830-09-01,21.915,2.314,Santa Cruz De Tenerife,Spain,28.13N,15.45W
1830-10-01,21.563000000000002,3.365,Santa Cruz De Tenerife,Spain,28.13N,15.45W
1830-11-01,21.401,1.983,Santa Cruz De Tenerife,Spain,28.13N,15.45W
1830-12-01,18.721,1.932,Santa Cruz De Tenerife,Spain,28.13N,15.45W
1831-01-01,17.368000000000002,2.5660000000000003,Santa Cruz De Tenerife,Spain,28.13N,15.45W
1831-02-01,17.136999999999997,4.471,Santa Cruz De Tenerife,Spain,28.13N,15.45W
1831-03-01,17.808,3.5410000000000004,Santa Cruz De Tenerife,Spain,28.13N,15.45W
1831-04-01,17.607,1.844,Santa Cruz De Tenerife,Spain,28.13N,15.45W
1831-05-01,19.235000000000007,2.456,Santa Cruz De Tenerife,Spain,28.13N,15.45W
1831-06-01,22.0,2.169,Santa Cruz De Tenerife,Spain,28.13N,15.45W
1831-07-01,22.733,2.013,Santa Cruz De Tenerife,Spain,28.13N,15.45W
1831-08-01,22.62,2.2030000000000003,Santa Cruz De Tenerife,Spain,28.13N,15.45W
1831-09-01,21.432,1.8230000000000002,Santa Cruz De Tenerife,Spain,28.13N,15.45W
1831-10-01,21.002,1.598,Santa Cruz De Tenerife,Spain,28.13N,15.45W
1831-11-01,19.172,4.102,Santa Cruz De Tenerife,Spain,28.13N,15.45W
1831-12-01,16.855999999999998,2.572,Santa Cruz De Tenerife,Spain,28.13N,15.45W
1832-01-01,16.031000000000002,1.594,Santa Cruz De Tenerife,Spain,28.13N,15.45W
1832-02-01,15.470999999999998,2.7510000000000003,Santa Cruz De Tenerife,Spain,28.13N,15.45W
1832-03-01,16.915999999999997,2.099,Santa Cruz De Tenerife,Spain,28.13N,15.45W
1832-04-01,18.06,2.2230000000000003,Santa Cruz De Tenerife,Spain,28.13N,15.45W
1832-05-01,19.336,2.435,Santa Cruz De Tenerife,Spain,28.13N,15.45W
1832-06-01,20.986,2.0869999999999997,Santa Cruz De Tenerife,Spain,28.13N,15.45W
1832-07-01,22.993,2.375,Santa Cruz De Tenerife,Spain,28.13N,15.45W
1832-08-01,22.546000000000006,2.3609999999999998,Santa Cruz De Tenerife,Spain,28.13N,15.45W
1832-09-01,22.061999999999998,2.483,Santa Cruz De Tenerife,Spain,28.13N,15.45W
1832-10-01,21.886999999999997,1.786,Santa Cruz De Tenerife,Spain,28.13N,15.45W
1832-11-01,18.675,1.59,Santa Cruz De Tenerife,Spain,28.13N,15.45W
1832-12-01,16.391,2.926,Santa Cruz De Tenerife,Spain,28.13N,15.45W
1833-01-01,17.383000000000006,2.064,Santa Cruz De Tenerife,Spain,28.13N,15.45W
1833-02-01,17.360999999999994,2.017,Santa Cruz De Tenerife,Spain,28.13N,15.45W
1833-03-01,16.654,1.952,Santa Cruz De Tenerife,Spain,28.13N,15.45W
1833-04-01,17.77,1.979,Santa Cruz De Tenerife,Spain,28.13N,15.45W
1833-05-01,18.84,1.611,Santa Cruz De Tenerife,Spain,28.13N,15.45W
1833-06-01,21.419,2.451,Santa Cruz De Tenerife,Spain,28.13N,15.45W
1833-07-01,22.23,1.709,Santa Cruz De Tenerife,Spain,28.13N,15.45W
1833-08-01,22.860000000000007,1.8980000000000001,Santa Cruz De Tenerife,Spain,28.13N,15.45W
1833-09-01,22.546,1.5130000000000001,Santa Cruz De Tenerife,Spain,28.13N,15.45W
1833-10-01,20.227,1.777,Santa Cruz De Tenerife,Spain,28.13N,15.45W
1833-11-01,20.932,1.932,Santa Cruz De Tenerife,Spain,28.13N,15.45W
1833-12-01,17.814,2.052,Santa Cruz De Tenerife,Spain,28.13N,15.45W
1834-01-01,16.304000000000002,3.6430000000000002,Santa Cruz De Tenerife,Spain,28.13N,15.45W
1834-02-01,16.962,2.185,Santa Cruz De Tenerife,Spain,28.13N,15.45W
1834-03-01,18.732,1.788,Santa Cruz De Tenerife,Spain,28.13N,15.45W
1834-04-01,18.922,2.4459999999999997,Santa Cruz De Tenerife,Spain,28.13N,15.45W
1834-05-01,19.450000000000006,1.5919999999999999,Santa Cruz De Tenerife,Spain,28.13N,15.45W
1834-06-01,21.608,1.675,Santa Cruz De Tenerife,Spain,28.13N,15.45W
1834-07-01,22.596999999999998,1.715,Santa Cruz De Tenerife,Spain,28.13N,15.45W
1834-08-01,22.612,2.0069999999999997,Santa Cruz De Tenerife,Spain,28.13N,15.45W
1834-09-01,23.348000000000003,1.932,Santa Cruz De Tenerife,Spain,28.13N,15.45W
1834-10-01,21.838,1.706,Santa Cruz De Tenerife,Spain,28.13N,15.45W
1834-11-01,20.524,2.274,Santa Cruz De Tenerife,Spain,28.13N,15.45W
1834-12-01,18.969,1.7180000000000002,Santa Cruz De Tenerife,Spain,28.13N,15.45W
1835-01-01,18.269,2.25,Santa Cruz De Tenerife,Spain,28.13N,15.45W
1835-02-01,17.401999999999994,1.6869999999999998,Santa Cruz De Tenerife,Spain,28.13N,15.45W
1835-03-01,17.328999999999994,2.05,Santa Cruz De Tenerife,Spain,28.13N,15.45W
1835-04-01,18.101,1.663,Santa Cruz De Tenerife,Spain,28.13N,15.45W
1835-05-01,18.68,1.84,Santa Cruz De Tenerife,Spain,28.13N,15.45W
1835-06-01,20.234,2.445,Santa Cruz De Tenerife,Spain,28.13N,15.45W
1835-07-01,22.302,1.844,Santa Cruz De Tenerife,Spain,28.13N,15.45W
1835-08-01,22.026999999999997,1.6030000000000002,Santa Cruz De Tenerife,Spain,28.13N,15.45W
1835-09-01,21.125999999999998,1.666,Santa Cruz De Tenerife,Spain,28.13N,15.45W
1835-10-01,20.518,1.57,Santa Cruz De Tenerife,Spain,28.13N,15.45W
1835-11-01,18.565,1.7109999999999999,Santa Cruz De Tenerife,Spain,28.13N,15.45W
1835-12-01,16.065,1.673,Santa Cruz De Tenerife,Spain,28.13N,15.45W
1836-01-01,17.151000000000003,1.9040000000000001,Santa Cruz De Tenerife,Spain,28.13N,15.45W
1836-02-01,16.337,1.874,Santa Cruz De Tenerife,Spain,28.13N,15.45W
1836-03-01,17.980999999999995,1.452,Santa Cruz De Tenerife,Spain,28.13N,15.45W
1836-04-01,17.615000000000006,1.972,Santa Cruz De Tenerife,Spain,28.13N,15.45W
1836-05-01,18.562,2.009,Santa Cruz De Tenerife,Spain,28.13N,15.45W
1836-06-01,21.34,2.347,Santa Cruz De Tenerife,Spain,28.13N,15.45W
1836-07-01,23.483,1.794,Santa Cruz De Tenerife,Spain,28.13N,15.45W
1836-08-01,22.930000000000003,1.724,Santa Cruz De Tenerife,Spain,28.13N,15.45W
1836-09-01,21.921999999999997,1.96,Santa Cruz De Tenerife,Spain,28.13N,15.45W
1836-10-01,21.614,3.0,Santa Cruz De Tenerife,Spain,28.13N,15.45W
1836-11-01,18.745,2.0140000000000002,Santa Cruz De Tenerife,Spain,28.13N,15.45W
1836-12-01,17.512,1.99,Santa Cruz De Tenerife,Spain,28.13N,15.45W
1837-01-01,17.046000000000006,2.238,Santa Cruz De Tenerife,Spain,28.13N,15.45W
1837-02-01,17.615,2.031,Santa Cruz De Tenerife,Spain,28.13N,15.45W
1837-03-01,16.160999999999998,2.1180000000000003,Santa Cruz De Tenerife,Spain,28.13N,15.45W
1837-04-01,16.526,1.777,Santa Cruz De Tenerife,Spain,28.13N,15.45W
1837-05-01,18.902,2.568,Santa Cruz De Tenerife,Spain,28.13N,15.45W
1837-06-01,20.94,2.472,Santa Cruz De Tenerife,Spain,28.13N,15.45W
1837-07-01,22.818,1.6469999999999998,Santa Cruz De Tenerife,Spain,28.13N,15.45W
1837-08-01,23.55,1.5390000000000001,Santa Cruz De Tenerife,Spain,28.13N,15.45W
1837-09-01,22.155,1.4880000000000002,Santa Cruz De Tenerife,Spain,28.13N,15.45W
1837-10-01,21.184,1.4169999999999998,Santa Cruz De Tenerife,Spain,28.13N,15.45W
1837-11-01,19.03,2.279,Santa Cruz De Tenerife,Spain,28.13N,15.45W
1837-12-01,18.395,1.642,Santa Cruz De Tenerife,Spain,28.13N,15.45W
1838-01-01,15.406000000000002,3.4410000000000003,Santa Cruz De Tenerife,Spain,28.13N,15.45W
1838-02-01,16.290999999999997,1.8980000000000001,Santa Cruz De Tenerife,Spain,28.13N,15.45W
1838-03-01,16.924999999999994,2.229,Santa Cruz De Tenerife,Spain,28.13N,15.45W
1838-04-01,17.667,1.4880000000000002,Santa Cruz De Tenerife,Spain,28.13N,15.45W
1838-05-01,18.371,1.464,Santa Cruz De Tenerife,Spain,28.13N,15.45W
1838-06-01,20.891,1.53,Santa Cruz De Tenerife,Spain,28.13N,15.45W
1838-07-01,23.554,2.144,Santa Cruz De Tenerife,Spain,28.13N,15.45W
1838-08-01,24.173,1.828,Santa Cruz De Tenerife,Spain,28.13N,15.45W
1838-09-01,22.621,1.393,Santa Cruz De Tenerife,Spain,28.13N,15.45W
1838-10-01,21.14,2.764,Santa Cruz De Tenerife,Spain,28.13N,15.45W
1838-11-01,19.618,1.942,Santa Cruz De Tenerife,Spain,28.13N,15.45W
1838-12-01,17.019000000000002,2.408,Santa Cruz De Tenerife,Spain,28.13N,15.45W
1839-01-01,15.907000000000002,1.9180000000000001,Santa Cruz De Tenerife,Spain,28.13N,15.45W
1839-02-01,17.316999999999997,1.9569999999999999,Santa Cruz De Tenerife,Spain,28.13N,15.45W
1839-03-01,15.773,1.685,Santa Cruz De Tenerife,Spain,28.13N,15.45W
1839-04-01,18.424,1.5959999999999999,Santa Cruz De Tenerife,Spain,28.13N,15.45W
1839-05-01,18.974,1.541,Santa Cruz De Tenerife,Spain,28.13N,15.45W
1839-06-01,20.779,1.459,Santa Cruz De Tenerife,Spain,28.13N,15.45W
1839-07-01,23.095,2.1919999999999997,Santa Cruz De Tenerife,Spain,28.13N,15.45W
1839-08-01,24.819000000000006,1.905,Santa Cruz De Tenerife,Spain,28.13N,15.45W
1839-09-01,22.129,1.459,Santa Cruz De Tenerife,Spain,28.13N,15.45W
1839-10-01,20.457,1.886,Santa Cruz De Tenerife,Spain,28.13N,15.45W
1839-11-01,18.067,1.764,Santa Cruz De Tenerife,Spain,28.13N,15.45W
1839-12-01,16.56,2.5839999999999996,Santa Cruz De Tenerife,Spain,28.13N,15.45W
1840-01-01,17.372000000000003,2.209,Santa Cruz De Tenerife,Spain,28.13N,15.45W
1840-02-01,16.718,2.343,Santa Cruz De Tenerife,Spain,28.13N,15.45W
1840-03-01,16.541999999999998,2.1180000000000003,Santa Cruz De Tenerife,Spain,28.13N,15.45W
1840-04-01,17.000999999999998,1.97,Santa Cruz De Tenerife,Spain,28.13N,15.45W
1840-05-01,19.200000000000006,1.6280000000000001,Santa Cruz De Tenerife,Spain,28.13N,15.45W
1840-06-01,22.378,1.6059999999999999,Santa Cruz De Tenerife,Spain,28.13N,15.45W
1840-07-01,23.656,1.742,Santa Cruz De Tenerife,Spain,28.13N,15.45W
1840-08-01,22.896,2.02,Santa Cruz De Tenerife,Spain,28.13N,15.45W
1840-09-01,22.33,1.4480000000000002,Santa Cruz De Tenerife,Spain,28.13N,15.45W
1840-10-01,20.936,1.858,Santa Cruz De Tenerife,Spain,28.13N,15.45W
1840-11-01,18.697,2.56,Santa Cruz De Tenerife,Spain,28.13N,15.45W
1840-12-01,16.828,1.649,Santa Cruz De Tenerife,Spain,28.13N,15.45W
1841-01-01,15.813000000000002,2.194,Santa Cruz De Tenerife,Spain,28.13N,15.45W
1841-02-01,16.509999999999998,1.609,Santa Cruz De Tenerife,Spain,28.13N,15.45W
1841-03-01,16.645999999999994,2.99,Santa Cruz De Tenerife,Spain,28.13N,15.45W
1841-04-01,17.245,2.094,Santa Cruz De Tenerife,Spain,28.13N,15.45W
1841-05-01,18.976000000000006,1.6909999999999998,Santa Cruz De Tenerife,Spain,28.13N,15.45W
1841-06-01,21.091,1.548,Santa Cruz De Tenerife,Spain,28.13N,15.45W
1841-07-01,22.623,2.289,Santa Cruz De Tenerife,Spain,28.13N,15.45W
1841-08-01,23.87,1.734,Santa Cruz De Tenerife,Spain,28.13N,15.45W
1841-09-01,22.28,1.3359999999999999,Santa Cruz De Tenerife,Spain,28.13N,15.45W
1841-10-01,20.93,1.6219999999999999,Santa Cruz De Tenerife,Spain,28.13N,15.45W
1841-11-01,19.406,1.518,Santa Cruz De Tenerife,Spain,28.13N,15.45W
1841-12-01,17.102999999999998,1.847,Santa Cruz De Tenerife,Spain,28.13N,15.45W
1842-01-01,,,Santa Cruz De Tenerife,Spain,28.13N,15.45W
1842-02-01,17.522000000000002,2.4419999999999997,Santa Cruz De Tenerife,Spain,28.13N,15.45W
1842-03-01,19.016,1.775,Santa Cruz De Tenerife,Spain,28.13N,15.45W
1842-04-01,,,Santa Cruz De Tenerife,Spain,28.13N,15.45W
1842-05-01,19.578000000000007,1.3719999999999999,Santa Cruz De Tenerife,Spain,28.13N,15.45W
1842-06-01,21.744,1.6030000000000002,Santa Cruz De Tenerife,Spain,28.13N,15.45W
1842-07-01,23.058000000000003,1.595,Santa Cruz De Tenerife,Spain,28.13N,15.45W
1842-08-01,23.24,1.495,Santa Cruz De Tenerife,Spain,28.13N,15.45W
1842-09-01,22.233,1.419,Santa Cruz De Tenerife,Spain,28.13N,15.45W
1842-10-01,20.851999999999997,1.4680000000000002,Santa Cruz De Tenerife,Spain,28.13N,15.45W
1842-11-01,18.922,1.679,Santa Cruz De Tenerife,Spain,28.13N,15.45W
1842-12-01,18.028,1.814,Santa Cruz De Tenerife,Spain,28.13N,15.45W
1843-01-01,17.349,1.5819999999999999,Santa Cruz De Tenerife,Spain,28.13N,15.45W
1843-02-01,18.202,1.854,Santa Cruz De Tenerife,Spain,28.13N,15.45W
1843-03-01,17.363999999999994,1.855,Santa Cruz De Tenerife,Spain,28.13N,15.45W
1843-04-01,18.374,1.54,Santa Cruz De Tenerife,Spain,28.13N,15.45W
1843-05-01,18.732000000000006,1.501,Santa Cruz De Tenerife,Spain,28.13N,15.45W
1843-06-01,20.474,1.433,Santa Cruz De Tenerife,Spain,28.13N,15.45W
1843-07-01,23.360000000000007,1.98,Santa Cruz De Tenerife,Spain,28.13N,15.45W
1843-08-01,23.633000000000006,1.526,Santa Cruz De Tenerife,Spain,28.13N,15.45W
1843-09-01,22.706,1.3159999999999998,Santa Cruz De Tenerife,Spain,28.13N,15.45W
1843-10-01,21.998,1.565,Santa Cruz De Tenerife,Spain,28.13N,15.45W
1843-11-01,18.611,1.874,Santa Cruz De Tenerife,Spain,28.13N,15.45W
1843-12-01,18.477999999999998,2.418,Santa Cruz De Tenerife,Spain,28.13N,15.45W
1844-01-01,16.686,1.665,Santa Cruz De Tenerife,Spain,28.13N,15.45W
1844-02-01,16.092999999999996,1.536,Santa Cruz De Tenerife,Spain,28.13N,15.45W
1844-03-01,17.372,1.911,Santa Cruz De Tenerife,Spain,28.13N,15.45W
1844-04-01,17.526,1.6669999999999998,Santa Cruz De Tenerife,Spain,28.13N,15.45W
1844-05-01,18.813,1.6469999999999998,Santa Cruz De Tenerife,Spain,28.13N,15.45W
1844-06-01,20.791,1.399,Santa Cruz De Tenerife,Spain,28.13N,15.45W
1844-07-01,23.149,1.5490000000000002,Santa Cruz De Tenerife,Spain,28.13N,15.45W
1844-08-01,23.578000000000007,1.5619999999999998,Santa Cruz De Tenerife,Spain,28.13N,15.45W
1844-09-01,22.109,1.4409999999999998,Santa Cruz De Tenerife,Spain,28.13N,15.45W
1844-10-01,20.865,1.931,Santa Cruz De Tenerife,Spain,28.13N,15.45W
1844-11-01,18.941,1.429,Santa Cruz De Tenerife,Spain,28.13N,15.45W
1844-12-01,16.794,1.6059999999999999,Santa Cruz De Tenerife,Spain,28.13N,15.45W
1845-01-01,17.05,1.6019999999999999,Santa Cruz De Tenerife,Spain,28.13N,15.45W
1845-02-01,15.447000000000001,1.766,Santa Cruz De Tenerife,Spain,28.13N,15.45W
1845-03-01,17.191,1.742,Santa Cruz De Tenerife,Spain,28.13N,15.45W
1845-04-01,18.031,1.649,Santa Cruz De Tenerife,Spain,28.13N,15.45W
1845-05-01,19.012,1.439,Santa Cruz De Tenerife,Spain,28.13N,15.45W
1845-06-01,20.591,1.517,Santa Cruz De Tenerife,Spain,28.13N,15.45W
1845-07-01,22.880000000000006,1.4580000000000002,Santa Cruz De Tenerife,Spain,28.13N,15.45W
1845-08-01,23.725,1.53,Santa Cruz De Tenerife,Spain,28.13N,15.45W
1845-09-01,22.628,1.4780000000000002,Santa Cruz De Tenerife,Spain,28.13N,15.45W
1845-10-01,20.989,1.584,Santa Cruz De Tenerife,Spain,28.13N,15.45W
1845-11-01,19.553,1.46,Santa Cruz De Tenerife,Spain,28.13N,15.45W
1845-12-01,16.144000000000002,1.7080000000000002,Santa Cruz De Tenerife,Spain,28.13N,15.45W
1846-01-01,18.179,1.7819999999999998,Santa Cruz De Tenerife,Spain,28.13N,15.45W
1846-02-01,17.833,1.867,Santa Cruz De Tenerife,Spain,28.13N,15.45W
1846-03-01,18.935,1.673,Santa Cruz De Tenerife,Spain,28.13N,15.45W
1846-04-01,,,Santa Cruz De Tenerife,Spain,28.13N,15.45W
1846-05-01,19.09,1.609,Santa Cruz De Tenerife,Spain,28.13N,15.45W
1846-06-01,21.869,1.758,Santa Cruz De Tenerife,Spain,28.13N,15.45W
1846-07-01,23.910999999999998,1.632,Santa Cruz De Tenerife,Spain,28.13N,15.45W
1846-08-01,24.17,1.6059999999999999,Santa Cruz De Tenerife,Spain,28.13N,15.45W
1846-09-01,23.351,1.4180000000000001,Santa Cruz De Tenerife,Spain,28.13N,15.45W
1846-10-01,20.483,1.546,Santa Cruz De Tenerife,Spain,28.13N,15.45W
1846-11-01,19.58,1.666,Santa Cruz De Tenerife,Spain,28.13N,15.45W
1846-12-01,17.570999999999998,1.963,Santa Cruz De Tenerife,Spain,28.13N,15.45W
1847-01-01,17.567999999999998,2.793,Santa Cruz De Tenerife,Spain,28.13N,15.45W
1847-02-01,17.073999999999998,1.94,Santa Cruz De Tenerife,Spain,28.13N,15.45W
1847-03-01,16.904,1.56,Santa Cruz De Tenerife,Spain,28.13N,15.45W
1847-04-01,18.012,1.555,Santa Cruz De Tenerife,Spain,28.13N,15.45W
1847-05-01,19.016,1.449,Santa Cruz De Tenerife,Spain,28.13N,15.45W
1847-06-01,21.405,1.6680000000000001,Santa Cruz De Tenerife,Spain,28.13N,15.45W
1847-07-01,22.967,1.642,Santa Cruz De Tenerife,Spain,28.13N,15.45W
1847-08-01,23.311,1.565,Santa Cruz De Tenerife,Spain,28.13N,15.45W
1847-09-01,23.304000000000002,1.561,Santa Cruz De Tenerife,Spain,28.13N,15.45W
1847-10-01,21.428,1.4,Santa Cruz De Tenerife,Spain,28.13N,15.45W
1847-11-01,19.844,1.405,Santa Cruz De Tenerife,Spain,28.13N,15.45W
1847-12-01,16.485,1.723,Santa Cruz De Tenerife,Spain,28.13N,15.45W
1848-01-01,14.498,1.766,Santa Cruz De Tenerife,Spain,28.13N,15.45W
1848-02-01,17.177,2.0380000000000003,Santa Cruz De Tenerife,Spain,28.13N,15.45W
1848-03-01,16.7,1.588,Santa Cruz De Tenerife,Spain,28.13N,15.45W
1848-04-01,17.688000000000006,1.53,Santa Cruz De Tenerife,Spain,28.13N,15.45W
1848-05-01,18.854000000000006,1.515,Santa Cruz De Tenerife,Spain,28.13N,15.45W
1848-06-01,20.693,1.7109999999999999,Santa Cruz De Tenerife,Spain,28.13N,15.45W
1848-07-01,23.296000000000006,1.6219999999999999,Santa Cruz De Tenerife,Spain,28.13N,15.45W
1848-08-01,23.443,1.7530000000000001,Santa Cruz De Tenerife,Spain,28.13N,15.45W
1848-09-01,22.572,1.38,Santa Cruz De Tenerife,Spain,28.13N,15.45W
1848-10-01,21.011,1.635,Santa Cruz De Tenerife,Spain,28.13N,15.45W
1848-11-01,19.124000000000002,1.403,Santa Cruz De Tenerife,Spain,28.13N,15.45W
1848-12-01,17.566,1.609,Santa Cruz De Tenerife,Spain,28.13N,15.45W
1849-01-01,17.083000000000002,1.402,Santa Cruz De Tenerife,Spain,28.13N,15.45W
1849-02-01,17.174999999999994,1.629,Santa Cruz De Tenerife,Spain,28.13N,15.45W
1849-03-01,17.622999999999994,1.9280000000000002,Santa Cruz De Tenerife,Spain,28.13N,15.45W
1849-04-01,17.387999999999998,1.864,Santa Cruz De Tenerife,Spain,28.13N,15.45W
1849-05-01,18.855,1.5930000000000002,Santa Cruz De Tenerife,Spain,28.13N,15.45W
1849-06-01,20.577,1.722,Santa Cruz De Tenerife,Spain,28.13N,15.45W
1849-07-01,23.180999999999997,1.319,Santa Cruz De Tenerife,Spain,28.13N,15.45W
1849-08-01,23.480999999999998,1.544,Santa Cruz De Tenerife,Spain,28.13N,15.45W
1849-09-01,21.838,1.291,Santa Cruz De Tenerife,Spain,28.13N,15.45W
1849-10-01,21.506,1.46,Santa Cruz De Tenerife,Spain,28.13N,15.45W
1849-11-01,19.748,1.544,Santa Cruz De Tenerife,Spain,28.13N,15.45W
1849-12-01,16.695,1.501,Santa Cruz De Tenerife,Spain,28.13N,15.45W
1850-01-01,15.996000000000002,1.891,Santa Cruz De Tenerife,Spain,28.13N,15.45W
1850-02-01,17.758,1.7080000000000002,Santa Cruz De Tenerife,Spain,28.13N,15.45W
1850-03-01,18.18,2.531,Santa Cruz De Tenerife,Spain,28.13N,15.45W
1850-04-01,18.937,1.719,Santa Cruz De Tenerife,Spain,28.13N,15.45W
1850-05-01,19.18,1.284,Santa Cruz De Tenerife,Spain,28.13N,15.45W
1850-06-01,21.432,1.258,Santa Cruz De Tenerife,Spain,28.13N,15.45W
1850-07-01,22.943,1.306,Santa Cruz De Tenerife,Spain,28.13N,15.45W
1850-08-01,24.011999999999997,1.46,Santa Cruz De Tenerife,Spain,28.13N,15.45W
1850-09-01,23.201,1.538,Santa Cruz De Tenerife,Spain,28.13N,15.45W
1850-10-01,21.561999999999998,1.41,Santa Cruz De Tenerife,Spain,28.13N,15.45W
1850-11-01,19.002,1.617,Santa Cruz De Tenerife,Spain,28.13N,15.45W
1850-12-01,17.54,1.8980000000000001,Santa Cruz De Tenerife,Spain,28.13N,15.45W
1851-01-01,16.727,1.321,Santa Cruz De Tenerife,Spain,28.13N,15.45W
1851-02-01,16.733999999999998,1.3719999999999999,Santa Cruz De Tenerife,Spain,28.13N,15.45W
1851-03-01,17.319000000000003,1.5659999999999998,Santa Cruz De Tenerife,Spain,28.13N,15.45W
1851-04-01,18.322,1.936,Santa Cruz De Tenerife,Spain,28.13N,15.45W
1851-05-01,19.683,1.34,Santa Cruz De Tenerife,Spain,28.13N,15.45W
1851-06-01,21.493000000000002,1.3659999999999999,Santa Cruz De Tenerife,Spain,28.13N,15.45W
1851-07-01,23.221999999999998,1.5719999999999998,Santa Cruz De Tenerife,Spain,28.13N,15.45W
1851-08-01,24.44,1.692,Santa Cruz De Tenerife,Spain,28.13N,15.45W
1851-09-01,23.674,1.3419999999999999,Santa Cruz De Tenerife,Spain,28.13N,15.45W
1851-10-01,22.58,2.2769999999999997,Santa Cruz De Tenerife,Spain,28.13N,15.45W
1851-11-01,19.706,1.621,Santa Cruz De Tenerife,Spain,28.13N,15.45W
1851-12-01,19.427,2.529,Santa Cruz De Tenerife,Spain,28.13N,15.45W
1852-01-01,17.860000000000007,1.899,Santa Cruz De Tenerife,Spain,28.13N,15.45W
1852-02-01,16.630999999999997,1.778,Santa Cruz De Tenerife,Spain,28.13N,15.45W
1852-03-01,17.206,1.511,Santa Cruz De Tenerife,Spain,28.13N,15.45W
1852-04-01,18.152,1.715,Santa Cruz De Tenerife,Spain,28.13N,15.45W
1852-05-01,19.646,1.4380000000000002,Santa Cruz De Tenerife,Spain,28.13N,15.45W
1852-06-01,20.972,1.348,Santa Cruz De Tenerife,Spain,28.13N,15.45W
1852-07-01,22.673,1.4240000000000002,Santa Cruz De Tenerife,Spain,28.13N,15.45W
1852-08-01,22.969,1.595,Santa Cruz De Tenerife,Spain,28.13N,15.45W
1852-09-01,22.755,1.401,Santa Cruz De Tenerife,Spain,28.13N,15.45W
1852-10-01,22.072,1.605,Santa Cruz De Tenerife,Spain,28.13N,15.45W
1852-11-01,19.578,1.6369999999999998,Santa Cruz De Tenerife,Spain,28.13N,15.45W
1852-12-01,18.365,1.4280000000000002,Santa Cruz De Tenerife,Spain,28.13N,15.45W
1853-01-01,16.968,1.785,Santa Cruz De Tenerife,Spain,28.13N,15.45W
1853-02-01,15.665,1.53,Santa Cruz De Tenerife,Spain,28.13N,15.45W
1853-03-01,16.891,2.186,Santa Cruz De Tenerife,Spain,28.13N,15.45W
1853-04-01,18.461,1.6269999999999998,Santa Cruz De Tenerife,Spain,28.13N,15.45W
1853-05-01,18.439,1.489,Santa Cruz De Tenerife,Spain,28.13N,15.45W
1853-06-01,21.169,1.2690000000000001,Santa Cruz De Tenerife,Spain,28.13N,15.45W
1853-07-01,22.945999999999998,1.439,Santa Cruz De Tenerife,Spain,28.13N,15.45W
1853-08-01,23.836,1.643,Santa Cruz De Tenerife,Spain,28.13N,15.45W
1853-09-01,23.581999999999997,1.383,Santa Cruz De Tenerife,Spain,28.13N,15.45W
1853-10-01,21.083000000000002,1.4180000000000001,Santa Cruz De Tenerife,Spain,28.13N,15.45W
1853-11-01,18.894000000000002,1.699,Santa Cruz De Tenerife,Spain,28.13N,15.45W
1853-12-01,17.462,1.5719999999999998,Santa Cruz De Tenerife,Spain,28.13N,15.45W
1854-01-01,16.105999999999998,1.646,Santa Cruz De Tenerife,Spain,28.13N,15.45W
1854-02-01,16.613999999999994,1.781,Santa Cruz De Tenerife,Spain,28.13N,15.45W
1854-03-01,17.592,1.6130000000000002,Santa Cruz De Tenerife,Spain,28.13N,15.45W
1854-04-01,18.157,1.499,Santa Cruz De Tenerife,Spain,28.13N,15.45W
1854-05-01,19.430999999999997,1.3880000000000001,Santa Cruz De Tenerife,Spain,28.13N,15.45W
1854-06-01,20.271,1.77,Santa Cruz De Tenerife,Spain,28.13N,15.45W
1854-07-01,22.842,1.5,Santa Cruz De Tenerife,Spain,28.13N,15.45W
1854-08-01,23.916,1.5719999999999998,Santa Cruz De Tenerife,Spain,28.13N,15.45W
1854-09-01,23.453000000000003,1.4869999999999999,Santa Cruz De Tenerife,Spain,28.13N,15.45W
1854-10-01,22.259,1.7930000000000001,Santa Cruz De Tenerife,Spain,28.13N,15.45W
1854-11-01,19.563,1.392,Santa Cruz De Tenerife,Spain,28.13N,15.45W
1854-12-01,16.691,2.3819999999999997,Santa Cruz De Tenerife,Spain,28.13N,15.45W
1855-01-01,17.015,2.294,Santa Cruz De Tenerife,Spain,28.13N,15.45W
1855-02-01,17.38,1.805,Santa Cruz De Tenerife,Spain,28.13N,15.45W
1855-03-01,17.102999999999998,1.501,Santa Cruz De Tenerife,Spain,28.13N,15.45W
1855-04-01,18.202,1.663,Santa Cruz De Tenerife,Spain,28.13N,15.45W
1855-05-01,18.762999999999998,1.672,Santa Cruz De Tenerife,Spain,28.13N,15.45W
1855-06-01,20.39,1.337,Santa Cruz De Tenerife,Spain,28.13N,15.45W
1855-07-01,22.546000000000006,1.469,Santa Cruz De Tenerife,Spain,28.13N,15.45W
1855-08-01,24.348000000000006,1.4969999999999999,Santa Cruz De Tenerife,Spain,28.13N,15.45W
1855-09-01,22.233,1.261,Santa Cruz De Tenerife,Spain,28.13N,15.45W
1855-10-01,20.54,1.6230000000000002,Santa Cruz De Tenerife,Spain,28.13N,15.45W
1855-11-01,18.937,1.37,Santa Cruz De Tenerife,Spain,28.13N,15.45W
1855-12-01,16.914,2.221,Santa Cruz De Tenerife,Spain,28.13N,15.45W
1856-01-01,17.267000000000003,1.3559999999999999,Santa Cruz De Tenerife,Spain,28.13N,15.45W
1856-02-01,16.270999999999994,1.875,Santa Cruz De Tenerife,Spain,28.13N,15.45W
1856-03-01,17.371,1.28,Santa Cruz De Tenerife,Spain,28.13N,15.45W
1856-04-01,17.879,1.161,Santa Cruz De Tenerife,Spain,28.13N,15.45W
1856-05-01,19.672,1.932,Santa Cruz De Tenerife,Spain,28.13N,15.45W
1856-06-01,21.202,1.912,Santa Cruz De Tenerife,Spain,28.13N,15.45W
1856-07-01,22.622,1.195,Santa Cruz De Tenerife,Spain,28.13N,15.45W
1856-08-01,23.200000000000006,1.716,Santa Cruz De Tenerife,Spain,28.13N,15.45W
1856-09-01,22.674,1.4,Santa Cruz De Tenerife,Spain,28.13N,15.45W
1856-10-01,20.94,1.208,Santa Cruz De Tenerife,Spain,28.13N,15.45W
1856-11-01,19.212,1.225,Santa Cruz De Tenerife,Spain,28.13N,15.45W
1856-12-01,17.308,1.7069999999999999,Santa Cruz De Tenerife,Spain,28.13N,15.45W
1857-01-01,15.708000000000002,1.22,Santa Cruz De Tenerife,Spain,28.13N,15.45W
1857-02-01,16.052,1.595,Santa Cruz De Tenerife,Spain,28.13N,15.45W
1857-03-01,16.762999999999998,1.186,Santa Cruz De Tenerife,Spain,28.13N,15.45W
1857-04-01,17.271,1.158,Santa Cruz De Tenerife,Spain,28.13N,15.45W
1857-05-01,17.898,1.3259999999999998,Santa Cruz De Tenerife,Spain,28.13N,15.45W
1857-06-01,20.292,1.195,Santa Cruz De Tenerife,Spain,28.13N,15.45W
1857-07-01,23.24,1.401,Santa Cruz De Tenerife,Spain,28.13N,15.45W
1857-08-01,23.006,1.3119999999999998,Santa Cruz De Tenerife,Spain,28.13N,15.45W
1857-09-01,22.74,1.168,Santa Cruz De Tenerife,Spain,28.13N,15.45W
1857-10-01,21.078000000000003,1.361,Santa Cruz De Tenerife,Spain,28.13N,15.45W
1857-11-01,19.829,1.1320000000000001,Santa Cruz De Tenerife,Spain,28.13N,15.45W
1857-12-01,17.578,1.771,Santa Cruz De Tenerife,Spain,28.13N,15.45W
1858-01-01,16.1,2.214,Santa Cruz De Tenerife,Spain,28.13N,15.45W
1858-02-01,16.191,1.274,Santa Cruz De Tenerife,Spain,28.13N,15.45W
1858-03-01,17.072,1.307,Santa Cruz De Tenerife,Spain,28.13N,15.45W
1858-04-01,18.545,1.4669999999999999,Santa Cruz De Tenerife,Spain,28.13N,15.45W
1858-05-01,19.495,1.298,Santa Cruz De Tenerife,Spain,28.13N,15.45W
1858-06-01,21.425,1.181,Santa Cruz De Tenerife,Spain,28.13N,15.45W
1858-07-01,22.678,1.265,Santa Cruz De Tenerife,Spain,28.13N,15.45W
1858-08-01,23.531,1.335,Santa Cruz De Tenerife,Spain,28.13N,15.45W
1858-09-01,23.221999999999998,1.297,Santa Cruz De Tenerife,Spain,28.13N,15.45W
1858-10-01,21.674,1.364,Santa Cruz De Tenerife,Spain,28.13N,15.45W
1858-11-01,21.166,1.5730000000000002,Santa Cruz De Tenerife,Spain,28.13N,15.45W
1858-12-01,16.504,1.886,Santa Cruz De Tenerife,Spain,28.13N,15.45W
1859-01-01,15.568,1.8730000000000002,Santa Cruz De Tenerife,Spain,28.13N,15.45W
1859-02-01,16.38,1.64,Santa Cruz De Tenerife,Spain,28.13N,15.45W
1859-03-01,17.869999999999994,1.2930000000000001,Santa Cruz De Tenerife,Spain,28.13N,15.45W
1859-04-01,19.759,1.66,Santa Cruz De Tenerife,Spain,28.13N,15.45W
1859-05-01,19.886000000000006,1.4680000000000002,Santa Cruz De Tenerife,Spain,28.13N,15.45W
1859-06-01,20.765,1.18,Santa Cruz De Tenerife,Spain,28.13N,15.45W
1859-07-01,22.855999999999998,1.0959999999999999,Santa Cruz De Tenerife,Spain,28.13N,15.45W
1859-08-01,23.357000000000006,1.109,Santa Cruz De Tenerife,Spain,28.13N,15.45W
1859-09-01,23.038,1.145,Santa Cruz De Tenerife,Spain,28.13N,15.45W
1859-10-01,21.246,1.374,Santa Cruz De Tenerife,Spain,28.13N,15.45W
1859-11-01,19.928,1.474,Santa Cruz De Tenerife,Spain,28.13N,15.45W
1859-12-01,17.867,1.683,Santa Cruz De Tenerife,Spain,28.13N,15.45W
1860-01-01,17.12,1.406,Santa Cruz De Tenerife,Spain,28.13N,15.45W
1860-02-01,15.545999999999998,1.2,Santa Cruz De Tenerife,Spain,28.13N,15.45W
1860-03-01,16.819000000000003,1.8840000000000001,Santa Cruz De Tenerife,Spain,28.13N,15.45W
1860-04-01,17.812,1.3519999999999999,Santa Cruz De Tenerife,Spain,28.13N,15.45W
1860-05-01,19.954,1.119,Santa Cruz De Tenerife,Spain,28.13N,15.45W
1860-06-01,21.531,1.113,Santa Cruz De Tenerife,Spain,28.13N,15.45W
1860-07-01,23.006,1.177,Santa Cruz De Tenerife,Spain,28.13N,15.45W
1860-08-01,23.758000000000006,1.23,Santa Cruz De Tenerife,Spain,28.13N,15.45W
1860-09-01,22.132,0.978,Santa Cruz De Tenerife,Spain,28.13N,15.45W
1860-10-01,21.656,1.081,Santa Cruz De Tenerife,Spain,28.13N,15.45W
1860-11-01,20.333,1.1840000000000002,Santa Cruz De Tenerife,Spain,28.13N,15.45W
1860-12-01,18.266,1.413,Santa Cruz De Tenerife,Spain,28.13N,15.45W
1861-01-01,16.207,1.636,Santa Cruz De Tenerife,Spain,28.13N,15.45W
1861-02-01,16.174999999999994,1.4709999999999999,Santa Cruz De Tenerife,Spain,28.13N,15.45W
1861-03-01,18.111,1.124,Santa Cruz De Tenerife,Spain,28.13N,15.45W
1861-04-01,18.476,1.329,Santa Cruz De Tenerife,Spain,28.13N,15.45W
1861-05-01,19.284,1.419,Santa Cruz De Tenerife,Spain,28.13N,15.45W
1861-06-01,21.341,1.339,Santa Cruz De Tenerife,Spain,28.13N,15.45W
1861-07-01,22.409,1.047,Santa Cruz De Tenerife,Spain,28.13N,15.45W
1861-08-01,23.894,1.3259999999999998,Santa Cruz De Tenerife,Spain,28.13N,15.45W
1861-09-01,23.375999999999998,0.935,Santa Cruz De Tenerife,Spain,28.13N,15.45W
1861-10-01,21.608,1.2109999999999999,Santa Cruz De Tenerife,Spain,28.13N,15.45W
1861-11-01,19.978,1.8730000000000002,Santa Cruz De Tenerife,Spain,28.13N,15.45W
1861-12-01,17.87,2.0580000000000003,Santa Cruz De Tenerife,Spain,28.13N,15.45W
1862-01-01,16.734,1.2819999999999998,Santa Cruz De Tenerife,Spain,28.13N,15.45W
1862-02-01,16.211,1.368,Santa Cruz De Tenerife,Spain,28.13N,15.45W
1862-03-01,16.916999999999998,1.7790000000000001,Santa Cruz De Tenerife,Spain,28.13N,15.45W
1862-04-01,17.625,2.044,Santa Cruz De Tenerife,Spain,28.13N,15.45W
1862-05-01,19.130000000000006,1.635,Santa Cruz De Tenerife,Spain,28.13N,15.45W
1862-06-01,21.749000000000002,1.3980000000000001,Santa Cruz De Tenerife,Spain,28.13N,15.45W
1862-07-01,24.08,1.1159999999999999,Santa Cruz De Tenerife,Spain,28.13N,15.45W
1862-08-01,23.526,1.287,Santa Cruz De Tenerife,Spain,28.13N,15.45W
1862-09-01,22.526,1.268,Santa Cruz De Tenerife,Spain,28.13N,15.45W
1862-10-01,21.686,1.295,Santa Cruz De Tenerife,Spain,28.13N,15.45W
1862-11-01,17.962,1.715,Santa Cruz De Tenerife,Spain,28.13N,15.45W
1862-12-01,16.198,1.4969999999999999,Santa Cruz De Tenerife,Spain,28.13N,15.45W
1863-01-01,17.355,2.0709999999999997,Santa Cruz De Tenerife,Spain,28.13N,15.45W
1863-02-01,16.529,2.699,Santa Cruz De Tenerife,Spain,28.13N,15.45W
1863-03-01,17.075,1.218,Santa Cruz De Tenerife,Spain,28.13N,15.45W
1863-04-01,17.569000000000006,1.6680000000000001,Santa Cruz De Tenerife,Spain,28.13N,15.45W
1863-05-01,18.47,1.652,Santa Cruz De Tenerife,Spain,28.13N,15.45W
1863-06-01,20.53,1.72,Santa Cruz De Tenerife,Spain,28.13N,15.45W
1863-07-01,22.456999999999997,1.561,Santa Cruz De Tenerife,Spain,28.13N,15.45W
1863-08-01,23.247,1.092,Santa Cruz De Tenerife,Spain,28.13N,15.45W
1863-09-01,22.686999999999998,1.094,Santa Cruz De Tenerife,Spain,28.13N,15.45W
1863-10-01,20.669,1.4509999999999998,Santa Cruz De Tenerife,Spain,28.13N,15.45W
1863-11-01,19.395,1.296,Santa Cruz De Tenerife,Spain,28.13N,15.45W
1863-12-01,16.622,1.415,Santa Cruz De Tenerife,Spain,28.13N,15.45W
1864-01-01,16.632,1.349,Santa Cruz De Tenerife,Spain,28.13N,15.45W
1864-02-01,16.365,1.689,Santa Cruz De Tenerife,Spain,28.13N,15.45W
1864-03-01,16.808,1.324,Santa Cruz De Tenerife,Spain,28.13N,15.45W
1864-04-01,18.043,1.268,Santa Cruz De Tenerife,Spain,28.13N,15.45W
1864-05-01,19.984,1.172,Santa Cruz De Tenerife,Spain,28.13N,15.45W
1864-06-01,22.403000000000002,1.1,Santa Cruz De Tenerife,Spain,28.13N,15.45W
1864-07-01,22.951,1.087,Santa Cruz De Tenerife,Spain,28.13N,15.45W
1864-08-01,24.818,1.361,Santa Cruz De Tenerife,Spain,28.13N,15.45W
1864-09-01,23.646,1.452,Santa Cruz De Tenerife,Spain,28.13N,15.45W
1864-10-01,21.699,1.122,Santa Cruz De Tenerife,Spain,28.13N,15.45W
1864-11-01,19.814,1.358,Santa Cruz De Tenerife,Spain,28.13N,15.45W
1864-12-01,17.617,1.5830000000000002,Santa Cruz De Tenerife,Spain,28.13N,15.45W
1865-01-01,17.582,1.036,Santa Cruz De Tenerife,Spain,28.13N,15.45W
1865-02-01,17.782,1.607,Santa Cruz De Tenerife,Spain,28.13N,15.45W
1865-03-01,17.351,0.731,Santa Cruz De Tenerife,Spain,28.13N,15.45W
1865-04-01,17.769000000000005,1.35,Santa Cruz De Tenerife,Spain,28.13N,15.45W
1865-05-01,19.232000000000006,1.143,Santa Cruz De Tenerife,Spain,28.13N,15.45W
1865-06-01,21.525,1.31,Santa Cruz De Tenerife,Spain,28.13N,15.45W
1865-07-01,23.121,0.725,Santa Cruz De Tenerife,Spain,28.13N,15.45W
1865-08-01,23.269,0.8190000000000001,Santa Cruz De Tenerife,Spain,28.13N,15.45W
1865-09-01,23.495,0.8370000000000001,Santa Cruz De Tenerife,Spain,28.13N,15.45W
1865-10-01,22.034000000000002,0.9329999999999999,Santa Cruz De Tenerife,Spain,28.13N,15.45W
1865-11-01,19.837,1.002,Santa Cruz De Tenerife,Spain,28.13N,15.45W
1865-12-01,17.107,2.0869999999999997,Santa Cruz De Tenerife,Spain,28.13N,15.45W
1866-01-01,16.683000000000003,1.247,Santa Cruz De Tenerife,Spain,28.13N,15.45W
1866-02-01,17.046,1.166,Santa Cruz De Tenerife,Spain,28.13N,15.45W
1866-03-01,16.381,0.884,Santa Cruz De Tenerife,Spain,28.13N,15.45W
1866-04-01,17.896,1.275,Santa Cruz De Tenerife,Spain,28.13N,15.45W
1866-05-01,19.132,1.025,Santa Cruz De Tenerife,Spain,28.13N,15.45W
1866-06-01,21.083000000000002,1.5730000000000002,Santa Cruz De Tenerife,Spain,28.13N,15.45W
1866-07-01,22.586,1.063,Santa Cruz De Tenerife,Spain,28.13N,15.45W
1866-08-01,23.759,1.195,Santa Cruz De Tenerife,Spain,28.13N,15.45W
1866-09-01,23.255,1.528,Santa Cruz De Tenerife,Spain,28.13N,15.45W
1866-10-01,21.513,1.825,Santa Cruz De Tenerife,Spain,28.13N,15.45W
1866-11-01,20.211,1.507,Santa Cruz De Tenerife,Spain,28.13N,15.45W
1866-12-01,18.621,1.524,Santa Cruz De Tenerife,Spain,28.13N,15.45W
1867-01-01,17.646,1.383,Santa Cruz De Tenerife,Spain,28.13N,15.45W
1867-02-01,18.074,2.19,Santa Cruz De Tenerife,Spain,28.13N,15.45W
1867-03-01,18.435,2.278,Santa Cruz De Tenerife,Spain,28.13N,15.45W
1867-04-01,19.034,1.109,Santa Cruz De Tenerife,Spain,28.13N,15.45W
1867-05-01,19.6,1.6130000000000002,Santa Cruz De Tenerife,Spain,28.13N,15.45W
1867-06-01,21.331,0.9690000000000001,Santa Cruz De Tenerife,Spain,28.13N,15.45W
1867-07-01,22.747,1.22,Santa Cruz De Tenerife,Spain,28.13N,15.45W
1867-08-01,23.435,1.405,Santa Cruz De Tenerife,Spain,28.13N,15.45W
1867-09-01,23.063000000000002,0.96,Santa Cruz De Tenerife,Spain,28.13N,15.45W
1867-10-01,21.855,1.026,Santa Cruz De Tenerife,Spain,28.13N,15.45W
1867-11-01,20.674,2.009,Santa Cruz De Tenerife,Spain,28.13N,15.45W
1867-12-01,17.596,1.801,Santa Cruz De Tenerife,Spain,28.13N,15.45W
1868-01-01,17.208000000000002,1.014,Santa Cruz De Tenerife,Spain,28.13N,15.45W
1868-02-01,17.267999999999994,1.587,Santa Cruz De Tenerife,Spain,28.13N,15.45W
1868-03-01,17.942999999999994,1.367,Santa Cruz De Tenerife,Spain,28.13N,15.45W
1868-04-01,17.986,1.3230000000000002,Santa Cruz De Tenerife,Spain,28.13N,15.45W
1868-05-01,19.91,1.26,Santa Cruz De Tenerife,Spain,28.13N,15.45W
1868-06-01,21.108,1.003,Santa Cruz De Tenerife,Spain,28.13N,15.45W
1868-07-01,22.820999999999998,1.068,Santa Cruz De Tenerife,Spain,28.13N,15.45W
1868-08-01,23.906999999999996,1.121,Santa Cruz De Tenerife,Spain,28.13N,15.45W
1868-09-01,23.296999999999997,1.255,Santa Cruz De Tenerife,Spain,28.13N,15.45W
1868-10-01,21.052,1.25,Santa Cruz De Tenerife,Spain,28.13N,15.45W
1868-11-01,19.467,1.04,Santa Cruz De Tenerife,Spain,28.13N,15.45W
1868-12-01,18.480999999999998,1.19,Santa Cruz De Tenerife,Spain,28.13N,15.45W
1869-01-01,17.07,1.692,Santa Cruz De Tenerife,Spain,28.13N,15.45W
1869-02-01,16.912999999999997,1.7180000000000002,Santa Cruz De Tenerife,Spain,28.13N,15.45W
1869-03-01,17.392999999999994,1.412,Santa Cruz De Tenerife,Spain,28.13N,15.45W
1869-04-01,18.511,1.067,Santa Cruz De Tenerife,Spain,28.13N,15.45W
1869-05-01,19.39,1.507,Santa Cruz De Tenerife,Spain,28.13N,15.45W
1869-06-01,21.308000000000003,1.143,Santa Cruz De Tenerife,Spain,28.13N,15.45W
1869-07-01,23.256999999999998,1.3559999999999999,Santa Cruz De Tenerife,Spain,28.13N,15.45W
1869-08-01,23.819000000000006,0.945,Santa Cruz De Tenerife,Spain,28.13N,15.45W
1869-09-01,23.981,0.8109999999999999,Santa Cruz De Tenerife,Spain,28.13N,15.45W
1869-10-01,21.833000000000002,0.867,Santa Cruz De Tenerife,Spain,28.13N,15.45W
1869-11-01,18.928,1.111,Santa Cruz De Tenerife,Spain,28.13N,15.45W
1869-12-01,16.918,1.125,Santa Cruz De Tenerife,Spain,28.13N,15.45W
1870-01-01,16.815,1.3869999999999998,Santa Cruz De Tenerife,Spain,28.13N,15.45W
1870-02-01,16.448999999999998,1.486,Santa Cruz De Tenerife,Spain,28.13N,15.45W
1870-03-01,17.430999999999994,1.19,Santa Cruz De Tenerife,Spain,28.13N,15.45W
1870-04-01,17.717000000000006,1.2,Santa Cruz De Tenerife,Spain,28.13N,15.45W
1870-05-01,19.21,1.127,Santa Cruz De Tenerife,Spain,28.13N,15.45W
1870-06-01,21.886,1.5490000000000002,Santa Cruz De Tenerife,Spain,28.13N,15.45W
1870-07-01,23.113000000000003,1.048,Santa Cruz De Tenerife,Spain,28.13N,15.45W
1870-08-01,23.663,0.993,Santa Cruz De Tenerife,Spain,28.13N,15.45W
1870-09-01,23.839000000000002,0.935,Santa Cruz De Tenerife,Spain,28.13N,15.45W
1870-10-01,22.898000000000003,1.41,Santa Cruz De Tenerife,Spain,28.13N,15.45W
1870-11-01,20.006,1.126,Santa Cruz De Tenerife,Spain,28.13N,15.45W
1870-12-01,18.023,1.4880000000000002,Santa Cruz De Tenerife,Spain,28.13N,15.45W
1871-01-01,15.548000000000002,1.295,Santa Cruz De Tenerife,Spain,28.13N,15.45W
1871-02-01,16.445999999999998,1.61,Santa Cruz De Tenerife,Spain,28.13N,15.45W
1871-03-01,17.070999999999998,1.429,Santa Cruz De Tenerife,Spain,28.13N,15.45W
1871-04-01,18.762,1.133,Santa Cruz De Tenerife,Spain,28.13N,15.45W
1871-05-01,19.105,1.074,Santa Cruz De Tenerife,Spain,28.13N,15.45W
1871-06-01,21.051,0.88,Santa Cruz De Tenerife,Spain,28.13N,15.45W
1871-07-01,23.136000000000006,1.0090000000000001,Santa Cruz De Tenerife,Spain,28.13N,15.45W
1871-08-01,23.804,1.232,Santa Cruz De Tenerife,Spain,28.13N,15.45W
1871-09-01,23.103,1.168,Santa Cruz De Tenerife,Spain,28.13N,15.45W
1871-10-01,21.944000000000003,1.043,Santa Cruz De Tenerife,Spain,28.13N,15.45W
1871-11-01,19.645,1.16,Santa Cruz De Tenerife,Spain,28.13N,15.45W
1871-12-01,17.139,1.358,Santa Cruz De Tenerife,Spain,28.13N,15.45W
1872-01-01,16.497,1.4240000000000002,Santa Cruz De Tenerife,Spain,28.13N,15.45W
1872-02-01,16.522000000000002,1.47,Santa Cruz De Tenerife,Spain,28.13N,15.45W
1872-03-01,17.708,1.331,Santa Cruz De Tenerife,Spain,28.13N,15.45W
1872-04-01,18.267,1.72,Santa Cruz De Tenerife,Spain,28.13N,15.45W
1872-05-01,19.249,1.04,Santa Cruz De Tenerife,Spain,28.13N,15.45W
1872-06-01,21.368000000000002,1.046,Santa Cruz De Tenerife,Spain,28.13N,15.45W
1872-07-01,23.228,1.139,Santa Cruz De Tenerife,Spain,28.13N,15.45W
1872-08-01,24.006999999999998,1.026,Santa Cruz De Tenerife,Spain,28.13N,15.45W
1872-09-01,23.249000000000002,0.907,Santa Cruz De Tenerife,Spain,28.13N,15.45W
1872-10-01,21.346,1.171,Santa Cruz De Tenerife,Spain,28.13N,15.45W
1872-11-01,19.484,1.0390000000000001,Santa Cruz De Tenerife,Spain,28.13N,15.45W
1872-12-01,16.434,2.109,Santa Cruz De Tenerife,Spain,28.13N,15.45W
1873-01-01,16.398000000000003,1.2229999999999999,Santa Cruz De Tenerife,Spain,28.13N,15.45W
1873-02-01,16.901,1.288,Santa Cruz De Tenerife,Spain,28.13N,15.45W
1873-03-01,16.924999999999994,1.094,Santa Cruz De Tenerife,Spain,28.13N,15.45W
1873-04-01,17.71,1.074,Santa Cruz De Tenerife,Spain,28.13N,15.45W
1873-05-01,19.444000000000006,1.3259999999999998,Santa Cruz De Tenerife,Spain,28.13N,15.45W
1873-06-01,21.079,1.171,Santa Cruz De Tenerife,Spain,28.13N,15.45W
1873-07-01,22.599,1.015,Santa Cruz De Tenerife,Spain,28.13N,15.45W
1873-08-01,23.448,0.6759999999999999,Santa Cruz De Tenerife,Spain,28.13N,15.45W
1873-09-01,22.916,1.214,Santa Cruz De Tenerife,Spain,28.13N,15.45W
1873-10-01,21.009,0.728,Santa Cruz De Tenerife,Spain,28.13N,15.45W
1873-11-01,19.203,0.746,Santa Cruz De Tenerife,Spain,28.13N,15.45W
1873-12-01,18.139,0.8809999999999999,Santa Cruz De Tenerife,Spain,28.13N,15.45W
1874-01-01,16.523000000000003,1.574,Santa Cruz De Tenerife,Spain,28.13N,15.45W
1874-02-01,16.976,1.2009999999999998,Santa Cruz De Tenerife,Spain,28.13N,15.45W
1874-03-01,17.218,1.06,Santa Cruz De Tenerife,Spain,28.13N,15.45W
1874-04-01,18.569000000000006,0.6609999999999999,Santa Cruz De Tenerife,Spain,28.13N,15.45W
1874-05-01,19.217,0.768,Santa Cruz De Tenerife,Spain,28.13N,15.45W
1874-06-01,20.707,0.747,Santa Cruz De Tenerife,Spain,28.13N,15.45W
1874-07-01,22.506999999999998,1.104,Santa Cruz De Tenerife,Spain,28.13N,15.45W
1874-08-01,23.005000000000006,1.012,Santa Cruz De Tenerife,Spain,28.13N,15.45W
1874-09-01,22.993000000000002,0.7829999999999999,Santa Cruz De Tenerife,Spain,28.13N,15.45W
1874-10-01,21.326,1.335,Santa Cruz De Tenerife,Spain,28.13N,15.45W
1874-11-01,19.689,1.11,Santa Cruz De Tenerife,Spain,28.13N,15.45W
1874-12-01,16.439,1.291,Santa Cruz De Tenerife,Spain,28.13N,15.45W
1875-01-01,16.425,1.159,Santa Cruz De Tenerife,Spain,28.13N,15.45W
1875-02-01,16.287,0.9890000000000001,Santa Cruz De Tenerife,Spain,28.13N,15.45W
1875-03-01,17.255,1.08,Santa Cruz De Tenerife,Spain,28.13N,15.45W
1875-04-01,18.034,0.94,Santa Cruz De Tenerife,Spain,28.13N,15.45W
1875-05-01,19.741,0.785,Santa Cruz De Tenerife,Spain,28.13N,15.45W
1875-06-01,20.747,1.2890000000000001,Santa Cruz De Tenerife,Spain,28.13N,15.45W
1875-07-01,22.34,0.74,Santa Cruz De Tenerife,Spain,28.13N,15.45W
1875-08-01,23.493,1.129,Santa Cruz De Tenerife,Spain,28.13N,15.45W
1875-09-01,23.311,0.7979999999999999,Santa Cruz De Tenerife,Spain,28.13N,15.45W
1875-10-01,21.744,0.685,Santa Cruz De Tenerife,Spain,28.13N,15.45W
1875-11-01,19.906,0.941,Santa Cruz De Tenerife,Spain,28.13N,15.45W
1875-12-01,17.65,1.0859999999999999,Santa Cruz De Tenerife,Spain,28.13N,15.45W
1876-01-01,15.933000000000002,0.745,Santa Cruz De Tenerife,Spain,28.13N,15.45W
1876-02-01,16.805999999999994,0.672,Santa Cruz De Tenerife,Spain,28.13N,15.45W
1876-03-01,17.904999999999994,1.073,Santa Cruz De Tenerife,Spain,28.13N,15.45W
1876-04-01,18.284,0.966,Santa Cruz De Tenerife,Spain,28.13N,15.45W
1876-05-01,18.91,0.7120000000000001,Santa Cruz De Tenerife,Spain,28.13N,15.45W
1876-06-01,20.663,1.1159999999999999,Santa Cruz De Tenerife,Spain,28.13N,15.45W
1876-07-01,22.901999999999997,0.955,Santa Cruz De Tenerife,Spain,28.13N,15.45W
1876-08-01,24.011999999999997,0.797,Santa Cruz De Tenerife,Spain,28.13N,15.45W
1876-09-01,23.678,0.8490000000000001,Santa Cruz De Tenerife,Spain,28.13N,15.45W
1876-10-01,21.648000000000003,0.905,Santa Cruz De Tenerife,Spain,28.13N,15.45W
1876-11-01,20.531,0.9209999999999999,Santa Cruz De Tenerife,Spain,28.13N,15.45W
1876-12-01,18.067999999999998,1.3119999999999998,Santa Cruz De Tenerife,Spain,28.13N,15.45W
1877-01-01,17.275000000000002,1.1179999999999999,Santa Cruz De Tenerife,Spain,28.13N,15.45W
1877-02-01,16.904999999999998,1.087,Santa Cruz De Tenerife,Spain,28.13N,15.45W
1877-03-01,17.697999999999997,0.777,Santa Cruz De Tenerife,Spain,28.13N,15.45W
1877-04-01,18.518,2.698,Santa Cruz De Tenerife,Spain,28.13N,15.45W
1877-05-01,19.998,1.268,Santa Cruz De Tenerife,Spain,28.13N,15.45W
1877-06-01,20.801,0.677,Santa Cruz De Tenerife,Spain,28.13N,15.45W
1877-07-01,22.969,0.775,Santa Cruz De Tenerife,Spain,28.13N,15.45W
1877-08-01,23.923,0.8190000000000001,Santa Cruz De Tenerife,Spain,28.13N,15.45W
1877-09-01,23.028000000000002,0.7120000000000001,Santa Cruz De Tenerife,Spain,28.13N,15.45W
1877-10-01,22.018,0.7340000000000001,Santa Cruz De Tenerife,Spain,28.13N,15.45W
1877-11-01,20.65,1.052,Santa Cruz De Tenerife,Spain,28.13N,15.45W
1877-12-01,17.391,2.9560000000000004,Santa Cruz De Tenerife,Spain,28.13N,15.45W
1878-01-01,16.474,2.2969999999999997,Santa Cruz De Tenerife,Spain,28.13N,15.45W
1878-02-01,17.910999999999994,0.961,Santa Cruz De Tenerife,Spain,28.13N,15.45W
1878-03-01,18.41,0.8740000000000001,Santa Cruz De Tenerife,Spain,28.13N,15.45W
1878-04-01,19.609,1.1640000000000001,Santa Cruz De Tenerife,Spain,28.13N,15.45W
1878-05-01,20.796000000000006,1.2819999999999998,Santa Cruz De Tenerife,Spain,28.13N,15.45W
1878-06-01,22.36,2.135,Santa Cruz De Tenerife,Spain,28.13N,15.45W
1878-07-01,22.680999999999997,1.159,Santa Cruz De Tenerife,Spain,28.13N,15.45W
1878-08-01,23.686999999999998,1.607,Santa Cruz De Tenerife,Spain,28.13N,15.45W
1878-09-01,23.476999999999997,1.124,Santa Cruz De Tenerife,Spain,28.13N,15.45W
1878-10-01,21.491,1.253,Santa Cruz De Tenerife,Spain,28.13N,15.45W
1878-11-01,19.966,1.263,Santa Cruz De Tenerife,Spain,28.13N,15.45W
1878-12-01,18.733,2.138,Santa Cruz De Tenerife,Spain,28.13N,15.45W
1879-01-01,17.225,0.94,Santa Cruz De Tenerife,Spain,28.13N,15.45W
1879-02-01,17.009999999999998,1.138,Santa Cruz De Tenerife,Spain,28.13N,15.45W
1879-03-01,16.567,0.7829999999999999,Santa Cruz De Tenerife,Spain,28.13N,15.45W
1879-04-01,17.85,1.44,Santa Cruz De Tenerife,Spain,28.13N,15.45W
1879-05-01,19.32,1.375,Santa Cruz De Tenerife,Spain,28.13N,15.45W
1879-06-01,20.855,1.546,Santa Cruz De Tenerife,Spain,28.13N,15.45W
1879-07-01,22.443,1.4069999999999998,Santa Cruz De Tenerife,Spain,28.13N,15.45W
1879-08-01,22.916999999999998,1.001,Santa Cruz De Tenerife,Spain,28.13N,15.45W
1879-09-01,22.58,0.846,Santa Cruz De Tenerife,Spain,28.13N,15.45W
1879-10-01,21.436999999999998,0.91,Santa Cruz De Tenerife,Spain,28.13N,15.45W
1879-11-01,20.418,0.78,Santa Cruz De Tenerife,Spain,28.13N,15.45W
1879-12-01,16.742,0.7070000000000001,Santa Cruz De Tenerife,Spain,28.13N,15.45W
1880-01-01,16.367,0.934,Santa Cruz De Tenerife,Spain,28.13N,15.45W
1880-02-01,17.043999999999997,1.264,Santa Cruz De Tenerife,Spain,28.13N,15.45W
1880-03-01,16.724999999999998,1.633,Santa Cruz De Tenerife,Spain,28.13N,15.45W
1880-04-01,17.028000000000002,1.05,Santa Cruz De Tenerife,Spain,28.13N,15.45W
1880-05-01,17.956000000000003,1.5519999999999998,Santa Cruz De Tenerife,Spain,28.13N,15.45W
1880-06-01,19.354,2.187,Santa Cruz De Tenerife,Spain,28.13N,15.45W
1880-07-01,21.445999999999998,1.5830000000000002,Santa Cruz De Tenerife,Spain,28.13N,15.45W
1880-08-01,21.985000000000007,1.806,Santa Cruz De Tenerife,Spain,28.13N,15.45W
1880-09-01,22.456999999999997,0.81,Santa Cruz De Tenerife,Spain,28.13N,15.45W
1880-10-01,21.654,1.28,Santa Cruz De Tenerife,Spain,28.13N,15.45W
1880-11-01,18.736,3.1180000000000003,Santa Cruz De Tenerife,Spain,28.13N,15.45W
1880-12-01,16.817,1.314,Santa Cruz De Tenerife,Spain,28.13N,15.45W
1881-01-01,18.47,1.33,Santa Cruz De Tenerife,Spain,28.13N,15.45W
1881-02-01,17.020999999999994,1.0090000000000001,Santa Cruz De Tenerife,Spain,28.13N,15.45W
1881-03-01,18.188,0.836,Santa Cruz De Tenerife,Spain,28.13N,15.45W
1881-04-01,18.208,1.051,Santa Cruz De Tenerife,Spain,28.13N,15.45W
1881-05-01,20.003,0.8270000000000001,Santa Cruz De Tenerife,Spain,28.13N,15.45W
1881-06-01,22.861,3.44,Santa Cruz De Tenerife,Spain,28.13N,15.45W
1881-07-01,22.729000000000006,0.903,Santa Cruz De Tenerife,Spain,28.13N,15.45W
1881-08-01,24.199,1.083,Santa Cruz De Tenerife,Spain,28.13N,15.45W
1881-09-01,23.561,0.785,Santa Cruz De Tenerife,Spain,28.13N,15.45W
1881-10-01,21.531999999999996,1.298,Santa Cruz De Tenerife,Spain,28.13N,15.45W
1881-11-01,19.556,1.4509999999999998,Santa Cruz De Tenerife,Spain,28.13N,15.45W
1881-12-01,17.332,1.8430000000000002,Santa Cruz De Tenerife,Spain,28.13N,15.45W
1882-01-01,16.900000000000002,1.156,Santa Cruz De Tenerife,Spain,28.13N,15.45W
1882-02-01,17.787,1.2009999999999998,Santa Cruz De Tenerife,Spain,28.13N,15.45W
1882-03-01,17.857999999999997,0.9470000000000001,Santa Cruz De Tenerife,Spain,28.13N,15.45W
1882-04-01,18.456,0.8190000000000001,Santa Cruz De Tenerife,Spain,28.13N,15.45W
1882-05-01,20.25,3.7710000000000004,Santa Cruz De Tenerife,Spain,28.13N,15.45W
1882-06-01,21.412,1.27,Santa Cruz De Tenerife,Spain,28.13N,15.45W
1882-07-01,23.0,0.741,Santa Cruz De Tenerife,Spain,28.13N,15.45W
1882-08-01,23.156999999999996,0.568,Santa Cruz De Tenerife,Spain,28.13N,15.45W
1882-09-01,22.426,0.495,Santa Cruz De Tenerife,Spain,28.13N,15.45W
1882-10-01,21.921999999999997,1.3940000000000001,Santa Cruz De Tenerife,Spain,28.13N,15.45W
1882-11-01,20.228,1.23,Santa Cruz De Tenerife,Spain,28.13N,15.45W
1882-12-01,17.75,1.2329999999999999,Santa Cruz De Tenerife,Spain,28.13N,15.45W
1883-01-01,17.186,0.995,Santa Cruz De Tenerife,Spain,28.13N,15.45W
1883-02-01,17.160999999999998,1.126,Santa Cruz De Tenerife,Spain,28.13N,15.45W
1883-03-01,16.305,1.026,Santa Cruz De Tenerife,Spain,28.13N,15.45W
1883-04-01,17.701,0.446,Santa Cruz De Tenerife,Spain,28.13N,15.45W
1883-05-01,18.375,1.054,Santa Cruz De Tenerife,Spain,28.13N,15.45W
1883-06-01,20.823,1.341,Santa Cruz De Tenerife,Spain,28.13N,15.45W
1883-07-01,23.288,1.817,Santa Cruz De Tenerife,Spain,28.13N,15.45W
1883-08-01,22.955,1.749,Santa Cruz De Tenerife,Spain,28.13N,15.45W
1883-09-01,22.773000000000003,0.41100000000000003,Santa Cruz De Tenerife,Spain,28.13N,15.45W
1883-10-01,21.184,0.812,Santa Cruz De Tenerife,Spain,28.13N,15.45W
1883-11-01,19.419,0.8590000000000001,Santa Cruz De Tenerife,Spain,28.13N,15.45W
1883-12-01,17.092,1.121,Santa Cruz De Tenerife,Spain,28.13N,15.45W
1884-01-01,16.414,1.879,Santa Cruz De Tenerife,Spain,28.13N,15.45W
1884-02-01,15.701999999999998,1.521,Santa Cruz De Tenerife,Spain,28.13N,15.45W
1884-03-01,16.360999999999994,0.8740000000000001,Santa Cruz De Tenerife,Spain,28.13N,15.45W
1884-04-01,17.057000000000002,1.0659999999999998,Santa Cruz De Tenerife,Spain,28.13N,15.45W
1884-05-01,18.529,0.465,Santa Cruz De Tenerife,Spain,28.13N,15.45W
1884-06-01,20.705,0.5920000000000001,Santa Cruz De Tenerife,Spain,28.13N,15.45W
1884-07-01,22.934,1.2919999999999998,Santa Cruz De Tenerife,Spain,28.13N,15.45W
1884-08-01,24.076,1.094,Santa Cruz De Tenerife,Spain,28.13N,15.45W
1884-09-01,22.713,0.961,Santa Cruz De Tenerife,Spain,28.13N,15.45W
1884-10-01,20.592,1.3030000000000002,Santa Cruz De Tenerife,Spain,28.13N,15.45W
1884-11-01,18.761,1.24,Santa Cruz De Tenerife,Spain,28.13N,15.45W
1884-12-01,16.865,0.917,Santa Cruz De Tenerife,Spain,28.13N,15.45W
1885-01-01,16.202,0.581,Santa Cruz De Tenerife,Spain,28.13N,15.45W
1885-02-01,17.633999999999997,0.5870000000000001,Santa Cruz De Tenerife,Spain,28.13N,15.45W
1885-03-01,16.401,0.853,Santa Cruz De Tenerife,Spain,28.13N,15.45W
1885-04-01,16.364,1.1159999999999999,Santa Cruz De Tenerife,Spain,28.13N,15.45W
1885-05-01,19.715999999999998,0.792,Santa Cruz De Tenerife,Spain,28.13N,15.45W
1885-06-01,20.93,0.825,Santa Cruz De Tenerife,Spain,28.13N,15.45W
1885-07-01,21.881,0.8320000000000001,Santa Cruz De Tenerife,Spain,28.13N,15.45W
1885-08-01,23.364,0.8809999999999999,Santa Cruz De Tenerife,Spain,28.13N,15.45W
1885-09-01,22.131,0.6970000000000001,Santa Cruz De Tenerife,Spain,28.13N,15.45W
1885-10-01,20.926,0.467,Santa Cruz De Tenerife,Spain,28.13N,15.45W
1885-11-01,19.191,0.765,Santa Cruz De Tenerife,Spain,28.13N,15.45W
1885-12-01,17.714000000000002,0.889,Santa Cruz De Tenerife,Spain,28.13N,15.45W
1886-01-01,15.612000000000002,0.693,Santa Cruz De Tenerife,Spain,28.13N,15.45W
1886-02-01,16.006999999999998,0.888,Santa Cruz De Tenerife,Spain,28.13N,15.45W
1886-03-01,19.105,1.403,Santa Cruz De Tenerife,Spain,28.13N,15.45W
1886-04-01,17.467000000000002,0.474,Santa Cruz De Tenerife,Spain,28.13N,15.45W
1886-05-01,18.547,2.59,Santa Cruz De Tenerife,Spain,28.13N,15.45W
1886-06-01,20.848000000000003,0.43799999999999994,Santa Cruz De Tenerife,Spain,28.13N,15.45W
1886-07-01,22.540000000000006,0.983,Santa Cruz De Tenerife,Spain,28.13N,15.45W
1886-08-01,23.459000000000003,0.705,Santa Cruz De Tenerife,Spain,28.13N,15.45W
1886-09-01,23.436999999999998,0.8590000000000001,Santa Cruz De Tenerife,Spain,28.13N,15.45W
1886-10-01,20.748,0.528,Santa Cruz De Tenerife,Spain,28.13N,15.45W
1886-11-01,19.035,0.603,Santa Cruz De Tenerife,Spain,28.13N,15.45W
1886-12-01,17.479,0.95,Santa Cruz De Tenerife,Spain,28.13N,15.45W
1887-01-01,17.224,1.5659999999999998,Santa Cruz De Tenerife,Spain,28.13N,15.45W
1887-02-01,16.677999999999994,1.224,Santa Cruz De Tenerife,Spain,28.13N,15.45W
1887-03-01,18.635,1.03,Santa Cruz De Tenerife,Spain,28.13N,15.45W
1887-04-01,18.859,1.5930000000000002,Santa Cruz De Tenerife,Spain,28.13N,15.45W
1887-05-01,19.557,1.0759999999999998,Santa Cruz De Tenerife,Spain,28.13N,15.45W
1887-06-01,21.957,1.844,Santa Cruz De Tenerife,Spain,28.13N,15.45W
1887-07-01,23.225,0.8809999999999999,Santa Cruz De Tenerife,Spain,28.13N,15.45W
1887-08-01,23.360000000000007,0.8590000000000001,Santa Cruz De Tenerife,Spain,28.13N,15.45W
1887-09-01,22.517,0.94,Santa Cruz De Tenerife,Spain,28.13N,15.45W
1887-10-01,21.857,0.809,Santa Cruz De Tenerife,Spain,28.13N,15.45W
1887-11-01,19.615,0.968,Santa Cruz De Tenerife,Spain,28.13N,15.45W
1887-12-01,17.842,0.6459999999999999,Santa Cruz De Tenerife,Spain,28.13N,15.45W
1888-01-01,16.719,1.49,Santa Cruz De Tenerife,Spain,28.13N,15.45W
1888-02-01,15.691,1.665,Santa Cruz De Tenerife,Spain,28.13N,15.45W
1888-03-01,17.171,1.605,Santa Cruz De Tenerife,Spain,28.13N,15.45W
1888-04-01,17.087,0.731,Santa Cruz De Tenerife,Spain,28.13N,15.45W
1888-05-01,19.678,1.202,Santa Cruz De Tenerife,Spain,28.13N,15.45W
1888-06-01,21.054000000000002,1.04,Santa Cruz De Tenerife,Spain,28.13N,15.45W
1888-07-01,22.613000000000003,0.8690000000000001,Santa Cruz De Tenerife,Spain,28.13N,15.45W
1888-08-01,23.193,0.503,Santa Cruz De Tenerife,Spain,28.13N,15.45W
1888-09-01,23.01,0.57,Santa Cruz De Tenerife,Spain,28.13N,15.45W
1888-10-01,22.576,0.731,Santa Cruz De Tenerife,Spain,28.13N,15.45W
1888-11-01,20.183,0.615,Santa Cruz De Tenerife,Spain,28.13N,15.45W
1888-12-01,17.9,0.8079999999999999,Santa Cruz De Tenerife,Spain,28.13N,15.45W
1889-01-01,15.857,0.758,Santa Cruz De Tenerife,Spain,28.13N,15.45W
1889-02-01,16.427999999999994,0.841,Santa Cruz De Tenerife,Spain,28.13N,15.45W
1889-03-01,17.349,0.665,Santa Cruz De Tenerife,Spain,28.13N,15.45W
1889-04-01,17.081,0.6990000000000001,Santa Cruz De Tenerife,Spain,28.13N,15.45W
1889-05-01,19.252,0.705,Santa Cruz De Tenerife,Spain,28.13N,15.45W
1889-06-01,20.695,0.976,Santa Cruz De Tenerife,Spain,28.13N,15.45W
1889-07-01,22.815,0.96,Santa Cruz De Tenerife,Spain,28.13N,15.45W
1889-08-01,23.726000000000006,1.155,Santa Cruz De Tenerife,Spain,28.13N,15.45W
1889-09-01,23.428,1.089,Santa Cruz De Tenerife,Spain,28.13N,15.45W
1889-10-01,20.828000000000003,0.429,Santa Cruz De Tenerife,Spain,28.13N,15.45W
1889-11-01,19.547,0.6409999999999999,Santa Cruz De Tenerife,Spain,28.13N,15.45W
1889-12-01,16.291,0.948,Santa Cruz De Tenerife,Spain,28.13N,15.45W
1890-01-01,16.178,0.58,Santa Cruz De Tenerife,Spain,28.13N,15.45W
1890-02-01,16.238999999999994,1.014,Santa Cruz De Tenerife,Spain,28.13N,15.45W
1890-03-01,16.328999999999994,2.278,Santa Cruz De Tenerife,Spain,28.13N,15.45W
1890-04-01,17.498,0.9329999999999999,Santa Cruz De Tenerife,Spain,28.13N,15.45W
1890-05-01,19.105999999999998,1.891,Santa Cruz De Tenerife,Spain,28.13N,15.45W
1890-06-01,21.216,1.41,Santa Cruz De Tenerife,Spain,28.13N,15.45W
1890-07-01,21.451,0.883,Santa Cruz De Tenerife,Spain,28.13N,15.45W
1890-08-01,22.284,0.682,Santa Cruz De Tenerife,Spain,28.13N,15.45W
1890-09-01,22.666,1.195,Santa Cruz De Tenerife,Spain,28.13N,15.45W
1890-10-01,21.695,0.469,Santa Cruz De Tenerife,Spain,28.13N,15.45W
1890-11-01,18.72,0.456,Santa Cruz De Tenerife,Spain,28.13N,15.45W
1890-12-01,16.5,0.479,Santa Cruz De Tenerife,Spain,28.13N,15.45W
1891-01-01,15.003000000000002,0.705,Santa Cruz De Tenerife,Spain,28.13N,15.45W
1891-02-01,16.078999999999994,0.602,Santa Cruz De Tenerife,Spain,28.13N,15.45W
1891-03-01,17.756999999999994,0.5920000000000001,Santa Cruz De Tenerife,Spain,28.13N,15.45W
1891-04-01,19.291,1.683,Santa Cruz De Tenerife,Spain,28.13N,15.45W
1891-05-01,19.401,0.47,Santa Cruz De Tenerife,Spain,28.13N,15.45W
1891-06-01,21.038,0.496,Santa Cruz De Tenerife,Spain,28.13N,15.45W
1891-07-01,23.768,0.802,Santa Cruz De Tenerife,Spain,28.13N,15.45W
1891-08-01,23.906,0.785,Santa Cruz De Tenerife,Spain,28.13N,15.45W
1891-09-01,23.011999999999997,0.6679999999999999,Santa Cruz De Tenerife,Spain,28.13N,15.45W
1891-10-01,21.298000000000002,0.365,Santa Cruz De Tenerife,Spain,28.13N,15.45W
1891-11-01,18.86,0.598,Santa Cruz De Tenerife,Spain,28.13N,15.45W
1891-12-01,17.902,0.512,Santa Cruz De Tenerife,Spain,28.13N,15.45W
1892-01-01,16.529000000000003,0.995,Santa Cruz De Tenerife,Spain,28.13N,15.45W
1892-02-01,17.055,0.511,Santa Cruz De Tenerife,Spain,28.13N,15.45W
1892-03-01,17.619999999999994,1.219,Santa Cruz De Tenerife,Spain,28.13N,15.45W
1892-04-01,17.424,1.102,Santa Cruz De Tenerife,Spain,28.13N,15.45W
1892-05-01,19.339,0.475,Santa Cruz De Tenerife,Spain,28.13N,15.45W
1892-06-01,21.432,0.696,Santa Cruz De Tenerife,Spain,28.13N,15.45W
1892-07-01,23.711,1.504,Santa Cruz De Tenerife,Spain,28.13N,15.45W
1892-08-01,23.671999999999997,0.63,Santa Cruz De Tenerife,Spain,28.13N,15.45W
1892-09-01,22.421999999999997,0.619,Santa Cruz De Tenerife,Spain,28.13N,15.45W
1892-10-01,21.391,0.486,Santa Cruz De Tenerife,Spain,28.13N,15.45W
1892-11-01,19.597,0.667,Santa Cruz De Tenerife,Spain,28.13N,15.45W
1892-12-01,17.362000000000002,1.805,Santa Cruz De Tenerife,Spain,28.13N,15.45W
1893-01-01,17.012999999999998,0.703,Santa Cruz De Tenerife,Spain,28.13N,15.45W
1893-02-01,16.894000000000002,0.667,Santa Cruz De Tenerife,Spain,28.13N,15.45W
1893-03-01,18.285,1.088,Santa Cruz De Tenerife,Spain,28.13N,15.45W
1893-04-01,17.919,1.301,Santa Cruz De Tenerife,Spain,28.13N,15.45W
1893-05-01,19.576,1.4709999999999999,Santa Cruz De Tenerife,Spain,28.13N,15.45W
1893-06-01,21.845,1.255,Santa Cruz De Tenerife,Spain,28.13N,15.45W
1893-07-01,23.644,1.735,Santa Cruz De Tenerife,Spain,28.13N,15.45W
1893-08-01,24.979000000000006,2.526,Santa Cruz De Tenerife,Spain,28.13N,15.45W
1893-09-01,23.625,0.488,Santa Cruz De Tenerife,Spain,28.13N,15.45W
1893-10-01,22.675,0.629,Santa Cruz De Tenerife,Spain,28.13N,15.45W
1893-11-01,20.208,0.428,Santa Cruz De Tenerife,Spain,28.13N,15.45W
1893-12-01,17.472,0.623,Santa Cruz De Tenerife,Spain,28.13N,15.45W
1894-01-01,17.03,1.194,Santa Cruz De Tenerife,Spain,28.13N,15.45W
1894-02-01,16.095999999999997,0.763,Santa Cruz De Tenerife,Spain,28.13N,15.45W
1894-03-01,17.177,0.899,Santa Cruz De Tenerife,Spain,28.13N,15.45W
1894-04-01,17.264,0.823,Santa Cruz De Tenerife,Spain,28.13N,15.45W
1894-05-01,18.785,0.6679999999999999,Santa Cruz De Tenerife,Spain,28.13N,15.45W
1894-06-01,20.941999999999997,0.45399999999999996,Santa Cruz De Tenerife,Spain,28.13N,15.45W
1894-07-01,22.932,0.6809999999999999,Santa Cruz De Tenerife,Spain,28.13N,15.45W
1894-08-01,22.947000000000006,1.2409999999999999,Santa Cruz De Tenerife,Spain,28.13N,15.45W
1894-09-01,23.17,0.419,Santa Cruz De Tenerife,Spain,28.13N,15.45W
1894-10-01,22.480999999999998,1.05,Santa Cruz De Tenerife,Spain,28.13N,15.45W
1894-11-01,19.546,0.919,Santa Cruz De Tenerife,Spain,28.13N,15.45W
1894-12-01,17.96,1.222,Santa Cruz De Tenerife,Spain,28.13N,15.45W
1895-01-01,17.296000000000006,1.819,Santa Cruz De Tenerife,Spain,28.13N,15.45W
1895-02-01,17.930999999999994,0.765,Santa Cruz De Tenerife,Spain,28.13N,15.45W
1895-03-01,16.732,1.055,Santa Cruz De Tenerife,Spain,28.13N,15.45W
1895-04-01,17.935000000000006,0.539,Santa Cruz De Tenerife,Spain,28.13N,15.45W
1895-05-01,19.276,0.7170000000000001,Santa Cruz De Tenerife,Spain,28.13N,15.45W
1895-06-01,20.996,0.909,Santa Cruz De Tenerife,Spain,28.13N,15.45W
1895-07-01,23.122,0.39799999999999996,Santa Cruz De Tenerife,Spain,28.13N,15.45W
1895-08-01,24.226999999999997,0.579,Santa Cruz De Tenerife,Spain,28.13N,15.45W
1895-09-01,23.22,0.941,Santa Cruz De Tenerife,Spain,28.13N,15.45W
1895-10-01,23.539,1.505,Santa Cruz De Tenerife,Spain,28.13N,15.45W
1895-11-01,20.969,0.36,Santa Cruz De Tenerife,Spain,28.13N,15.45W
1895-12-01,18.986,0.511,Santa Cruz De Tenerife,Spain,28.13N,15.45W
1896-01-01,16.872000000000003,0.535,Santa Cruz De Tenerife,Spain,28.13N,15.45W
1896-02-01,17.104999999999997,0.489,Santa Cruz De Tenerife,Spain,28.13N,15.45W
1896-03-01,17.110999999999994,0.7020000000000001,Santa Cruz De Tenerife,Spain,28.13N,15.45W
1896-04-01,18.525,0.912,Santa Cruz De Tenerife,Spain,28.13N,15.45W
1896-05-01,19.230999999999998,0.782,Santa Cruz De Tenerife,Spain,28.13N,15.45W
1896-06-01,21.364,0.767,Santa Cruz De Tenerife,Spain,28.13N,15.45W
1896-07-01,22.090999999999998,2.32,Santa Cruz De Tenerife,Spain,28.13N,15.45W
1896-08-01,22.656999999999996,1.818,Santa Cruz De Tenerife,Spain,28.13N,15.45W
1896-09-01,23.101,2.022,Santa Cruz De Tenerife,Spain,28.13N,15.45W
1896-10-01,21.827,0.562,Santa Cruz De Tenerife,Spain,28.13N,15.45W
1896-11-01,18.211,1.5130000000000001,Santa Cruz De Tenerife,Spain,28.13N,15.45W
1896-12-01,17.008,0.752,Santa Cruz De Tenerife,Spain,28.13N,15.45W
1897-01-01,15.701000000000002,0.92,Santa Cruz De Tenerife,Spain,28.13N,15.45W
1897-02-01,16.549,0.491,Santa Cruz De Tenerife,Spain,28.13N,15.45W
1897-03-01,19.717,1.246,Santa Cruz De Tenerife,Spain,28.13N,15.45W
1897-04-01,19.119,0.853,Santa Cruz De Tenerife,Spain,28.13N,15.45W
1897-05-01,19.107000000000006,0.899,Santa Cruz De Tenerife,Spain,28.13N,15.45W
1897-06-01,21.316,1.364,Santa Cruz De Tenerife,Spain,28.13N,15.45W
1897-07-01,23.503,0.48100000000000004,Santa Cruz De Tenerife,Spain,28.13N,15.45W
1897-08-01,24.135,2.104,Santa Cruz De Tenerife,Spain,28.13N,15.45W
1897-09-01,23.156999999999996,1.021,Santa Cruz De Tenerife,Spain,28.13N,15.45W
1897-10-01,21.87,0.922,Santa Cruz De Tenerife,Spain,28.13N,15.45W
1897-11-01,19.66,1.055,Santa Cruz De Tenerife,Spain,28.13N,15.45W
1897-12-01,17.225,1.3359999999999999,Santa Cruz De Tenerife,Spain,28.13N,15.45W
1898-01-01,16.238000000000003,0.853,Santa Cruz De Tenerife,Spain,28.13N,15.45W
1898-02-01,17.409000000000002,0.41700000000000004,Santa Cruz De Tenerife,Spain,28.13N,15.45W
1898-03-01,17.028,0.583,Santa Cruz De Tenerife,Spain,28.13N,15.45W
1898-04-01,17.703,0.5379999999999999,Santa Cruz De Tenerife,Spain,28.13N,15.45W
1898-05-01,19.279,0.905,Santa Cruz De Tenerife,Spain,28.13N,15.45W
1898-06-01,20.928,0.498,Santa Cruz De Tenerife,Spain,28.13N,15.45W
1898-07-01,21.978,1.96,Santa Cruz De Tenerife,Spain,28.13N,15.45W
1898-08-01,24.201,1.248,Santa Cruz De Tenerife,Spain,28.13N,15.45W
1898-09-01,23.561999999999998,0.767,Santa Cruz De Tenerife,Spain,28.13N,15.45W
1898-10-01,21.754,0.521,Santa Cruz De Tenerife,Spain,28.13N,15.45W
1898-11-01,19.166,0.297,Santa Cruz De Tenerife,Spain,28.13N,15.45W
1898-12-01,17.58,0.639,Santa Cruz De Tenerife,Spain,28.13N,15.45W
1899-01-01,16.953000000000007,0.888,Santa Cruz De Tenerife,Spain,28.13N,15.45W
1899-02-01,16.962999999999994,0.7040000000000001,Santa Cruz De Tenerife,Spain,28.13N,15.45W
1899-03-01,17.921999999999993,0.905,Santa Cruz De Tenerife,Spain,28.13N,15.45W
1899-04-01,19.634,0.584,Santa Cruz De Tenerife,Spain,28.13N,15.45W
1899-05-01,20.601999999999997,0.462,Santa Cruz De Tenerife,Spain,28.13N,15.45W
1899-06-01,21.446,0.893,Santa Cruz De Tenerife,Spain,28.13N,15.45W
1899-07-01,23.191000000000006,0.825,Santa Cruz De Tenerife,Spain,28.13N,15.45W
1899-08-01,25.068,0.871,Santa Cruz De Tenerife,Spain,28.13N,15.45W
1899-09-01,23.758000000000003,0.943,Santa Cruz De Tenerife,Spain,28.13N,15.45W
1899-10-01,22.324,2.39,Santa Cruz De Tenerife,Spain,28.13N,15.45W
1899-11-01,20.828000000000003,0.23399999999999999,Santa Cruz De Tenerife,Spain,28.13N,15.45W
1899-12-01,18.864,0.519,Santa Cruz De Tenerife,Spain,28.13N,15.45W
1900-01-01,16.607000000000006,0.529,Santa Cruz De Tenerife,Spain,28.13N,15.45W
1900-02-01,18.145,0.604,Santa Cruz De Tenerife,Spain,28.13N,15.45W
1900-03-01,18.271,0.504,Santa Cruz De Tenerife,Spain,28.13N,15.45W
1900-04-01,18.724,0.489,Santa Cruz De Tenerife,Spain,28.13N,15.45W
1900-05-01,19.282,0.419,Santa Cruz De Tenerife,Spain,28.13N,15.45W
1900-06-01,21.051,0.541,Santa Cruz De Tenerife,Spain,28.13N,15.45W
1900-07-01,22.85,0.545,Santa Cruz De Tenerife,Spain,28.13N,15.45W
1900-08-01,23.01,1.444,Santa Cruz De Tenerife,Spain,28.13N,15.45W
1900-09-01,22.745,1.633,Santa Cruz De Tenerife,Spain,28.13N,15.45W
1900-10-01,21.429000000000002,1.228,Santa Cruz De Tenerife,Spain,28.13N,15.45W
1900-11-01,20.169,1.76,Santa Cruz De Tenerife,Spain,28.13N,15.45W
1900-12-01,17.906,0.385,Santa Cruz De Tenerife,Spain,28.13N,15.45W
1901-01-01,17.14,0.508,Santa Cruz De Tenerife,Spain,28.13N,15.45W
1901-02-01,17.816999999999997,1.018,Santa Cruz De Tenerife,Spain,28.13N,15.45W
1901-03-01,18.034000000000002,0.405,Santa Cruz De Tenerife,Spain,28.13N,15.45W
1901-04-01,19.577,0.523,Santa Cruz De Tenerife,Spain,28.13N,15.45W
1901-05-01,19.769,0.545,Santa Cruz De Tenerife,Spain,28.13N,15.45W
1901-06-01,21.712,0.6890000000000001,Santa Cruz De Tenerife,Spain,28.13N,15.45W
1901-07-01,22.325000000000006,0.802,Santa Cruz De Tenerife,Spain,28.13N,15.45W
1901-08-01,23.819000000000006,0.436,Santa Cruz De Tenerife,Spain,28.13N,15.45W
1901-09-01,22.925,0.759,Santa Cruz De Tenerife,Spain,28.13N,15.45W
1901-10-01,20.456,0.733,Santa Cruz De Tenerife,Spain,28.13N,15.45W
1901-11-01,20.155,0.925,Santa Cruz De Tenerife,Spain,28.13N,15.45W
1901-12-01,16.9,0.5760000000000001,Santa Cruz De Tenerife,Spain,28.13N,15.45W
1902-01-01,17.249000000000002,0.679,Santa Cruz De Tenerife,Spain,28.13N,15.45W
1902-02-01,17.980999999999995,0.49200000000000005,Santa Cruz De Tenerife,Spain,28.13N,15.45W
1902-03-01,17.668999999999997,0.685,Santa Cruz De Tenerife,Spain,28.13N,15.45W
1902-04-01,18.608,0.753,Santa Cruz De Tenerife,Spain,28.13N,15.45W
1902-05-01,19.308,0.639,Santa Cruz De Tenerife,Spain,28.13N,15.45W
1902-06-01,20.566,0.6859999999999999,Santa Cruz De Tenerife,Spain,28.13N,15.45W
1902-07-01,22.829,1.148,Santa Cruz De Tenerife,Spain,28.13N,15.45W
1902-08-01,24.51,1.3359999999999999,Santa Cruz De Tenerife,Spain,28.13N,15.45W
1902-09-01,23.174,0.521,Santa Cruz De Tenerife,Spain,28.13N,15.45W
1902-10-01,21.61,0.289,Santa Cruz De Tenerife,Spain,28.13N,15.45W
1902-11-01,19.766,0.33799999999999997,Santa Cruz De Tenerife,Spain,28.13N,15.45W
1902-12-01,17.607,0.758,Santa Cruz De Tenerife,Spain,28.13N,15.45W
1903-01-01,16.255000000000006,0.847,Santa Cruz De Tenerife,Spain,28.13N,15.45W
1903-02-01,17.755,0.937,Santa Cruz De Tenerife,Spain,28.13N,15.45W
1903-03-01,17.872999999999994,0.9690000000000001,Santa Cruz De Tenerife,Spain,28.13N,15.45W
1903-04-01,18.683,0.511,Santa Cruz De Tenerife,Spain,28.13N,15.45W
1903-05-01,19.175,1.146,Santa Cruz De Tenerife,Spain,28.13N,15.45W
1903-06-01,21.162,0.779,Santa Cruz De Tenerife,Spain,28.13N,15.45W
1903-07-01,22.569000000000006,1.032,Santa Cruz De Tenerife,Spain,28.13N,15.45W
1903-08-01,23.009,1.515,Santa Cruz De Tenerife,Spain,28.13N,15.45W
1903-09-01,22.274,0.9229999999999999,Santa Cruz De Tenerife,Spain,28.13N,15.45W
1903-10-01,21.584,0.419,Santa Cruz De Tenerife,Spain,28.13N,15.45W
1903-11-01,19.945,0.59,Santa Cruz De Tenerife,Spain,28.13N,15.45W
1903-12-01,16.394000000000002,0.917,Santa Cruz De Tenerife,Spain,28.13N,15.45W
1904-01-01,15.858000000000002,0.635,Santa Cruz De Tenerife,Spain,28.13N,15.45W
1904-02-01,16.311999999999998,0.578,Santa Cruz De Tenerife,Spain,28.13N,15.45W
1904-03-01,16.435,0.47700000000000004,Santa Cruz De Tenerife,Spain,28.13N,15.45W
1904-04-01,17.214000000000002,1.335,Santa Cruz De Tenerife,Spain,28.13N,15.45W
1904-05-01,18.675,0.893,Santa Cruz De Tenerife,Spain,28.13N,15.45W
1904-06-01,20.905,0.733,Santa Cruz De Tenerife,Spain,28.13N,15.45W
1904-07-01,22.961,1.069,Santa Cruz De Tenerife,Spain,28.13N,15.45W
1904-08-01,25.156999999999996,2.7710000000000004,Santa Cruz De Tenerife,Spain,28.13N,15.45W
1904-09-01,22.973000000000003,0.395,Santa Cruz De Tenerife,Spain,28.13N,15.45W
1904-10-01,21.706999999999997,0.436,Santa Cruz De Tenerife,Spain,28.13N,15.45W
1904-11-01,20.118,0.474,Santa Cruz De Tenerife,Spain,28.13N,15.45W
1904-12-01,17.688,0.429,Santa Cruz De Tenerife,Spain,28.13N,15.45W
1905-01-01,16.762999999999998,0.605,Santa Cruz De Tenerife,Spain,28.13N,15.45W
1905-02-01,16.301,1.28,Santa Cruz De Tenerife,Spain,28.13N,15.45W
1905-03-01,17.625,1.494,Santa Cruz De Tenerife,Spain,28.13N,15.45W
1905-04-01,18.622,0.455,Santa Cruz De Tenerife,Spain,28.13N,15.45W
1905-05-01,19.189,0.462,Santa Cruz De Tenerife,Spain,28.13N,15.45W
1905-06-01,21.85,0.888,Santa Cruz De Tenerife,Spain,28.13N,15.45W
1905-07-01,22.651,0.907,Santa Cruz De Tenerife,Spain,28.13N,15.45W
1905-08-01,23.728,0.61,Santa Cruz De Tenerife,Spain,28.13N,15.45W
1905-09-01,22.587,0.98,Santa Cruz De Tenerife,Spain,28.13N,15.45W
1905-10-01,21.77,0.439,Santa Cruz De Tenerife,Spain,28.13N,15.45W
1905-11-01,18.979,0.903,Santa Cruz De Tenerife,Spain,28.13N,15.45W
1905-12-01,17.689,0.36,Santa Cruz De Tenerife,Spain,28.13N,15.45W
1906-01-01,16.715999999999998,0.716,Santa Cruz De Tenerife,Spain,28.13N,15.45W
1906-02-01,15.525,1.3769999999999998,Santa Cruz De Tenerife,Spain,28.13N,15.45W
1906-03-01,17.647000000000002,0.5479999999999999,Santa Cruz De Tenerife,Spain,28.13N,15.45W
1906-04-01,17.408,0.767,Santa Cruz De Tenerife,Spain,28.13N,15.45W
1906-05-01,18.999,0.5870000000000001,Santa Cruz De Tenerife,Spain,28.13N,15.45W
1906-06-01,21.712,0.7709999999999999,Santa Cruz De Tenerife,Spain,28.13N,15.45W
1906-07-01,22.669,0.88,Santa Cruz De Tenerife,Spain,28.13N,15.45W
1906-08-01,23.766,0.52,Santa Cruz De Tenerife,Spain,28.13N,15.45W
1906-09-01,23.346999999999998,0.5710000000000001,Santa Cruz De Tenerife,Spain,28.13N,15.45W
1906-10-01,22.375999999999998,0.5870000000000001,Santa Cruz De Tenerife,Spain,28.13N,15.45W
1906-11-01,19.788,0.636,Santa Cruz De Tenerife,Spain,28.13N,15.45W
1906-12-01,17.247,1.315,Santa Cruz De Tenerife,Spain,28.13N,15.45W
1907-01-01,16.192999999999998,0.508,Santa Cruz De Tenerife,Spain,28.13N,15.45W
1907-02-01,15.438,1.148,Santa Cruz De Tenerife,Spain,28.13N,15.45W
1907-03-01,17.032,0.326,Santa Cruz De Tenerife,Spain,28.13N,15.45W
1907-04-01,17.707,0.425,Santa Cruz De Tenerife,Spain,28.13N,15.45W
1907-05-01,18.965,0.485,Santa Cruz De Tenerife,Spain,28.13N,15.45W
1907-06-01,20.981,0.47,Santa Cruz De Tenerife,Spain,28.13N,15.45W
1907-07-01,21.633000000000006,0.365,Santa Cruz De Tenerife,Spain,28.13N,15.45W
1907-08-01,23.984,0.787,Santa Cruz De Tenerife,Spain,28.13N,15.45W
1907-09-01,23.355,1.499,Santa Cruz De Tenerife,Spain,28.13N,15.45W
1907-10-01,20.98,1.3119999999999998,Santa Cruz De Tenerife,Spain,28.13N,15.45W
1907-11-01,18.433,0.326,Santa Cruz De Tenerife,Spain,28.13N,15.45W
1907-12-01,17.727999999999998,1.305,Santa Cruz De Tenerife,Spain,28.13N,15.45W
1908-01-01,16.314,0.58,Santa Cruz De Tenerife,Spain,28.13N,15.45W
1908-02-01,16.142,0.46799999999999997,Santa Cruz De Tenerife,Spain,28.13N,15.45W
1908-03-01,16.656,0.6940000000000001,Santa Cruz De Tenerife,Spain,28.13N,15.45W
1908-04-01,17.046,0.6809999999999999,Santa Cruz De Tenerife,Spain,28.13N,15.45W
1908-05-01,19.454,0.467,Santa Cruz De Tenerife,Spain,28.13N,15.45W
1908-06-01,21.106,0.516,Santa Cruz De Tenerife,Spain,28.13N,15.45W
1908-07-01,22.253,0.33899999999999997,Santa Cruz De Tenerife,Spain,28.13N,15.45W
1908-08-01,23.468000000000004,1.041,Santa Cruz De Tenerife,Spain,28.13N,15.45W
1908-09-01,23.392,0.528,Santa Cruz De Tenerife,Spain,28.13N,15.45W
1908-10-01,21.874000000000002,0.904,Santa Cruz De Tenerife,Spain,28.13N,15.45W
1908-11-01,20.448,0.508,Santa Cruz De Tenerife,Spain,28.13N,15.45W
1908-12-01,17.922,0.441,Santa Cruz De Tenerife,Spain,28.13N,15.45W
1909-01-01,16.305000000000003,1.216,Santa Cruz De Tenerife,Spain,28.13N,15.45W
1909-02-01,16.526,0.563,Santa Cruz De Tenerife,Spain,28.13N,15.45W
1909-03-01,17.476,0.887,Santa Cruz De Tenerife,Spain,28.13N,15.45W
1909-04-01,18.423,1.031,Santa Cruz De Tenerife,Spain,28.13N,15.45W
1909-05-01,20.56,2.449,Santa Cruz De Tenerife,Spain,28.13N,15.45W
1909-06-01,20.609,0.37,Santa Cruz De Tenerife,Spain,28.13N,15.45W
1909-07-01,22.659,0.775,Santa Cruz De Tenerife,Spain,28.13N,15.45W
1909-08-01,23.136999999999997,0.8740000000000001,Santa Cruz De Tenerife,Spain,28.13N,15.45W
1909-09-01,22.743000000000002,0.39,Santa Cruz De Tenerife,Spain,28.13N,15.45W
1909-10-01,22.176,0.653,Santa Cruz De Tenerife,Spain,28.13N,15.45W
1909-11-01,19.592,0.26,Santa Cruz De Tenerife,Spain,28.13N,15.45W
1909-12-01,18.621,0.44799999999999995,Santa Cruz De Tenerife,Spain,28.13N,15.45W
1910-01-01,16.724,0.6659999999999999,Santa Cruz De Tenerife,Spain,28.13N,15.45W
1910-02-01,16.833,0.654,Santa Cruz De Tenerife,Spain,28.13N,15.45W
1910-03-01,16.916999999999998,0.3,Santa Cruz De Tenerife,Spain,28.13N,15.45W
1910-04-01,18.380000000000006,0.603,Santa Cruz De Tenerife,Spain,28.13N,15.45W
1910-05-01,18.912000000000006,0.5820000000000001,Santa Cruz De Tenerife,Spain,28.13N,15.45W
1910-06-01,20.202,0.813,Santa Cruz De Tenerife,Spain,28.13N,15.45W
1910-07-01,22.08,0.61,Santa Cruz De Tenerife,Spain,28.13N,15.45W
1910-08-01,23.114,0.757,Santa Cruz De Tenerife,Spain,28.13N,15.45W
1910-09-01,23.842,1.156,Santa Cruz De Tenerife,Spain,28.13N,15.45W
1910-10-01,21.658,0.46299999999999997,Santa Cruz De Tenerife,Spain,28.13N,15.45W
1910-11-01,20.877,0.562,Santa Cruz De Tenerife,Spain,28.13N,15.45W
1910-12-01,18.057000000000002,0.8759999999999999,Santa Cruz De Tenerife,Spain,28.13N,15.45W
1911-01-01,15.763000000000002,0.664,Santa Cruz De Tenerife,Spain,28.13N,15.45W
1911-02-01,16.711,0.28300000000000003,Santa Cruz De Tenerife,Spain,28.13N,15.45W
1911-03-01,16.936,0.418,Santa Cruz De Tenerife,Spain,28.13N,15.45W
1911-04-01,18.015,0.35200000000000004,Santa Cruz De Tenerife,Spain,28.13N,15.45W
1911-05-01,18.673,0.569,Santa Cruz De Tenerife,Spain,28.13N,15.45W
1911-06-01,20.754,0.46299999999999997,Santa Cruz De Tenerife,Spain,28.13N,15.45W
1911-07-01,22.114,0.49,Santa Cruz De Tenerife,Spain,28.13N,15.45W
1911-08-01,23.908,1.2209999999999999,Santa Cruz De Tenerife,Spain,28.13N,15.45W
1911-09-01,24.346999999999998,1.0090000000000001,Santa Cruz De Tenerife,Spain,28.13N,15.45W
1911-10-01,22.193,0.51,Santa Cruz De Tenerife,Spain,28.13N,15.45W
1911-11-01,19.562,0.358,Santa Cruz De Tenerife,Spain,28.13N,15.45W
1911-12-01,18.92,0.451,Santa Cruz De Tenerife,Spain,28.13N,15.45W
1912-01-01,16.949,0.7190000000000001,Santa Cruz De Tenerife,Spain,28.13N,15.45W
1912-02-01,18.978,0.6629999999999999,Santa Cruz De Tenerife,Spain,28.13N,15.45W
1912-03-01,18.298,0.368,Santa Cruz De Tenerife,Spain,28.13N,15.45W
1912-04-01,18.033,0.48200000000000004,Santa Cruz De Tenerife,Spain,28.13N,15.45W
1912-05-01,20.625,1.19,Santa Cruz De Tenerife,Spain,28.13N,15.45W
1912-06-01,21.357,1.382,Santa Cruz De Tenerife,Spain,28.13N,15.45W
1912-07-01,21.824,0.602,Santa Cruz De Tenerife,Spain,28.13N,15.45W
1912-08-01,23.086,0.89,Santa Cruz De Tenerife,Spain,28.13N,15.45W
1912-09-01,22.936999999999998,0.442,Santa Cruz De Tenerife,Spain,28.13N,15.45W
1912-10-01,20.938000000000002,0.435,Santa Cruz De Tenerife,Spain,28.13N,15.45W
1912-11-01,20.123,0.483,Santa Cruz De Tenerife,Spain,28.13N,15.45W
1912-12-01,16.977,0.631,Santa Cruz De Tenerife,Spain,28.13N,15.45W
1913-01-01,17.092000000000002,0.397,Santa Cruz De Tenerife,Spain,28.13N,15.45W
1913-02-01,17.863,0.713,Santa Cruz De Tenerife,Spain,28.13N,15.45W
1913-03-01,17.83,0.358,Santa Cruz De Tenerife,Spain,28.13N,15.45W
1913-04-01,17.643,0.449,Santa Cruz De Tenerife,Spain,28.13N,15.45W
1913-05-01,18.98,1.032,Santa Cruz De Tenerife,Spain,28.13N,15.45W
1913-06-01,21.356,1.9709999999999999,Santa Cruz De Tenerife,Spain,28.13N,15.45W
1913-07-01,22.787000000000006,1.5,Santa Cruz De Tenerife,Spain,28.13N,15.45W
1913-08-01,22.935,0.439,Santa Cruz De Tenerife,Spain,28.13N,15.45W
1913-09-01,22.694000000000003,0.8690000000000001,Santa Cruz De Tenerife,Spain,28.13N,15.45W
1913-10-01,22.024,0.418,Santa Cruz De Tenerife,Spain,28.13N,15.45W
1913-11-01,20.769000000000002,0.648,Santa Cruz De Tenerife,Spain,28.13N,15.45W
1913-12-01,18.146,0.5,Santa Cruz De Tenerife,Spain,28.13N,15.45W
1914-01-01,16.622,0.40700000000000003,Santa Cruz De Tenerife,Spain,28.13N,15.45W
1914-02-01,16.293999999999997,0.946,Santa Cruz De Tenerife,Spain,28.13N,15.45W
1914-03-01,17.656,0.37200000000000005,Santa Cruz De Tenerife,Spain,28.13N,15.45W
1914-04-01,18.137,0.434,Santa Cruz De Tenerife,Spain,28.13N,15.45W
1914-05-01,19.646,0.5710000000000001,Santa Cruz De Tenerife,Spain,28.13N,15.45W
1914-06-01,20.71,0.626,Santa Cruz De Tenerife,Spain,28.13N,15.45W
1914-07-01,22.583,1.157,Santa Cruz De Tenerife,Spain,28.13N,15.45W
1914-08-01,24.153,0.8320000000000001,Santa Cruz De Tenerife,Spain,28.13N,15.45W
1914-09-01,23.534000000000002,0.621,Santa Cruz De Tenerife,Spain,28.13N,15.45W
1914-10-01,22.351999999999997,0.475,Santa Cruz De Tenerife,Spain,28.13N,15.45W
1914-11-01,19.767,0.406,Santa Cruz De Tenerife,Spain,28.13N,15.45W
1914-12-01,17.726,0.551,Santa Cruz De Tenerife,Spain,28.13N,15.45W
1915-01-01,17.002000000000002,0.415,Santa Cruz De Tenerife,Spain,28.13N,15.45W
1915-02-01,17.319000000000003,0.47,Santa Cruz De Tenerife,Spain,28.13N,15.45W
1915-03-01,18.289,0.825,Santa Cruz De Tenerife,Spain,28.13N,15.45W
1915-04-01,17.647000000000006,0.608,Santa Cruz De Tenerife,Spain,28.13N,15.45W
1915-05-01,20.043000000000006,1.0659999999999998,Santa Cruz De Tenerife,Spain,28.13N,15.45W
1915-06-01,22.498,1.7930000000000001,Santa Cruz De Tenerife,Spain,28.13N,15.45W
1915-07-01,23.741999999999997,0.552,Santa Cruz De Tenerife,Spain,28.13N,15.45W
1915-08-01,25.128,2.07,Santa Cruz De Tenerife,Spain,28.13N,15.45W
1915-09-01,23.898000000000003,0.648,Santa Cruz De Tenerife,Spain,28.13N,15.45W
1915-10-01,21.114,1.084,Santa Cruz De Tenerife,Spain,28.13N,15.45W
1915-11-01,20.073,0.42100000000000004,Santa Cruz De Tenerife,Spain,28.13N,15.45W
1915-12-01,18.315,0.29100000000000004,Santa Cruz De Tenerife,Spain,28.13N,15.45W
1916-01-01,16.526000000000003,0.39299999999999996,Santa Cruz De Tenerife,Spain,28.13N,15.45W
1916-02-01,16.866,1.153,Santa Cruz De Tenerife,Spain,28.13N,15.45W
1916-03-01,17.031,0.706,Santa Cruz De Tenerife,Spain,28.13N,15.45W
1916-04-01,17.331,0.544,Santa Cruz De Tenerife,Spain,28.13N,15.45W
1916-05-01,19.1,0.583,Santa Cruz De Tenerife,Spain,28.13N,15.45W
1916-06-01,20.972,0.307,Santa Cruz De Tenerife,Spain,28.13N,15.45W
1916-07-01,22.354000000000006,0.33,Santa Cruz De Tenerife,Spain,28.13N,15.45W
1916-08-01,24.308000000000003,1.69,Santa Cruz De Tenerife,Spain,28.13N,15.45W
1916-09-01,23.202,1.23,Santa Cruz De Tenerife,Spain,28.13N,15.45W
1916-10-01,22.905,0.79,Santa Cruz De Tenerife,Spain,28.13N,15.45W
1916-11-01,20.177,0.945,Santa Cruz De Tenerife,Spain,28.13N,15.45W
1916-12-01,18.395,0.433,Santa Cruz De Tenerife,Spain,28.13N,15.45W
1917-01-01,17.090000000000003,0.7090000000000001,Santa Cruz De Tenerife,Spain,28.13N,15.45W
1917-02-01,16.834999999999994,1.2409999999999999,Santa Cruz De Tenerife,Spain,28.13N,15.45W
1917-03-01,16.942999999999998,0.623,Santa Cruz De Tenerife,Spain,28.13N,15.45W
1917-04-01,17.905,1.14,Santa Cruz De Tenerife,Spain,28.13N,15.45W
1917-05-01,19.952,2.154,Santa Cruz De Tenerife,Spain,28.13N,15.45W
1917-06-01,20.771,1.324,Santa Cruz De Tenerife,Spain,28.13N,15.45W
1917-07-01,24.105999999999998,3.384,Santa Cruz De Tenerife,Spain,28.13N,15.45W
1917-08-01,23.555999999999997,1.099,Santa Cruz De Tenerife,Spain,28.13N,15.45W
1917-09-01,24.228,2.366,Santa Cruz De Tenerife,Spain,28.13N,15.45W
1917-10-01,21.323,1.13,Santa Cruz De Tenerife,Spain,28.13N,15.45W
1917-11-01,19.873,0.606,Santa Cruz De Tenerife,Spain,28.13N,15.45W
1917-12-01,16.773,0.86,Santa Cruz De Tenerife,Spain,28.13N,15.45W
1918-01-01,18.082,1.8559999999999999,Santa Cruz De Tenerife,Spain,28.13N,15.45W
1918-02-01,16.825,1.463,Santa Cruz De Tenerife,Spain,28.13N,15.45W
1918-03-01,17.259999999999998,0.893,Santa Cruz De Tenerife,Spain,28.13N,15.45W
1918-04-01,17.319000000000006,0.361,Santa Cruz De Tenerife,Spain,28.13N,15.45W
1918-05-01,19.039,0.311,Santa Cruz De Tenerife,Spain,28.13N,15.45W
1918-06-01,21.409000000000002,0.381,Santa Cruz De Tenerife,Spain,28.13N,15.45W
1918-07-01,23.633000000000006,1.192,Santa Cruz De Tenerife,Spain,28.13N,15.45W
1918-08-01,23.342,0.49700000000000005,Santa Cruz De Tenerife,Spain,28.13N,15.45W
1918-09-01,23.504,1.86,Santa Cruz De Tenerife,Spain,28.13N,15.45W
1918-10-01,20.274,0.5710000000000001,Santa Cruz De Tenerife,Spain,28.13N,15.45W
1918-11-01,19.308,0.522,Santa Cruz De Tenerife,Spain,28.13N,15.45W
1918-12-01,17.631,0.96,Santa Cruz De Tenerife,Spain,28.13N,15.45W
1919-01-01,17.038,0.802,Santa Cruz De Tenerife,Spain,28.13N,15.45W
1919-02-01,18.277,0.621,Santa Cruz De Tenerife,Spain,28.13N,15.45W
1919-03-01,17.567,0.6559999999999999,Santa Cruz De Tenerife,Spain,28.13N,15.45W
1919-04-01,17.938000000000006,0.5529999999999999,Santa Cruz De Tenerife,Spain,28.13N,15.45W
1919-05-01,19.561,2.136,Santa Cruz De Tenerife,Spain,28.13N,15.45W
1919-06-01,21.446,0.42200000000000004,Santa Cruz De Tenerife,Spain,28.13N,15.45W
1919-07-01,21.968000000000004,0.37799999999999995,Santa Cruz De Tenerife,Spain,28.13N,15.45W
1919-08-01,25.986,4.619,Santa Cruz De Tenerife,Spain,28.13N,15.45W
1919-09-01,23.4,0.7070000000000001,Santa Cruz De Tenerife,Spain,28.13N,15.45W
1919-10-01,22.092,0.39899999999999997,Santa Cruz De Tenerife,Spain,28.13N,15.45W
1919-11-01,20.713,1.724,Santa Cruz De Tenerife,Spain,28.13N,15.45W
1919-12-01,17.863,1.6159999999999999,Santa Cruz De Tenerife,Spain,28.13N,15.45W
1920-01-01,17.05,0.8029999999999999,Santa Cruz De Tenerife,Spain,28.13N,15.45W
1920-02-01,16.372999999999998,0.629,Santa Cruz De Tenerife,Spain,28.13N,15.45W
1920-03-01,17.232,0.446,Santa Cruz De Tenerife,Spain,28.13N,15.45W
1920-04-01,18.953,0.6890000000000001,Santa Cruz De Tenerife,Spain,28.13N,15.45W
1920-05-01,19.070999999999998,0.69,Santa Cruz De Tenerife,Spain,28.13N,15.45W
1920-06-01,20.99,0.907,Santa Cruz De Tenerife,Spain,28.13N,15.45W
1920-07-01,22.601000000000006,0.43,Santa Cruz De Tenerife,Spain,28.13N,15.45W
1920-08-01,24.48,1.247,Santa Cruz De Tenerife,Spain,28.13N,15.45W
1920-09-01,23.71,0.359,Santa Cruz De Tenerife,Spain,28.13N,15.45W
1920-10-01,21.811,2.343,Santa Cruz De Tenerife,Spain,28.13N,15.45W
1920-11-01,19.578,1.046,Santa Cruz De Tenerife,Spain,28.13N,15.45W
1920-12-01,18.206,1.149,Santa Cruz De Tenerife,Spain,28.13N,15.45W
1921-01-01,17.387,0.479,Santa Cruz De Tenerife,Spain,28.13N,15.45W
1921-02-01,16.525,0.39899999999999997,Santa Cruz De Tenerife,Spain,28.13N,15.45W
1921-03-01,17.037,0.807,Santa Cruz De Tenerife,Spain,28.13N,15.45W
1921-04-01,18.230999999999998,1.153,Santa Cruz De Tenerife,Spain,28.13N,15.45W
1921-05-01,18.873,0.9309999999999999,Santa Cruz De Tenerife,Spain,28.13N,15.45W
1921-06-01,20.721,1.014,Santa Cruz De Tenerife,Spain,28.13N,15.45W
1921-07-01,23.171999999999997,1.02,Santa Cruz De Tenerife,Spain,28.13N,15.45W
1921-08-01,24.134,0.917,Santa Cruz De Tenerife,Spain,28.13N,15.45W
1921-09-01,23.133000000000003,0.36,Santa Cruz De Tenerife,Spain,28.13N,15.45W
1921-10-01,22.072,0.435,Santa Cruz De Tenerife,Spain,28.13N,15.45W
1921-11-01,20.063,0.8759999999999999,Santa Cruz De Tenerife,Spain,28.13N,15.45W
1921-12-01,17.528,1.03,Santa Cruz De Tenerife,Spain,28.13N,15.45W
1922-01-01,16.523000000000003,0.494,Santa Cruz De Tenerife,Spain,28.13N,15.45W
1922-02-01,16.884999999999998,0.479,Santa Cruz De Tenerife,Spain,28.13N,15.45W
1922-03-01,16.941,0.49700000000000005,Santa Cruz De Tenerife,Spain,28.13N,15.45W
1922-04-01,18.334,0.431,Santa Cruz De Tenerife,Spain,28.13N,15.45W
1922-05-01,19.833,0.34700000000000003,Santa Cruz De Tenerife,Spain,28.13N,15.45W
1922-06-01,20.531999999999996,0.5670000000000001,Santa Cruz De Tenerife,Spain,28.13N,15.45W
1922-07-01,23.304,0.434,Santa Cruz De Tenerife,Spain,28.13N,15.45W
1922-08-01,24.555999999999997,1.13,Santa Cruz De Tenerife,Spain,28.13N,15.45W
1922-09-01,23.22,0.363,Santa Cruz De Tenerife,Spain,28.13N,15.45W
1922-10-01,22.54,0.574,Santa Cruz De Tenerife,Spain,28.13N,15.45W
1922-11-01,20.005,1.704,Santa Cruz De Tenerife,Spain,28.13N,15.45W
1922-12-01,17.662,0.977,Santa Cruz De Tenerife,Spain,28.13N,15.45W
1923-01-01,15.810000000000002,0.539,Santa Cruz De Tenerife,Spain,28.13N,15.45W
1923-02-01,17.238,1.1,Santa Cruz De Tenerife,Spain,28.13N,15.45W
1923-03-01,18.268,0.519,Santa Cruz De Tenerife,Spain,28.13N,15.45W
1923-04-01,17.866,1.058,Santa Cruz De Tenerife,Spain,28.13N,15.45W
1923-05-01,19.200000000000006,0.391,Santa Cruz De Tenerife,Spain,28.13N,15.45W
1923-06-01,20.763,0.413,Santa Cruz De Tenerife,Spain,28.13N,15.45W
1923-07-01,23.07,0.35,Santa Cruz De Tenerife,Spain,28.13N,15.45W
1923-08-01,24.595,1.171,Santa Cruz De Tenerife,Spain,28.13N,15.45W
1923-09-01,23.275,0.5489999999999999,Santa Cruz De Tenerife,Spain,28.13N,15.45W
1923-10-01,23.135,0.677,Santa Cruz De Tenerife,Spain,28.13N,15.45W
1923-11-01,19.791,1.3619999999999999,Santa Cruz De Tenerife,Spain,28.13N,15.45W
1923-12-01,17.902,1.188,Santa Cruz De Tenerife,Spain,28.13N,15.45W
1924-01-01,17.330000000000002,0.544,Santa Cruz De Tenerife,Spain,28.13N,15.45W
1924-02-01,16.247999999999998,0.594,Santa Cruz De Tenerife,Spain,28.13N,15.45W
1924-03-01,18.533,0.735,Santa Cruz De Tenerife,Spain,28.13N,15.45W
1924-04-01,18.299,0.446,Santa Cruz De Tenerife,Spain,28.13N,15.45W
1924-05-01,20.502,0.833,Santa Cruz De Tenerife,Spain,28.13N,15.45W
1924-06-01,21.375,0.534,Santa Cruz De Tenerife,Spain,28.13N,15.45W
1924-07-01,23.916999999999998,2.5469999999999997,Santa Cruz De Tenerife,Spain,28.13N,15.45W
1924-08-01,23.451,0.46299999999999997,Santa Cruz De Tenerife,Spain,28.13N,15.45W
1924-09-01,23.491,1.02,Santa Cruz De Tenerife,Spain,28.13N,15.45W
1924-10-01,21.791999999999998,1.034,Santa Cruz De Tenerife,Spain,28.13N,15.45W
1924-11-01,19.525,0.395,Santa Cruz De Tenerife,Spain,28.13N,15.45W
1924-12-01,17.962,0.541,Santa Cruz De Tenerife,Spain,28.13N,15.45W
1925-01-01,16.635,0.45,Santa Cruz De Tenerife,Spain,28.13N,15.45W
1925-02-01,16.430999999999994,0.649,Santa Cruz De Tenerife,Spain,28.13N,15.45W
1925-03-01,16.711,0.45,Santa Cruz De Tenerife,Spain,28.13N,15.45W
1925-04-01,17.581,0.968,Santa Cruz De Tenerife,Spain,28.13N,15.45W
1925-05-01,18.756,0.7390000000000001,Santa Cruz De Tenerife,Spain,28.13N,15.45W
1925-06-01,20.557,0.436,Santa Cruz De Tenerife,Spain,28.13N,15.45W
1925-07-01,21.603,0.6970000000000001,Santa Cruz De Tenerife,Spain,28.13N,15.45W
1925-08-01,23.930999999999997,1.239,Santa Cruz De Tenerife,Spain,28.13N,15.45W
1925-09-01,23.944000000000003,0.42100000000000004,Santa Cruz De Tenerife,Spain,28.13N,15.45W
1925-10-01,22.156,0.414,Santa Cruz De Tenerife,Spain,28.13N,15.45W
1925-11-01,20.492,0.387,Santa Cruz De Tenerife,Spain,28.13N,15.45W
1925-12-01,19.922,0.53,Santa Cruz De Tenerife,Spain,28.13N,15.45W
1926-01-01,18.304,0.491,Santa Cruz De Tenerife,Spain,28.13N,15.45W
1926-02-01,18.594,0.624,Santa Cruz De Tenerife,Spain,28.13N,15.45W
1926-03-01,18.625,0.8690000000000001,Santa Cruz De Tenerife,Spain,28.13N,15.45W
1926-04-01,19.058,0.5379999999999999,Santa Cruz De Tenerife,Spain,28.13N,15.45W
1926-05-01,19.964,0.951,Santa Cruz De Tenerife,Spain,28.13N,15.45W
1926-06-01,22.223000000000003,0.5,Santa Cruz De Tenerife,Spain,28.13N,15.45W
1926-07-01,23.409,0.406,Santa Cruz De Tenerife,Spain,28.13N,15.45W
1926-08-01,24.495,0.37200000000000005,Santa Cruz De Tenerife,Spain,28.13N,15.45W
1926-09-01,25.355,0.46299999999999997,Santa Cruz De Tenerife,Spain,28.13N,15.45W
1926-10-01,23.56,0.309,Santa Cruz De Tenerife,Spain,28.13N,15.45W
1926-11-01,19.703,0.462,Santa Cruz De Tenerife,Spain,28.13N,15.45W
1926-12-01,18.155,0.355,Santa Cruz De Tenerife,Spain,28.13N,15.45W
1927-01-01,17.562,0.738,Santa Cruz De Tenerife,Spain,28.13N,15.45W
1927-02-01,16.653,0.591,Santa Cruz De Tenerife,Spain,28.13N,15.45W
1927-03-01,18.215,1.078,Santa Cruz De Tenerife,Spain,28.13N,15.45W
1927-04-01,18.247,0.647,Santa Cruz De Tenerife,Spain,28.13N,15.45W
1927-05-01,20.452,0.41100000000000003,Santa Cruz De Tenerife,Spain,28.13N,15.45W
1927-06-01,21.943,0.51,Santa Cruz De Tenerife,Spain,28.13N,15.45W
1927-07-01,23.360000000000007,0.9440000000000001,Santa Cruz De Tenerife,Spain,28.13N,15.45W
1927-08-01,24.631999999999998,0.7979999999999999,Santa Cruz De Tenerife,Spain,28.13N,15.45W
1927-09-01,23.824,0.35700000000000004,Santa Cruz De Tenerife,Spain,28.13N,15.45W
1927-10-01,22.736,0.6970000000000001,Santa Cruz De Tenerife,Spain,28.13N,15.45W
1927-11-01,20.118,0.505,Santa Cruz De Tenerife,Spain,28.13N,15.45W
1927-12-01,18.653,0.489,Santa Cruz De Tenerife,Spain,28.13N,15.45W
1928-01-01,16.694000000000006,0.584,Santa Cruz De Tenerife,Spain,28.13N,15.45W
1928-02-01,17.107,0.711,Santa Cruz De Tenerife,Spain,28.13N,15.45W
1928-03-01,18.225,0.7490000000000001,Santa Cruz De Tenerife,Spain,28.13N,15.45W
1928-04-01,18.227999999999998,0.387,Santa Cruz De Tenerife,Spain,28.13N,15.45W
1928-05-01,19.077,0.899,Santa Cruz De Tenerife,Spain,28.13N,15.45W
1928-06-01,21.594,3.0060000000000002,Santa Cruz De Tenerife,Spain,28.13N,15.45W
1928-07-01,24.075000000000006,0.435,Santa Cruz De Tenerife,Spain,28.13N,15.45W
1928-08-01,24.826,0.423,Santa Cruz De Tenerife,Spain,28.13N,15.45W
1928-09-01,24.356,0.485,Santa Cruz De Tenerife,Spain,28.13N,15.45W
1928-10-01,21.999000000000002,0.451,Santa Cruz De Tenerife,Spain,28.13N,15.45W
1928-11-01,19.848,0.321,Santa Cruz De Tenerife,Spain,28.13N,15.45W
1928-12-01,17.685,0.43,Santa Cruz De Tenerife,Spain,28.13N,15.45W
1929-01-01,18.042,0.41,Santa Cruz De Tenerife,Spain,28.13N,15.45W
1929-02-01,17.464000000000002,0.55,Santa Cruz De Tenerife,Spain,28.13N,15.45W
1929-03-01,18.231,0.624,Santa Cruz De Tenerife,Spain,28.13N,15.45W
1929-04-01,18.468,0.611,Santa Cruz De Tenerife,Spain,28.13N,15.45W
1929-05-01,18.655,0.382,Santa Cruz De Tenerife,Spain,28.13N,15.45W
1929-06-01,21.082,0.498,Santa Cruz De Tenerife,Spain,28.13N,15.45W
1929-07-01,23.748,0.49,Santa Cruz De Tenerife,Spain,28.13N,15.45W
1929-08-01,23.303,0.44299999999999995,Santa Cruz De Tenerife,Spain,28.13N,15.45W
1929-09-01,22.784000000000002,0.6940000000000001,Santa Cruz De Tenerife,Spain,28.13N,15.45W
1929-10-01,22.344,0.927,Santa Cruz De Tenerife,Spain,28.13N,15.45W
1929-11-01,19.726,0.491,Santa Cruz De Tenerife,Spain,28.13N,15.45W
1929-12-01,18.612000000000002,0.281,Santa Cruz De Tenerife,Spain,28.13N,15.45W
1930-01-01,16.930999999999997,0.509,Santa Cruz De Tenerife,Spain,28.13N,15.45W
1930-02-01,16.955,1.475,Santa Cruz De Tenerife,Spain,28.13N,15.45W
1930-03-01,17.714000000000002,0.818,Santa Cruz De Tenerife,Spain,28.13N,15.45W
1930-04-01,17.278000000000002,0.495,Santa Cruz De Tenerife,Spain,28.13N,15.45W
1930-05-01,19.051,1.175,Santa Cruz De Tenerife,Spain,28.13N,15.45W
1930-06-01,19.978,1.663,Santa Cruz De Tenerife,Spain,28.13N,15.45W
1930-07-01,21.721999999999998,2.151,Santa Cruz De Tenerife,Spain,28.13N,15.45W
1930-08-01,23.416,3.069,Santa Cruz De Tenerife,Spain,28.13N,15.45W
1930-09-01,23.545,1.492,Santa Cruz De Tenerife,Spain,28.13N,15.45W
1930-10-01,23.604,0.314,Santa Cruz De Tenerife,Spain,28.13N,15.45W
1930-11-01,20.933000000000003,0.423,Santa Cruz De Tenerife,Spain,28.13N,15.45W
1930-12-01,17.778,0.473,Santa Cruz De Tenerife,Spain,28.13N,15.45W
1931-01-01,16.477999999999998,0.7959999999999999,Santa Cruz De Tenerife,Spain,28.13N,15.45W
1931-02-01,16.163999999999998,0.647,Santa Cruz De Tenerife,Spain,28.13N,15.45W
1931-03-01,18.59,0.657,Santa Cruz De Tenerife,Spain,28.13N,15.45W
1931-04-01,17.636,0.601,Santa Cruz De Tenerife,Spain,28.13N,15.45W
1931-05-01,19.41,0.231,Santa Cruz De Tenerife,Spain,28.13N,15.45W
1931-06-01,21.065,0.22,Santa Cruz De Tenerife,Spain,28.13N,15.45W
1931-07-01,22.44,0.536,Santa Cruz De Tenerife,Spain,28.13N,15.45W
1931-08-01,23.366999999999997,0.7609999999999999,Santa Cruz De Tenerife,Spain,28.13N,15.45W
1931-09-01,23.0,0.5870000000000001,Santa Cruz De Tenerife,Spain,28.13N,15.45W
1931-10-01,23.003,0.297,Santa Cruz De Tenerife,Spain,28.13N,15.45W
1931-11-01,21.016,0.396,Santa Cruz De Tenerife,Spain,28.13N,15.45W
1931-12-01,17.882,0.828,Santa Cruz De Tenerife,Spain,28.13N,15.45W
1932-01-01,17.331000000000003,0.43700000000000006,Santa Cruz De Tenerife,Spain,28.13N,15.45W
1932-02-01,17.252,0.4,Santa Cruz De Tenerife,Spain,28.13N,15.45W
1932-03-01,17.933,0.531,Santa Cruz De Tenerife,Spain,28.13N,15.45W
1932-04-01,18.084,0.284,Santa Cruz De Tenerife,Spain,28.13N,15.45W
1932-05-01,19.391,0.33299999999999996,Santa Cruz De Tenerife,Spain,28.13N,15.45W
1932-06-01,20.781999999999996,0.561,Santa Cruz De Tenerife,Spain,28.13N,15.45W
1932-07-01,21.903,0.755,Santa Cruz De Tenerife,Spain,28.13N,15.45W
1932-08-01,23.554,0.965,Santa Cruz De Tenerife,Spain,28.13N,15.45W
1932-09-01,22.899,0.44799999999999995,Santa Cruz De Tenerife,Spain,28.13N,15.45W
1932-10-01,21.283,0.645,Santa Cruz De Tenerife,Spain,28.13N,15.45W
1932-11-01,20.089000000000002,0.483,Santa Cruz De Tenerife,Spain,28.13N,15.45W
1932-12-01,17.322,0.626,Santa Cruz De Tenerife,Spain,28.13N,15.45W
1933-01-01,17.130000000000006,1.354,Santa Cruz De Tenerife,Spain,28.13N,15.45W
1933-02-01,18.114,0.8109999999999999,Santa Cruz De Tenerife,Spain,28.13N,15.45W
1933-03-01,17.863,0.5489999999999999,Santa Cruz De Tenerife,Spain,28.13N,15.45W
1933-04-01,19.692999999999998,0.583,Santa Cruz De Tenerife,Spain,28.13N,15.45W
1933-05-01,20.168000000000006,1.556,Santa Cruz De Tenerife,Spain,28.13N,15.45W
1933-06-01,20.74,0.473,Santa Cruz De Tenerife,Spain,28.13N,15.45W
1933-07-01,22.128,2.175,Santa Cruz De Tenerife,Spain,28.13N,15.45W
1933-08-01,23.23,2.0140000000000002,Santa Cruz De Tenerife,Spain,28.13N,15.45W
1933-09-01,22.284000000000002,1.515,Santa Cruz De Tenerife,Spain,28.13N,15.45W
1933-10-01,21.851,1.131,Santa Cruz De Tenerife,Spain,28.13N,15.45W
1933-11-01,19.428,1.642,Santa Cruz De Tenerife,Spain,28.13N,15.45W
1933-12-01,16.903,1.162,Santa Cruz De Tenerife,Spain,28.13N,15.45W
1934-01-01,16.117,0.708,Santa Cruz De Tenerife,Spain,28.13N,15.45W
1934-02-01,15.801999999999998,1.035,Santa Cruz De Tenerife,Spain,28.13N,15.45W
1934-03-01,15.999,0.526,Santa Cruz De Tenerife,Spain,28.13N,15.45W
1934-04-01,17.467000000000002,0.643,Santa Cruz De Tenerife,Spain,28.13N,15.45W
1934-05-01,18.233,1.05,Santa Cruz De Tenerife,Spain,28.13N,15.45W
1934-06-01,20.261,1.604,Santa Cruz De Tenerife,Spain,28.13N,15.45W
1934-07-01,22.151,1.078,Santa Cruz De Tenerife,Spain,28.13N,15.45W
1934-08-01,22.871,1.051,Santa Cruz De Tenerife,Spain,28.13N,15.45W
1934-09-01,22.856,0.402,Santa Cruz De Tenerife,Spain,28.13N,15.45W
1934-10-01,22.101,0.74,Santa Cruz De Tenerife,Spain,28.13N,15.45W
1934-11-01,19.418,0.51,Santa Cruz De Tenerife,Spain,28.13N,15.45W
1934-12-01,18.054000000000002,1.208,Santa Cruz De Tenerife,Spain,28.13N,15.45W
1935-01-01,16.777,0.40399999999999997,Santa Cruz De Tenerife,Spain,28.13N,15.45W
1935-02-01,15.861999999999998,1.055,Santa Cruz De Tenerife,Spain,28.13N,15.45W
1935-03-01,17.587,0.858,Santa Cruz De Tenerife,Spain,28.13N,15.45W
1935-04-01,19.320999999999998,0.363,Santa Cruz De Tenerife,Spain,28.13N,15.45W
1935-05-01,19.012999999999998,0.41,Santa Cruz De Tenerife,Spain,28.13N,15.45W
1935-06-01,20.888,0.29600000000000004,Santa Cruz De Tenerife,Spain,28.13N,15.45W
1935-07-01,22.535,0.7340000000000001,Santa Cruz De Tenerife,Spain,28.13N,15.45W
1935-08-01,22.467,1.025,Santa Cruz De Tenerife,Spain,28.13N,15.45W
1935-09-01,23.229,0.557,Santa Cruz De Tenerife,Spain,28.13N,15.45W
1935-10-01,20.636,0.856,Santa Cruz De Tenerife,Spain,28.13N,15.45W
1935-11-01,19.711,0.32799999999999996,Santa Cruz De Tenerife,Spain,28.13N,15.45W
1935-12-01,18.11,0.5329999999999999,Santa Cruz De Tenerife,Spain,28.13N,15.45W
1936-01-01,18.205,0.391,Santa Cruz De Tenerife,Spain,28.13N,15.45W
1936-02-01,17.659999999999997,0.467,Santa Cruz De Tenerife,Spain,28.13N,15.45W
1936-03-01,17.703999999999994,0.353,Santa Cruz De Tenerife,Spain,28.13N,15.45W
1936-04-01,18.387,0.595,Santa Cruz De Tenerife,Spain,28.13N,15.45W
1936-05-01,18.272,0.204,Santa Cruz De Tenerife,Spain,28.13N,15.45W
1936-06-01,20.893,0.304,Santa Cruz De Tenerife,Spain,28.13N,15.45W
1936-07-01,22.695999999999998,0.28300000000000003,Santa Cruz De Tenerife,Spain,28.13N,15.45W
1936-08-01,23.068,0.7909999999999999,Santa Cruz De Tenerife,Spain,28.13N,15.45W
1936-09-01,24.449,0.272,Santa Cruz De Tenerife,Spain,28.13N,15.45W
1936-10-01,21.432,0.609,Santa Cruz De Tenerife,Spain,28.13N,15.45W
1936-11-01,19.055,0.23199999999999998,Santa Cruz De Tenerife,Spain,28.13N,15.45W
1936-12-01,17.358,0.299,Santa Cruz De Tenerife,Spain,28.13N,15.45W
1937-01-01,17.098000000000006,0.31,Santa Cruz De Tenerife,Spain,28.13N,15.45W
1937-02-01,18.063,0.564,Santa Cruz De Tenerife,Spain,28.13N,15.45W
1937-03-01,17.711,0.285,Santa Cruz De Tenerife,Spain,28.13N,15.45W
1937-04-01,19.391,0.564,Santa Cruz De Tenerife,Spain,28.13N,15.45W
1937-05-01,19.541,1.337,Santa Cruz De Tenerife,Spain,28.13N,15.45W
1937-06-01,21.483,0.313,Santa Cruz De Tenerife,Spain,28.13N,15.45W
1937-07-01,23.111,0.655,Santa Cruz De Tenerife,Spain,28.13N,15.45W
1937-08-01,24.439,0.307,Santa Cruz De Tenerife,Spain,28.13N,15.45W
1937-09-01,23.410999999999998,1.014,Santa Cruz De Tenerife,Spain,28.13N,15.45W
1937-10-01,21.816,0.34299999999999997,Santa Cruz De Tenerife,Spain,28.13N,15.45W
1937-11-01,21.866,0.376,Santa Cruz De Tenerife,Spain,28.13N,15.45W
1937-12-01,18.855999999999998,0.589,Santa Cruz De Tenerife,Spain,28.13N,15.45W
1938-01-01,16.833000000000002,0.5489999999999999,Santa Cruz De Tenerife,Spain,28.13N,15.45W
1938-02-01,18.219,0.49700000000000005,Santa Cruz De Tenerife,Spain,28.13N,15.45W
1938-03-01,18.624000000000002,0.6409999999999999,Santa Cruz De Tenerife,Spain,28.13N,15.45W
1938-04-01,19.348,0.507,Santa Cruz De Tenerife,Spain,28.13N,15.45W
1938-05-01,19.942,0.716,Santa Cruz De Tenerife,Spain,28.13N,15.45W
1938-06-01,21.256,0.66,Santa Cruz De Tenerife,Spain,28.13N,15.45W
1938-07-01,22.879,0.581,Santa Cruz De Tenerife,Spain,28.13N,15.45W
1938-08-01,22.773000000000003,0.772,Santa Cruz De Tenerife,Spain,28.13N,15.45W
1938-09-01,22.709,0.425,Santa Cruz De Tenerife,Spain,28.13N,15.45W
1938-10-01,21.993000000000002,0.40700000000000003,Santa Cruz De Tenerife,Spain,28.13N,15.45W
1938-11-01,20.682,0.292,Santa Cruz De Tenerife,Spain,28.13N,15.45W
1938-12-01,17.709,0.382,Santa Cruz De Tenerife,Spain,28.13N,15.45W
1939-01-01,16.976000000000006,0.353,Santa Cruz De Tenerife,Spain,28.13N,15.45W
1939-02-01,16.875999999999998,0.509,Santa Cruz De Tenerife,Spain,28.13N,15.45W
1939-03-01,17.299999999999994,0.42100000000000004,Santa Cruz De Tenerife,Spain,28.13N,15.45W
1939-04-01,18.192999999999998,0.621,Santa Cruz De Tenerife,Spain,28.13N,15.45W
1939-05-01,19.589,0.32799999999999996,Santa Cruz De Tenerife,Spain,28.13N,15.45W
1939-06-01,21.331,0.363,Santa Cruz De Tenerife,Spain,28.13N,15.45W
1939-07-01,22.622,0.825,Santa Cruz De Tenerife,Spain,28.13N,15.45W
1939-08-01,23.149,0.331,Santa Cruz De Tenerife,Spain,28.13N,15.45W
1939-09-01,24.625,0.281,Santa Cruz De Tenerife,Spain,28.13N,15.45W
1939-10-01,21.663,0.23800000000000002,Santa Cruz De Tenerife,Spain,28.13N,15.45W
1939-11-01,19.792,0.222,Santa Cruz De Tenerife,Spain,28.13N,15.45W
1939-12-01,18.180999999999997,0.45899999999999996,Santa Cruz De Tenerife,Spain,28.13N,15.45W
1940-01-01,17.610000000000007,0.9440000000000001,Santa Cruz De Tenerife,Spain,28.13N,15.45W
1940-02-01,17.895,0.782,Santa Cruz De Tenerife,Spain,28.13N,15.45W
1940-03-01,19.49,0.578,Santa Cruz De Tenerife,Spain,28.13N,15.45W
1940-04-01,18.877,0.489,Santa Cruz De Tenerife,Spain,28.13N,15.45W
1940-05-01,19.865,0.862,Santa Cruz De Tenerife,Spain,28.13N,15.45W
1940-06-01,21.277,0.591,Santa Cruz De Tenerife,Spain,28.13N,15.45W
1940-07-01,22.686999999999998,0.185,Santa Cruz De Tenerife,Spain,28.13N,15.45W
1940-08-01,25.228,1.166,Santa Cruz De Tenerife,Spain,28.13N,15.45W
1940-09-01,23.798000000000002,0.6629999999999999,Santa Cruz De Tenerife,Spain,28.13N,15.45W
1940-10-01,22.143,0.909,Santa Cruz De Tenerife,Spain,28.13N,15.45W
1940-11-01,20.359,0.51,Santa Cruz De Tenerife,Spain,28.13N,15.45W
1940-12-01,17.377,0.873,Santa Cruz De Tenerife,Spain,28.13N,15.45W
1941-01-01,16.846,0.691,Santa Cruz De Tenerife,Spain,28.13N,15.45W
1941-02-01,17.566999999999997,0.32899999999999996,Santa Cruz De Tenerife,Spain,28.13N,15.45W
1941-03-01,17.996,0.158,Santa Cruz De Tenerife,Spain,28.13N,15.45W
1941-04-01,17.723000000000006,0.257,Santa Cruz De Tenerife,Spain,28.13N,15.45W
1941-05-01,19.311,0.301,Santa Cruz De Tenerife,Spain,28.13N,15.45W
1941-06-01,20.957,0.847,Santa Cruz De Tenerife,Spain,28.13N,15.45W
1941-07-01,23.066999999999997,0.6920000000000001,Santa Cruz De Tenerife,Spain,28.13N,15.45W
1941-08-01,23.201999999999998,1.35,Santa Cruz De Tenerife,Spain,28.13N,15.45W
1941-09-01,23.44,0.9690000000000001,Santa Cruz De Tenerife,Spain,28.13N,15.45W
1941-10-01,22.43,1.3980000000000001,Santa Cruz De Tenerife,Spain,28.13N,15.45W
1941-11-01,20.703000000000003,0.47,Santa Cruz De Tenerife,Spain,28.13N,15.45W
1941-12-01,17.497,0.619,Santa Cruz De Tenerife,Spain,28.13N,15.45W
1942-01-01,16.437,0.39399999999999996,Santa Cruz De Tenerife,Spain,28.13N,15.45W
1942-02-01,16.503999999999998,0.963,Santa Cruz De Tenerife,Spain,28.13N,15.45W
1942-03-01,17.714000000000002,1.204,Santa Cruz De Tenerife,Spain,28.13N,15.45W
1942-04-01,18.445,0.7929999999999999,Santa Cruz De Tenerife,Spain,28.13N,15.45W
1942-05-01,19.826,1.6569999999999998,Santa Cruz De Tenerife,Spain,28.13N,15.45W
1942-06-01,20.879,0.7809999999999999,Santa Cruz De Tenerife,Spain,28.13N,15.45W
1942-07-01,22.299000000000003,1.035,Santa Cruz De Tenerife,Spain,28.13N,15.45W
1942-08-01,22.819000000000006,1.16,Santa Cruz De Tenerife,Spain,28.13N,15.45W
1942-09-01,22.616999999999997,1.026,Santa Cruz De Tenerife,Spain,28.13N,15.45W
1942-10-01,22.748,0.496,Santa Cruz De Tenerife,Spain,28.13N,15.45W
1942-11-01,19.471,0.297,Santa Cruz De Tenerife,Spain,28.13N,15.45W
1942-12-01,18.064,0.425,Santa Cruz De Tenerife,Spain,28.13N,15.45W
1943-01-01,16.387999999999998,0.6809999999999999,Santa Cruz De Tenerife,Spain,28.13N,15.45W
1943-02-01,16.272000000000002,0.365,Santa Cruz De Tenerife,Spain,28.13N,15.45W
1943-03-01,16.63,0.37,Santa Cruz De Tenerife,Spain,28.13N,15.45W
1943-04-01,17.967000000000006,1.133,Santa Cruz De Tenerife,Spain,28.13N,15.45W
1943-05-01,19.619,1.4069999999999998,Santa Cruz De Tenerife,Spain,28.13N,15.45W
1943-06-01,21.761999999999997,1.847,Santa Cruz De Tenerife,Spain,28.13N,15.45W
1943-07-01,22.49,0.754,Santa Cruz De Tenerife,Spain,28.13N,15.45W
1943-08-01,25.035999999999998,0.6579999999999999,Santa Cruz De Tenerife,Spain,28.13N,15.45W
1943-09-01,23.315,0.622,Santa Cruz De Tenerife,Spain,28.13N,15.45W
1943-10-01,21.683000000000003,0.621,Santa Cruz De Tenerife,Spain,28.13N,15.45W
1943-11-01,19.175,0.8490000000000001,Santa Cruz De Tenerife,Spain,28.13N,15.45W
1943-12-01,16.835,0.467,Santa Cruz De Tenerife,Spain,28.13N,15.45W
1944-01-01,16.19,0.496,Santa Cruz De Tenerife,Spain,28.13N,15.45W
1944-02-01,16.485,0.504,Santa Cruz De Tenerife,Spain,28.13N,15.45W
1944-03-01,16.915999999999997,0.42100000000000004,Santa Cruz De Tenerife,Spain,28.13N,15.45W
1944-04-01,18.905,0.545,Santa Cruz De Tenerife,Spain,28.13N,15.45W
1944-05-01,19.989,0.8340000000000001,Santa Cruz De Tenerife,Spain,28.13N,15.45W
1944-06-01,21.435,1.117,Santa Cruz De Tenerife,Spain,28.13N,15.45W
1944-07-01,23.484,1.6869999999999998,Santa Cruz De Tenerife,Spain,28.13N,15.45W
1944-08-01,23.795,1.207,Santa Cruz De Tenerife,Spain,28.13N,15.45W
1944-09-01,23.295,1.12,Santa Cruz De Tenerife,Spain,28.13N,15.45W
1944-10-01,21.508000000000003,0.603,Santa Cruz De Tenerife,Spain,28.13N,15.45W
1944-11-01,19.328,0.48,Santa Cruz De Tenerife,Spain,28.13N,15.45W
1944-12-01,17.254,1.218,Santa Cruz De Tenerife,Spain,28.13N,15.45W
1945-01-01,15.766000000000002,0.467,Santa Cruz De Tenerife,Spain,28.13N,15.45W
1945-02-01,16.935,0.648,Santa Cruz De Tenerife,Spain,28.13N,15.45W
1945-03-01,18.058,0.943,Santa Cruz De Tenerife,Spain,28.13N,15.45W
1945-04-01,20.169,1.1640000000000001,Santa Cruz De Tenerife,Spain,28.13N,15.45W
1945-05-01,19.979000000000006,0.32,Santa Cruz De Tenerife,Spain,28.13N,15.45W
1945-06-01,21.121,0.67,Santa Cruz De Tenerife,Spain,28.13N,15.45W
1945-07-01,23.088,0.66,Santa Cruz De Tenerife,Spain,28.13N,15.45W
1945-08-01,22.276000000000003,1.07,Santa Cruz De Tenerife,Spain,28.13N,15.45W
1945-09-01,23.433000000000003,0.451,Santa Cruz De Tenerife,Spain,28.13N,15.45W
1945-10-01,22.956999999999997,0.22699999999999998,Santa Cruz De Tenerife,Spain,28.13N,15.45W
1945-11-01,20.921999999999997,0.23,Santa Cruz De Tenerife,Spain,28.13N,15.45W
1945-12-01,19.502,0.711,Santa Cruz De Tenerife,Spain,28.13N,15.45W
1946-01-01,17.284000000000002,0.561,Santa Cruz De Tenerife,Spain,28.13N,15.45W
1946-02-01,17.491,0.402,Santa Cruz De Tenerife,Spain,28.13N,15.45W
1946-03-01,17.467,0.5920000000000001,Santa Cruz De Tenerife,Spain,28.13N,15.45W
1946-04-01,17.613,0.259,Santa Cruz De Tenerife,Spain,28.13N,15.45W
1946-05-01,18.895,0.5589999999999999,Santa Cruz De Tenerife,Spain,28.13N,15.45W
1946-06-01,21.005,0.551,Santa Cruz De Tenerife,Spain,28.13N,15.45W
1946-07-01,22.878,0.29100000000000004,Santa Cruz De Tenerife,Spain,28.13N,15.45W
1946-08-01,23.116000000000003,0.499,Santa Cruz De Tenerife,Spain,28.13N,15.45W
1946-09-01,23.511999999999997,0.248,Santa Cruz De Tenerife,Spain,28.13N,15.45W
1946-10-01,21.706,0.231,Santa Cruz De Tenerife,Spain,28.13N,15.45W
1946-11-01,19.898,0.47100000000000003,Santa Cruz De Tenerife,Spain,28.13N,15.45W
1946-12-01,17.401,0.556,Santa Cruz De Tenerife,Spain,28.13N,15.45W
1947-01-01,16.734,0.542,Santa Cruz De Tenerife,Spain,28.13N,15.45W
1947-02-01,17.136999999999997,0.622,Santa Cruz De Tenerife,Spain,28.13N,15.45W
1947-03-01,19.615,0.723,Santa Cruz De Tenerife,Spain,28.13N,15.45W
1947-04-01,20.418,0.711,Santa Cruz De Tenerife,Spain,28.13N,15.45W
1947-05-01,19.201,0.866,Santa Cruz De Tenerife,Spain,28.13N,15.45W
1947-06-01,20.955,0.48200000000000004,Santa Cruz De Tenerife,Spain,28.13N,15.45W
1947-07-01,21.383000000000006,0.991,Santa Cruz De Tenerife,Spain,28.13N,15.45W
1947-08-01,23.649,0.22699999999999998,Santa Cruz De Tenerife,Spain,28.13N,15.45W
1947-09-01,23.391,0.233,Santa Cruz De Tenerife,Spain,28.13N,15.45W
1947-10-01,22.433000000000003,0.25,Santa Cruz De Tenerife,Spain,28.13N,15.45W
1947-11-01,21.844,0.718,Santa Cruz De Tenerife,Spain,28.13N,15.45W
1947-12-01,18.392,0.726,Santa Cruz De Tenerife,Spain,28.13N,15.45W
1948-01-01,18.002000000000006,0.462,Santa Cruz De Tenerife,Spain,28.13N,15.45W
1948-02-01,18.17,0.615,Santa Cruz De Tenerife,Spain,28.13N,15.45W
1948-03-01,19.061,0.638,Santa Cruz De Tenerife,Spain,28.13N,15.45W
1948-04-01,17.842000000000006,0.6829999999999999,Santa Cruz De Tenerife,Spain,28.13N,15.45W
1948-05-01,19.496,0.625,Santa Cruz De Tenerife,Spain,28.13N,15.45W
1948-06-01,21.626,0.579,Santa Cruz De Tenerife,Spain,28.13N,15.45W
1948-07-01,23.281999999999996,0.616,Santa Cruz De Tenerife,Spain,28.13N,15.45W
1948-08-01,24.038,0.618,Santa Cruz De Tenerife,Spain,28.13N,15.45W
1948-09-01,23.193,0.439,Santa Cruz De Tenerife,Spain,28.13N,15.45W
1948-10-01,22.098000000000003,0.424,Santa Cruz De Tenerife,Spain,28.13N,15.45W
1948-11-01,21.203000000000003,0.373,Santa Cruz De Tenerife,Spain,28.13N,15.45W
1948-12-01,18.274,0.488,Santa Cruz De Tenerife,Spain,28.13N,15.45W
1949-01-01,17.544,0.539,Santa Cruz De Tenerife,Spain,28.13N,15.45W
1949-02-01,17.500999999999998,0.6759999999999999,Santa Cruz De Tenerife,Spain,28.13N,15.45W
1949-03-01,16.976,0.445,Santa Cruz De Tenerife,Spain,28.13N,15.45W
1949-04-01,19.284,0.583,Santa Cruz De Tenerife,Spain,28.13N,15.45W
1949-05-01,18.942999999999998,0.337,Santa Cruz De Tenerife,Spain,28.13N,15.45W
1949-06-01,21.424,0.429,Santa Cruz De Tenerife,Spain,28.13N,15.45W
1949-07-01,23.469,0.7140000000000001,Santa Cruz De Tenerife,Spain,28.13N,15.45W
1949-08-01,25.495,0.924,Santa Cruz De Tenerife,Spain,28.13N,15.45W
1949-09-01,23.47,0.162,Santa Cruz De Tenerife,Spain,28.13N,15.45W
1949-10-01,22.759,0.6409999999999999,Santa Cruz De Tenerife,Spain,28.13N,15.45W
1949-11-01,21.12,0.326,Santa Cruz De Tenerife,Spain,28.13N,15.45W
1949-12-01,18.085,0.49,Santa Cruz De Tenerife,Spain,28.13N,15.45W
1950-01-01,16.590999999999998,0.165,Santa Cruz De Tenerife,Spain,28.13N,15.45W
1950-02-01,17.180999999999994,0.525,Santa Cruz De Tenerife,Spain,28.13N,15.45W
1950-03-01,18.115,0.6990000000000001,Santa Cruz De Tenerife,Spain,28.13N,15.45W
1950-04-01,18.105999999999998,0.26899999999999996,Santa Cruz De Tenerife,Spain,28.13N,15.45W
1950-05-01,19.499,0.185,Santa Cruz De Tenerife,Spain,28.13N,15.45W
1950-06-01,21.209,0.608,Santa Cruz De Tenerife,Spain,28.13N,15.45W
1950-07-01,23.714,0.337,Santa Cruz De Tenerife,Spain,28.13N,15.45W
1950-08-01,23.389000000000006,0.439,Santa Cruz De Tenerife,Spain,28.13N,15.45W
1950-09-01,22.969,0.638,Santa Cruz De Tenerife,Spain,28.13N,15.45W
1950-10-01,21.529,0.34600000000000003,Santa Cruz De Tenerife,Spain,28.13N,15.45W
1950-11-01,20.794,1.087,Santa Cruz De Tenerife,Spain,28.13N,15.45W
1950-12-01,17.826,0.287,Santa Cruz De Tenerife,Spain,28.13N,15.45W
1951-01-01,16.612000000000002,0.297,Santa Cruz De Tenerife,Spain,28.13N,15.45W
1951-02-01,16.081,0.248,Santa Cruz De Tenerife,Spain,28.13N,15.45W
1951-03-01,18.451,0.655,Santa Cruz De Tenerife,Spain,28.13N,15.45W
1951-04-01,18.348000000000006,0.7070000000000001,Santa Cruz De Tenerife,Spain,28.13N,15.45W
1951-05-01,18.733,0.276,Santa Cruz De Tenerife,Spain,28.13N,15.45W
1951-06-01,21.665,0.45899999999999996,Santa Cruz De Tenerife,Spain,28.13N,15.45W
1951-07-01,22.94,0.41100000000000003,Santa Cruz De Tenerife,Spain,28.13N,15.45W
1951-08-01,23.301,0.452,Santa Cruz De Tenerife,Spain,28.13N,15.45W
1951-09-01,23.588,0.40299999999999997,Santa Cruz De Tenerife,Spain,28.13N,15.45W
1951-10-01,20.91,0.715,Santa Cruz De Tenerife,Spain,28.13N,15.45W
1951-11-01,19.604,0.402,Santa Cruz De Tenerife,Spain,28.13N,15.45W
1951-12-01,17.522000000000002,0.23199999999999998,Santa Cruz De Tenerife,Spain,28.13N,15.45W
1952-01-01,15.942000000000002,0.581,Santa Cruz De Tenerife,Spain,28.13N,15.45W
1952-02-01,16.584999999999994,0.423,Santa Cruz De Tenerife,Spain,28.13N,15.45W
1952-03-01,18.59,0.259,Santa Cruz De Tenerife,Spain,28.13N,15.45W
1952-04-01,17.572,0.597,Santa Cruz De Tenerife,Spain,28.13N,15.45W
1952-05-01,19.264000000000006,0.368,Santa Cruz De Tenerife,Spain,28.13N,15.45W
1952-06-01,22.174,0.534,Santa Cruz De Tenerife,Spain,28.13N,15.45W
1952-07-01,23.807,0.501,Santa Cruz De Tenerife,Spain,28.13N,15.45W
1952-08-01,23.78,0.446,Santa Cruz De Tenerife,Spain,28.13N,15.45W
1952-09-01,22.737,0.517,Santa Cruz De Tenerife,Spain,28.13N,15.45W
1952-10-01,23.169,0.21100000000000002,Santa Cruz De Tenerife,Spain,28.13N,15.45W
1952-11-01,20.95,0.48200000000000004,Santa Cruz De Tenerife,Spain,28.13N,15.45W
1952-12-01,18.385,0.18600000000000003,Santa Cruz De Tenerife,Spain,28.13N,15.45W
1953-01-01,17.538,0.243,Santa Cruz De Tenerife,Spain,28.13N,15.45W
1953-02-01,16.246,0.46799999999999997,Santa Cruz De Tenerife,Spain,28.13N,15.45W
1953-03-01,17.093999999999998,0.433,Santa Cruz De Tenerife,Spain,28.13N,15.45W
1953-04-01,18.582,0.35,Santa Cruz De Tenerife,Spain,28.13N,15.45W
1953-05-01,20.866999999999997,0.478,Santa Cruz De Tenerife,Spain,28.13N,15.45W
1953-06-01,21.431,0.479,Santa Cruz De Tenerife,Spain,28.13N,15.45W
1953-07-01,23.758000000000006,0.42200000000000004,Santa Cruz De Tenerife,Spain,28.13N,15.45W
1953-08-01,24.159,0.455,Santa Cruz De Tenerife,Spain,28.13N,15.45W
1953-09-01,23.933000000000003,0.292,Santa Cruz De Tenerife,Spain,28.13N,15.45W
1953-10-01,21.311,0.34299999999999997,Santa Cruz De Tenerife,Spain,28.13N,15.45W
1953-11-01,20.559,0.292,Santa Cruz De Tenerife,Spain,28.13N,15.45W
1953-12-01,17.583,0.254,Santa Cruz De Tenerife,Spain,28.13N,15.45W
1954-01-01,16.361,0.423,Santa Cruz De Tenerife,Spain,28.13N,15.45W
1954-02-01,15.63,0.28300000000000003,Santa Cruz De Tenerife,Spain,28.13N,15.45W
1954-03-01,16.956,0.5710000000000001,Santa Cruz De Tenerife,Spain,28.13N,15.45W
1954-04-01,16.942,0.217,Santa Cruz De Tenerife,Spain,28.13N,15.45W
1954-05-01,19.473000000000006,0.713,Santa Cruz De Tenerife,Spain,28.13N,15.45W
1954-06-01,20.954,0.46299999999999997,Santa Cruz De Tenerife,Spain,28.13N,15.45W
1954-07-01,22.781999999999996,0.42200000000000004,Santa Cruz De Tenerife,Spain,28.13N,15.45W
1954-08-01,22.928,0.564,Santa Cruz De Tenerife,Spain,28.13N,15.45W
1954-09-01,23.052,0.55,Santa Cruz De Tenerife,Spain,28.13N,15.45W
1954-10-01,23.142,0.915,Santa Cruz De Tenerife,Spain,28.13N,15.45W
1954-11-01,19.991,0.312,Santa Cruz De Tenerife,Spain,28.13N,15.45W
1954-12-01,17.340999999999998,0.34299999999999997,Santa Cruz De Tenerife,Spain,28.13N,15.45W
1955-01-01,17.894000000000005,0.152,Santa Cruz De Tenerife,Spain,28.13N,15.45W
1955-02-01,18.084,0.261,Santa Cruz De Tenerife,Spain,28.13N,15.45W
1955-03-01,17.273,0.37799999999999995,Santa Cruz De Tenerife,Spain,28.13N,15.45W
1955-04-01,19.397,0.708,Santa Cruz De Tenerife,Spain,28.13N,15.45W
1955-05-01,21.663,0.505,Santa Cruz De Tenerife,Spain,28.13N,15.45W
1955-06-01,22.32,0.34299999999999997,Santa Cruz De Tenerife,Spain,28.13N,15.45W
1955-07-01,23.086,0.491,Santa Cruz De Tenerife,Spain,28.13N,15.45W
1955-08-01,24.006999999999998,0.327,Santa Cruz De Tenerife,Spain,28.13N,15.45W
1955-09-01,24.339000000000002,0.27399999999999997,Santa Cruz De Tenerife,Spain,28.13N,15.45W
1955-10-01,21.694000000000003,0.764,Santa Cruz De Tenerife,Spain,28.13N,15.45W
1955-11-01,21.108,0.326,Santa Cruz De Tenerife,Spain,28.13N,15.45W
1955-12-01,18.807000000000002,0.272,Santa Cruz De Tenerife,Spain,28.13N,15.45W
1956-01-01,17.163,0.299,Santa Cruz De Tenerife,Spain,28.13N,15.45W
1956-02-01,16.761,0.632,Santa Cruz De Tenerife,Spain,28.13N,15.45W
1956-03-01,16.578,0.602,Santa Cruz De Tenerife,Spain,28.13N,15.45W
1956-04-01,17.479,0.552,Santa Cruz De Tenerife,Spain,28.13N,15.45W
1956-05-01,19.314,0.233,Santa Cruz De Tenerife,Spain,28.13N,15.45W
1956-06-01,20.77,0.469,Santa Cruz De Tenerife,Spain,28.13N,15.45W
1956-07-01,23.228,0.782,Santa Cruz De Tenerife,Spain,28.13N,15.45W
1956-08-01,23.456999999999997,0.794,Santa Cruz De Tenerife,Spain,28.13N,15.45W
1956-09-01,22.526999999999997,0.359,Santa Cruz De Tenerife,Spain,28.13N,15.45W
1956-10-01,22.877,0.29,Santa Cruz De Tenerife,Spain,28.13N,15.45W
1956-11-01,19.546,0.479,Santa Cruz De Tenerife,Spain,28.13N,15.45W
1956-12-01,16.993,0.36200000000000004,Santa Cruz De Tenerife,Spain,28.13N,15.45W
1957-01-01,15.685000000000002,0.428,Santa Cruz De Tenerife,Spain,28.13N,15.45W
1957-02-01,17.034999999999997,0.33299999999999996,Santa Cruz De Tenerife,Spain,28.13N,15.45W
1957-03-01,18.123,0.493,Santa Cruz De Tenerife,Spain,28.13N,15.45W
1957-04-01,17.947,0.742,Santa Cruz De Tenerife,Spain,28.13N,15.45W
1957-05-01,18.790000000000006,0.19699999999999998,Santa Cruz De Tenerife,Spain,28.13N,15.45W
1957-06-01,20.878,0.40700000000000003,Santa Cruz De Tenerife,Spain,28.13N,15.45W
1957-07-01,24.16,0.599,Santa Cruz De Tenerife,Spain,28.13N,15.45W
1957-08-01,23.493,0.807,Santa Cruz De Tenerife,Spain,28.13N,15.45W
1957-09-01,24.186999999999998,0.878,Santa Cruz De Tenerife,Spain,28.13N,15.45W
1957-10-01,21.213,0.253,Santa Cruz De Tenerife,Spain,28.13N,15.45W
1957-11-01,19.449,0.381,Santa Cruz De Tenerife,Spain,28.13N,15.45W
1957-12-01,16.66,0.295,Santa Cruz De Tenerife,Spain,28.13N,15.45W
1958-01-01,16.78,0.28800000000000003,Santa Cruz De Tenerife,Spain,28.13N,15.45W
1958-02-01,17.982999999999997,0.602,Santa Cruz De Tenerife,Spain,28.13N,15.45W
1958-03-01,18.21,0.7979999999999999,Santa Cruz De Tenerife,Spain,28.13N,15.45W
1958-04-01,18.28,0.319,Santa Cruz De Tenerife,Spain,28.13N,15.45W
1958-05-01,20.726000000000006,0.7040000000000001,Santa Cruz De Tenerife,Spain,28.13N,15.45W
1958-06-01,20.712,0.611,Santa Cruz De Tenerife,Spain,28.13N,15.45W
1958-07-01,22.479000000000006,0.631,Santa Cruz De Tenerife,Spain,28.13N,15.45W
1958-08-01,24.061999999999998,0.45,Santa Cruz De Tenerife,Spain,28.13N,15.45W
1958-09-01,23.771,0.29100000000000004,Santa Cruz De Tenerife,Spain,28.13N,15.45W
1958-10-01,22.593000000000004,0.408,Santa Cruz De Tenerife,Spain,28.13N,15.45W
1958-11-01,19.33,0.382,Santa Cruz De Tenerife,Spain,28.13N,15.45W
1958-12-01,17.924,0.375,Santa Cruz De Tenerife,Spain,28.13N,15.45W
1959-01-01,17.143,0.466,Santa Cruz De Tenerife,Spain,28.13N,15.45W
1959-02-01,16.337999999999994,0.581,Santa Cruz De Tenerife,Spain,28.13N,15.45W
1959-03-01,17.192999999999998,0.42700000000000005,Santa Cruz De Tenerife,Spain,28.13N,15.45W
1959-04-01,17.962,0.542,Santa Cruz De Tenerife,Spain,28.13N,15.45W
1959-05-01,19.303,0.353,Santa Cruz De Tenerife,Spain,28.13N,15.45W
1959-06-01,20.659000000000002,0.322,Santa Cruz De Tenerife,Spain,28.13N,15.45W
1959-07-01,22.035,0.42200000000000004,Santa Cruz De Tenerife,Spain,28.13N,15.45W
1959-08-01,23.578000000000007,0.348,Santa Cruz De Tenerife,Spain,28.13N,15.45W
1959-09-01,23.026999999999997,0.698,Santa Cruz De Tenerife,Spain,28.13N,15.45W
1959-10-01,21.793000000000003,0.541,Santa Cruz De Tenerife,Spain,28.13N,15.45W
1959-11-01,19.098,0.396,Santa Cruz De Tenerife,Spain,28.13N,15.45W
1959-12-01,17.72,0.213,Santa Cruz De Tenerife,Spain,28.13N,15.45W
1960-01-01,17.085,0.655,Santa Cruz De Tenerife,Spain,28.13N,15.45W
1960-02-01,17.997999999999994,0.578,Santa Cruz De Tenerife,Spain,28.13N,15.45W
1960-03-01,18.16,0.39,Santa Cruz De Tenerife,Spain,28.13N,15.45W
1960-04-01,18.392,0.502,Santa Cruz De Tenerife,Spain,28.13N,15.45W
1960-05-01,20.052,0.584,Santa Cruz De Tenerife,Spain,28.13N,15.45W
1960-06-01,21.076,0.517,Santa Cruz De Tenerife,Spain,28.13N,15.45W
1960-07-01,22.465,0.586,Santa Cruz De Tenerife,Spain,28.13N,15.45W
1960-08-01,23.296999999999997,0.27899999999999997,Santa Cruz De Tenerife,Spain,28.13N,15.45W
1960-09-01,23.146,0.46,Santa Cruz De Tenerife,Spain,28.13N,15.45W
1960-10-01,21.846999999999998,0.494,Santa Cruz De Tenerife,Spain,28.13N,15.45W
1960-11-01,20.764,0.593,Santa Cruz De Tenerife,Spain,28.13N,15.45W
1960-12-01,17.323999999999998,0.47,Santa Cruz De Tenerife,Spain,28.13N,15.45W
1961-01-01,16.634,0.608,Santa Cruz De Tenerife,Spain,28.13N,15.45W
1961-02-01,18.539,0.40700000000000003,Santa Cruz De Tenerife,Spain,28.13N,15.45W
1961-03-01,19.662,0.556,Santa Cruz De Tenerife,Spain,28.13N,15.45W
1961-04-01,19.769,0.588,Santa Cruz De Tenerife,Spain,28.13N,15.45W
1961-05-01,21.206999999999997,0.35700000000000004,Santa Cruz De Tenerife,Spain,28.13N,15.45W
1961-06-01,21.689,0.705,Santa Cruz De Tenerife,Spain,28.13N,15.45W
1961-07-01,24.208,0.415,Santa Cruz De Tenerife,Spain,28.13N,15.45W
1961-08-01,25.136000000000006,0.5579999999999999,Santa Cruz De Tenerife,Spain,28.13N,15.45W
1961-09-01,23.933000000000003,0.203,Santa Cruz De Tenerife,Spain,28.13N,15.45W
1961-10-01,22.234,0.489,Santa Cruz De Tenerife,Spain,28.13N,15.45W
1961-11-01,19.935,0.45,Santa Cruz De Tenerife,Spain,28.13N,15.45W
1961-12-01,19.355,0.598,Santa Cruz De Tenerife,Spain,28.13N,15.45W
1962-01-01,17.766000000000005,0.38,Santa Cruz De Tenerife,Spain,28.13N,15.45W
1962-02-01,17.212999999999994,0.32899999999999996,Santa Cruz De Tenerife,Spain,28.13N,15.45W
1962-03-01,18.227,0.44299999999999995,Santa Cruz De Tenerife,Spain,28.13N,15.45W
1962-04-01,18.611,0.39899999999999997,Santa Cruz De Tenerife,Spain,28.13N,15.45W
1962-05-01,20.204,0.406,Santa Cruz De Tenerife,Spain,28.13N,15.45W
1962-06-01,21.241,0.495,Santa Cruz De Tenerife,Spain,28.13N,15.45W
1962-07-01,23.288,0.18100000000000002,Santa Cruz De Tenerife,Spain,28.13N,15.45W
1962-08-01,24.765,0.612,Santa Cruz De Tenerife,Spain,28.13N,15.45W
1962-09-01,24.151,0.373,Santa Cruz De Tenerife,Spain,28.13N,15.45W
1962-10-01,22.037,0.5579999999999999,Santa Cruz De Tenerife,Spain,28.13N,15.45W
1962-11-01,19.458,0.452,Santa Cruz De Tenerife,Spain,28.13N,15.45W
1962-12-01,18.52,0.17800000000000002,Santa Cruz De Tenerife,Spain,28.13N,15.45W
1963-01-01,17.651000000000003,0.36200000000000004,Santa Cruz De Tenerife,Spain,28.13N,15.45W
1963-02-01,17.36,0.47600000000000003,Santa Cruz De Tenerife,Spain,28.13N,15.45W
1963-03-01,18.77,0.529,Santa Cruz De Tenerife,Spain,28.13N,15.45W
1963-04-01,18.894,0.436,Santa Cruz De Tenerife,Spain,28.13N,15.45W
1963-05-01,19.061,0.494,Santa Cruz De Tenerife,Spain,28.13N,15.45W
1963-06-01,20.631,0.452,Santa Cruz De Tenerife,Spain,28.13N,15.45W
1963-07-01,23.418000000000006,0.254,Santa Cruz De Tenerife,Spain,28.13N,15.45W
1963-08-01,22.674000000000003,0.75,Santa Cruz De Tenerife,Spain,28.13N,15.45W
1963-09-01,22.366999999999997,0.433,Santa Cruz De Tenerife,Spain,28.13N,15.45W
1963-10-01,22.264,0.557,Santa Cruz De Tenerife,Spain,28.13N,15.45W
1963-11-01,20.908,0.782,Santa Cruz De Tenerife,Spain,28.13N,15.45W
1963-12-01,17.893,0.35600000000000004,Santa Cruz De Tenerife,Spain,28.13N,15.45W
1964-01-01,17.298000000000002,0.307,Santa Cruz De Tenerife,Spain,28.13N,15.45W
1964-02-01,17.794999999999995,0.7859999999999999,Santa Cruz De Tenerife,Spain,28.13N,15.45W
1964-03-01,18.313,0.489,Santa Cruz De Tenerife,Spain,28.13N,15.45W
1964-04-01,17.988,0.71,Santa Cruz De Tenerife,Spain,28.13N,15.45W
1964-05-01,21.05,0.606,Santa Cruz De Tenerife,Spain,28.13N,15.45W
1964-06-01,21.609,0.433,Santa Cruz De Tenerife,Spain,28.13N,15.45W
1964-07-01,23.099,0.46399999999999997,Santa Cruz De Tenerife,Spain,28.13N,15.45W
1964-08-01,23.614,0.529,Santa Cruz De Tenerife,Spain,28.13N,15.45W
1964-09-01,24.066999999999997,0.21899999999999997,Santa Cruz De Tenerife,Spain,28.13N,15.45W
1964-10-01,22.538,0.359,Santa Cruz De Tenerife,Spain,28.13N,15.45W
1964-11-01,20.978,0.506,Santa Cruz De Tenerife,Spain,28.13N,15.45W
1964-12-01,17.465999999999998,0.275,Santa Cruz De Tenerife,Spain,28.13N,15.45W
1965-01-01,16.340999999999998,0.325,Santa Cruz De Tenerife,Spain,28.13N,15.45W
1965-02-01,16.84,0.6859999999999999,Santa Cruz De Tenerife,Spain,28.13N,15.45W
1965-03-01,18.777,0.5770000000000001,Santa Cruz De Tenerife,Spain,28.13N,15.45W
1965-04-01,18.34,0.5529999999999999,Santa Cruz De Tenerife,Spain,28.13N,15.45W
1965-05-01,20.087,0.358,Santa Cruz De Tenerife,Spain,28.13N,15.45W
1965-06-01,21.944000000000003,0.598,Santa Cruz De Tenerife,Spain,28.13N,15.45W
1965-07-01,22.485000000000007,0.6409999999999999,Santa Cruz De Tenerife,Spain,28.13N,15.45W
1965-08-01,23.958,0.32,Santa Cruz De Tenerife,Spain,28.13N,15.45W
1965-09-01,22.694000000000003,0.503,Santa Cruz De Tenerife,Spain,28.13N,15.45W
1965-10-01,21.205,0.688,Santa Cruz De Tenerife,Spain,28.13N,15.45W
1965-11-01,19.6,0.381,Santa Cruz De Tenerife,Spain,28.13N,15.45W
1965-12-01,18.203,0.40399999999999997,Santa Cruz De Tenerife,Spain,28.13N,15.45W
1966-01-01,18.037000000000006,0.764,Santa Cruz De Tenerife,Spain,28.13N,15.45W
1966-02-01,18.831,0.7759999999999999,Santa Cruz De Tenerife,Spain,28.13N,15.45W
1966-03-01,18.46,0.311,Santa Cruz De Tenerife,Spain,28.13N,15.45W
1966-04-01,19.599,0.315,Santa Cruz De Tenerife,Spain,28.13N,15.45W
1966-05-01,20.365,0.456,Santa Cruz De Tenerife,Spain,28.13N,15.45W
1966-06-01,21.761999999999997,0.57,Santa Cruz De Tenerife,Spain,28.13N,15.45W
1966-07-01,22.294,0.384,Santa Cruz De Tenerife,Spain,28.13N,15.45W
1966-08-01,24.773000000000003,0.6579999999999999,Santa Cruz De Tenerife,Spain,28.13N,15.45W
1966-09-01,23.816999999999997,0.507,Santa Cruz De Tenerife,Spain,28.13N,15.45W
1966-10-01,22.079,0.285,Santa Cruz De Tenerife,Spain,28.13N,15.45W
1966-11-01,19.574,0.718,Santa Cruz De Tenerife,Spain,28.13N,15.45W
1966-12-01,17.732,0.297,Santa Cruz De Tenerife,Spain,28.13N,15.45W
1967-01-01,17.720000000000006,0.556,Santa Cruz De Tenerife,Spain,28.13N,15.45W
1967-02-01,17.578999999999994,0.385,Santa Cruz De Tenerife,Spain,28.13N,15.45W
1967-03-01,19.488,0.345,Santa Cruz De Tenerife,Spain,28.13N,15.45W
1967-04-01,17.505000000000006,0.45,Santa Cruz De Tenerife,Spain,28.13N,15.45W
1967-05-01,19.323,0.514,Santa Cruz De Tenerife,Spain,28.13N,15.45W
1967-06-01,20.843000000000004,0.366,Santa Cruz De Tenerife,Spain,28.13N,15.45W
1967-07-01,23.489,0.43200000000000005,Santa Cruz De Tenerife,Spain,28.13N,15.45W
1967-08-01,24.215,0.68,Santa Cruz De Tenerife,Spain,28.13N,15.45W
1967-09-01,23.105,0.434,Santa Cruz De Tenerife,Spain,28.13N,15.45W
1967-10-01,21.878,0.204,Santa Cruz De Tenerife,Spain,28.13N,15.45W
1967-11-01,19.118,0.39399999999999996,Santa Cruz De Tenerife,Spain,28.13N,15.45W
1967-12-01,17.224,0.33799999999999997,Santa Cruz De Tenerife,Spain,28.13N,15.45W
1968-01-01,16.698,0.203,Santa Cruz De Tenerife,Spain,28.13N,15.45W
1968-02-01,16.854999999999997,0.263,Santa Cruz De Tenerife,Spain,28.13N,15.45W
1968-03-01,16.415,0.456,Santa Cruz De Tenerife,Spain,28.13N,15.45W
1968-04-01,17.712,0.285,Santa Cruz De Tenerife,Spain,28.13N,15.45W
1968-05-01,18.947000000000006,0.609,Santa Cruz De Tenerife,Spain,28.13N,15.45W
1968-06-01,20.726,0.386,Santa Cruz De Tenerife,Spain,28.13N,15.45W
1968-07-01,23.326,0.39,Santa Cruz De Tenerife,Spain,28.13N,15.45W
1968-08-01,23.393,0.375,Santa Cruz De Tenerife,Spain,28.13N,15.45W
1968-09-01,23.419,0.461,Santa Cruz De Tenerife,Spain,28.13N,15.45W
1968-10-01,23.432,0.9129999999999999,Santa Cruz De Tenerife,Spain,28.13N,15.45W
1968-11-01,20.535,0.268,Santa Cruz De Tenerife,Spain,28.13N,15.45W
1968-12-01,18.219,0.292,Santa Cruz De Tenerife,Spain,28.13N,15.45W
1969-01-01,18.752,0.501,Santa Cruz De Tenerife,Spain,28.13N,15.45W
1969-02-01,18.776,0.612,Santa Cruz De Tenerife,Spain,28.13N,15.45W
1969-03-01,18.531,1.403,Santa Cruz De Tenerife,Spain,28.13N,15.45W
1969-04-01,17.830000000000005,0.479,Santa Cruz De Tenerife,Spain,28.13N,15.45W
1969-05-01,19.531,0.267,Santa Cruz De Tenerife,Spain,28.13N,15.45W
1969-06-01,20.702,0.569,Santa Cruz De Tenerife,Spain,28.13N,15.45W
1969-07-01,24.124,0.551,Santa Cruz De Tenerife,Spain,28.13N,15.45W
1969-08-01,23.678,0.449,Santa Cruz De Tenerife,Spain,28.13N,15.45W
1969-09-01,22.701,0.629,Santa Cruz De Tenerife,Spain,28.13N,15.45W
1969-10-01,21.674,0.528,Santa Cruz De Tenerife,Spain,28.13N,15.45W
1969-11-01,20.725,0.721,Santa Cruz De Tenerife,Spain,28.13N,15.45W
1969-12-01,17.473,0.33899999999999997,Santa Cruz De Tenerife,Spain,28.13N,15.45W
1970-01-01,18.523000000000003,0.298,Santa Cruz De Tenerife,Spain,28.13N,15.45W
1970-02-01,17.796,0.331,Santa Cruz De Tenerife,Spain,28.13N,15.45W
1970-03-01,17.679000000000002,0.313,Santa Cruz De Tenerife,Spain,28.13N,15.45W
1970-04-01,18.993,0.493,Santa Cruz De Tenerife,Spain,28.13N,15.45W
1970-05-01,20.215,0.45799999999999996,Santa Cruz De Tenerife,Spain,28.13N,15.45W
1970-06-01,20.956,0.5,Santa Cruz De Tenerife,Spain,28.13N,15.45W
1970-07-01,23.564,0.297,Santa Cruz De Tenerife,Spain,28.13N,15.45W
1970-08-01,23.733,0.542,Santa Cruz De Tenerife,Spain,28.13N,15.45W
1970-09-01,23.244,0.387,Santa Cruz De Tenerife,Spain,28.13N,15.45W
1970-10-01,21.729,0.251,Santa Cruz De Tenerife,Spain,28.13N,15.45W
1970-11-01,20.226,0.305,Santa Cruz De Tenerife,Spain,28.13N,15.45W
1970-12-01,17.76,0.209,Santa Cruz De Tenerife,Spain,28.13N,15.45W
1971-01-01,17.845000000000006,0.528,Santa Cruz De Tenerife,Spain,28.13N,15.45W
1971-02-01,16.886999999999997,0.267,Santa Cruz De Tenerife,Spain,28.13N,15.45W
1971-03-01,16.605999999999998,0.618,Santa Cruz De Tenerife,Spain,28.13N,15.45W
1971-04-01,17.124000000000002,0.259,Santa Cruz De Tenerife,Spain,28.13N,15.45W
1971-05-01,18.452,0.499,Santa Cruz De Tenerife,Spain,28.13N,15.45W
1971-06-01,20.663,0.18,Santa Cruz De Tenerife,Spain,28.13N,15.45W
1971-07-01,22.379,0.295,Santa Cruz De Tenerife,Spain,28.13N,15.45W
1971-08-01,22.98,0.264,Santa Cruz De Tenerife,Spain,28.13N,15.45W
1971-09-01,22.426,0.41200000000000003,Santa Cruz De Tenerife,Spain,28.13N,15.45W
1971-10-01,23.896,0.6829999999999999,Santa Cruz De Tenerife,Spain,28.13N,15.45W
1971-11-01,19.889,0.252,Santa Cruz De Tenerife,Spain,28.13N,15.45W
1971-12-01,17.151,0.245,Santa Cruz De Tenerife,Spain,28.13N,15.45W
1972-01-01,16.8,0.298,Santa Cruz De Tenerife,Spain,28.13N,15.45W
1972-02-01,16.281,0.337,Santa Cruz De Tenerife,Spain,28.13N,15.45W
1972-03-01,16.340999999999998,0.431,Santa Cruz De Tenerife,Spain,28.13N,15.45W
1972-04-01,17.475,0.36700000000000005,Santa Cruz De Tenerife,Spain,28.13N,15.45W
1972-05-01,18.575000000000006,0.337,Santa Cruz De Tenerife,Spain,28.13N,15.45W
1972-06-01,19.738,0.467,Santa Cruz De Tenerife,Spain,28.13N,15.45W
1972-07-01,21.866,0.376,Santa Cruz De Tenerife,Spain,28.13N,15.45W
1972-08-01,22.798,0.217,Santa Cruz De Tenerife,Spain,28.13N,15.45W
1972-09-01,22.686,0.475,Santa Cruz De Tenerife,Spain,28.13N,15.45W
1972-10-01,22.149,0.363,Santa Cruz De Tenerife,Spain,28.13N,15.45W
1972-11-01,19.904,0.16699999999999998,Santa Cruz De Tenerife,Spain,28.13N,15.45W
1972-12-01,17.184,0.28800000000000003,Santa Cruz De Tenerife,Spain,28.13N,15.45W
1973-01-01,16.442,0.35700000000000004,Santa Cruz De Tenerife,Spain,28.13N,15.45W
1973-02-01,16.732,0.409,Santa Cruz De Tenerife,Spain,28.13N,15.45W
1973-03-01,17.994,0.33299999999999996,Santa Cruz De Tenerife,Spain,28.13N,15.45W
1973-04-01,18.686,0.26,Santa Cruz De Tenerife,Spain,28.13N,15.45W
1973-05-01,20.156,0.536,Santa Cruz De Tenerife,Spain,28.13N,15.45W
1973-06-01,20.851999999999997,0.226,Santa Cruz De Tenerife,Spain,28.13N,15.45W
1973-07-01,22.801,0.212,Santa Cruz De Tenerife,Spain,28.13N,15.45W
1973-08-01,23.497,0.565,Santa Cruz De Tenerife,Spain,28.13N,15.45W
1973-09-01,23.506999999999998,0.425,Santa Cruz De Tenerife,Spain,28.13N,15.45W
1973-10-01,22.008000000000003,0.389,Santa Cruz De Tenerife,Spain,28.13N,15.45W
1973-11-01,20.759,0.075,Santa Cruz De Tenerife,Spain,28.13N,15.45W
1973-12-01,17.494,0.41100000000000003,Santa Cruz De Tenerife,Spain,28.13N,15.45W
1974-01-01,17.150000000000002,0.25,Santa Cruz De Tenerife,Spain,28.13N,15.45W
1974-02-01,17.125999999999998,0.595,Santa Cruz De Tenerife,Spain,28.13N,15.45W
1974-03-01,17.0,0.815,Santa Cruz De Tenerife,Spain,28.13N,15.45W
1974-04-01,16.984,0.29,Santa Cruz De Tenerife,Spain,28.13N,15.45W
1974-05-01,19.595,0.28300000000000003,Santa Cruz De Tenerife,Spain,28.13N,15.45W
1974-06-01,21.167,0.259,Santa Cruz De Tenerife,Spain,28.13N,15.45W
1974-07-01,23.287000000000006,0.605,Santa Cruz De Tenerife,Spain,28.13N,15.45W
1974-08-01,23.906,0.568,Santa Cruz De Tenerife,Spain,28.13N,15.45W
1974-09-01,23.043000000000003,0.33399999999999996,Santa Cruz De Tenerife,Spain,28.13N,15.45W
1974-10-01,21.53,0.263,Santa Cruz De Tenerife,Spain,28.13N,15.45W
1974-11-01,19.283,0.506,Santa Cruz De Tenerife,Spain,28.13N,15.45W
1974-12-01,17.695,0.349,Santa Cruz De Tenerife,Spain,28.13N,15.45W
1975-01-01,17.237000000000002,0.318,Santa Cruz De Tenerife,Spain,28.13N,15.45W
1975-02-01,17.264999999999993,0.37799999999999995,Santa Cruz De Tenerife,Spain,28.13N,15.45W
1975-03-01,17.721,0.222,Santa Cruz De Tenerife,Spain,28.13N,15.45W
1975-04-01,17.607,0.304,Santa Cruz De Tenerife,Spain,28.13N,15.45W
1975-05-01,18.955,0.205,Santa Cruz De Tenerife,Spain,28.13N,15.45W
1975-06-01,20.67,0.31,Santa Cruz De Tenerife,Spain,28.13N,15.45W
1975-07-01,23.950000000000006,0.6970000000000001,Santa Cruz De Tenerife,Spain,28.13N,15.45W
1975-08-01,24.149,0.718,Santa Cruz De Tenerife,Spain,28.13N,15.45W
1975-09-01,23.241,0.498,Santa Cruz De Tenerife,Spain,28.13N,15.45W
1975-10-01,21.72,0.316,Santa Cruz De Tenerife,Spain,28.13N,15.45W
1975-11-01,20.275,0.162,Santa Cruz De Tenerife,Spain,28.13N,15.45W
1975-12-01,17.585,0.385,Santa Cruz De Tenerife,Spain,28.13N,15.45W
1976-01-01,16.472,0.24,Santa Cruz De Tenerife,Spain,28.13N,15.45W
1976-02-01,17.020999999999994,0.363,Santa Cruz De Tenerife,Spain,28.13N,15.45W
1976-03-01,17.02,0.254,Santa Cruz De Tenerife,Spain,28.13N,15.45W
1976-04-01,17.152,0.282,Santa Cruz De Tenerife,Spain,28.13N,15.45W
1976-05-01,18.195,0.32299999999999995,Santa Cruz De Tenerife,Spain,28.13N,15.45W
1976-06-01,20.685,0.337,Santa Cruz De Tenerife,Spain,28.13N,15.45W
1976-07-01,22.99,0.44799999999999995,Santa Cruz De Tenerife,Spain,28.13N,15.45W
1976-08-01,26.283,0.606,Santa Cruz De Tenerife,Spain,28.13N,15.45W
1976-09-01,24.558000000000003,0.19699999999999998,Santa Cruz De Tenerife,Spain,28.13N,15.45W
1976-10-01,22.1,0.461,Santa Cruz De Tenerife,Spain,28.13N,15.45W
1976-11-01,19.885,0.37799999999999995,Santa Cruz De Tenerife,Spain,28.13N,15.45W
1976-12-01,18.039,0.304,Santa Cruz De Tenerife,Spain,28.13N,15.45W
1977-01-01,17.337000000000003,0.344,Santa Cruz De Tenerife,Spain,28.13N,15.45W
1977-02-01,17.575,0.259,Santa Cruz De Tenerife,Spain,28.13N,15.45W
1977-03-01,19.114,0.426,Santa Cruz De Tenerife,Spain,28.13N,15.45W
1977-04-01,19.272,0.36700000000000005,Santa Cruz De Tenerife,Spain,28.13N,15.45W
1977-05-01,19.049,0.21600000000000003,Santa Cruz De Tenerife,Spain,28.13N,15.45W
1977-06-01,20.719,0.32799999999999996,Santa Cruz De Tenerife,Spain,28.13N,15.45W
1977-07-01,21.763,0.275,Santa Cruz De Tenerife,Spain,28.13N,15.45W
1977-08-01,22.285999999999998,0.258,Santa Cruz De Tenerife,Spain,28.13N,15.45W
1977-09-01,23.261,0.177,Santa Cruz De Tenerife,Spain,28.13N,15.45W
1977-10-01,21.77,0.319,Santa Cruz De Tenerife,Spain,28.13N,15.45W
1977-11-01,20.538,0.39399999999999996,Santa Cruz De Tenerife,Spain,28.13N,15.45W
1977-12-01,18.683,0.531,Santa Cruz De Tenerife,Spain,28.13N,15.45W
1978-01-01,17.099,0.21100000000000002,Santa Cruz De Tenerife,Spain,28.13N,15.45W
1978-02-01,18.49,0.3,Santa Cruz De Tenerife,Spain,28.13N,15.45W
1978-03-01,18.21,0.284,Santa Cruz De Tenerife,Spain,28.13N,15.45W
1978-04-01,17.982,0.366,Santa Cruz De Tenerife,Spain,28.13N,15.45W
1978-05-01,19.185,0.244,Santa Cruz De Tenerife,Spain,28.13N,15.45W
1978-06-01,20.115,0.205,Santa Cruz De Tenerife,Spain,28.13N,15.45W
1978-07-01,24.022,0.498,Santa Cruz De Tenerife,Spain,28.13N,15.45W
1978-08-01,23.006,0.5539999999999999,Santa Cruz De Tenerife,Spain,28.13N,15.45W
1978-09-01,25.231,0.439,Santa Cruz De Tenerife,Spain,28.13N,15.45W
1978-10-01,22.191999999999997,0.19,Santa Cruz De Tenerife,Spain,28.13N,15.45W
1978-11-01,21.01,0.233,Santa Cruz De Tenerife,Spain,28.13N,15.45W
1978-12-01,18.705,0.384,Santa Cruz De Tenerife,Spain,28.13N,15.45W
1979-01-01,17.768,0.33299999999999996,Santa Cruz De Tenerife,Spain,28.13N,15.45W
1979-02-01,18.458,0.408,Santa Cruz De Tenerife,Spain,28.13N,15.45W
1979-03-01,17.532999999999998,0.12300000000000001,Santa Cruz De Tenerife,Spain,28.13N,15.45W
1979-04-01,18.608,0.278,Santa Cruz De Tenerife,Spain,28.13N,15.45W
1979-05-01,20.108,0.556,Santa Cruz De Tenerife,Spain,28.13N,15.45W
1979-06-01,21.051,0.336,Santa Cruz De Tenerife,Spain,28.13N,15.45W
1979-07-01,22.859,0.364,Santa Cruz De Tenerife,Spain,28.13N,15.45W
1979-08-01,23.168000000000006,0.57,Santa Cruz De Tenerife,Spain,28.13N,15.45W
1979-09-01,23.191,0.46299999999999997,Santa Cruz De Tenerife,Spain,28.13N,15.45W
1979-10-01,21.56,0.43200000000000005,Santa Cruz De Tenerife,Spain,28.13N,15.45W
1979-11-01,20.539,0.21100000000000002,Santa Cruz De Tenerife,Spain,28.13N,15.45W
1979-12-01,18.475,0.491,Santa Cruz De Tenerife,Spain,28.13N,15.45W
1980-01-01,17.328000000000007,0.3,Santa Cruz De Tenerife,Spain,28.13N,15.45W
1980-02-01,17.738,0.41100000000000003,Santa Cruz De Tenerife,Spain,28.13N,15.45W
1980-03-01,18.51,0.455,Santa Cruz De Tenerife,Spain,28.13N,15.45W
1980-04-01,19.267,0.439,Santa Cruz De Tenerife,Spain,28.13N,15.45W
1980-05-01,20.256,0.326,Santa Cruz De Tenerife,Spain,28.13N,15.45W
1980-06-01,21.398000000000003,0.131,Santa Cruz De Tenerife,Spain,28.13N,15.45W
1980-07-01,23.046999999999997,0.222,Santa Cruz De Tenerife,Spain,28.13N,15.45W
1980-08-01,24.723000000000006,0.426,Santa Cruz De Tenerife,Spain,28.13N,15.45W
1980-09-01,23.949,0.242,Santa Cruz De Tenerife,Spain,28.13N,15.45W
1980-10-01,22.158,0.18,Santa Cruz De Tenerife,Spain,28.13N,15.45W
1980-11-01,20.365,0.151,Santa Cruz De Tenerife,Spain,28.13N,15.45W
1980-12-01,18.084,0.304,Santa Cruz De Tenerife,Spain,28.13N,15.45W
1981-01-01,17.158,0.195,Santa Cruz De Tenerife,Spain,28.13N,15.45W
1981-02-01,16.566,0.284,Santa Cruz De Tenerife,Spain,28.13N,15.45W
1981-03-01,19.281,0.371,Santa Cruz De Tenerife,Spain,28.13N,15.45W
1981-04-01,17.812,0.23600000000000002,Santa Cruz De Tenerife,Spain,28.13N,15.45W
1981-05-01,19.229000000000006,0.17,Santa Cruz De Tenerife,Spain,28.13N,15.45W
1981-06-01,21.882,0.45,Santa Cruz De Tenerife,Spain,28.13N,15.45W
1981-07-01,22.772,0.342,Santa Cruz De Tenerife,Spain,28.13N,15.45W
1981-08-01,23.441000000000006,0.076,Santa Cruz De Tenerife,Spain,28.13N,15.45W
1981-09-01,23.528000000000002,0.19,Santa Cruz De Tenerife,Spain,28.13N,15.45W
1981-10-01,21.97,0.11800000000000001,Santa Cruz De Tenerife,Spain,28.13N,15.45W
1981-11-01,21.938000000000002,0.39899999999999997,Santa Cruz De Tenerife,Spain,28.13N,15.45W
1981-12-01,19.276,0.38799999999999996,Santa Cruz De Tenerife,Spain,28.13N,15.45W
1982-01-01,18.303,0.133,Santa Cruz De Tenerife,Spain,28.13N,15.45W
1982-02-01,17.878999999999994,0.29600000000000004,Santa Cruz De Tenerife,Spain,28.13N,15.45W
1982-03-01,18.1,0.26,Santa Cruz De Tenerife,Spain,28.13N,15.45W
1982-04-01,18.062,0.268,Santa Cruz De Tenerife,Spain,28.13N,15.45W
1982-05-01,19.902,0.341,Santa Cruz De Tenerife,Spain,28.13N,15.45W
1982-06-01,21.015,0.41700000000000004,Santa Cruz De Tenerife,Spain,28.13N,15.45W
1982-07-01,23.293000000000006,0.306,Santa Cruz De Tenerife,Spain,28.13N,15.45W
1982-08-01,23.305999999999997,0.254,Santa Cruz De Tenerife,Spain,28.13N,15.45W
1982-09-01,23.143,0.28800000000000003,Santa Cruz De Tenerife,Spain,28.13N,15.45W
1982-10-01,22.074,0.239,Santa Cruz De Tenerife,Spain,28.13N,15.45W
1982-11-01,20.283,0.54,Santa Cruz De Tenerife,Spain,28.13N,15.45W
1982-12-01,17.576,0.27899999999999997,Santa Cruz De Tenerife,Spain,28.13N,15.45W
1983-01-01,17.457,0.456,Santa Cruz De Tenerife,Spain,28.13N,15.45W
1983-02-01,17.584,0.28300000000000003,Santa Cruz De Tenerife,Spain,28.13N,15.45W
1983-03-01,19.081,0.387,Santa Cruz De Tenerife,Spain,28.13N,15.45W
1983-04-01,19.029,0.142,Santa Cruz De Tenerife,Spain,28.13N,15.45W
1983-05-01,19.134,0.237,Santa Cruz De Tenerife,Spain,28.13N,15.45W
1983-06-01,22.164,0.48700000000000004,Santa Cruz De Tenerife,Spain,28.13N,15.45W
1983-07-01,22.81,0.31,Santa Cruz De Tenerife,Spain,28.13N,15.45W
1983-08-01,23.34,0.22699999999999998,Santa Cruz De Tenerife,Spain,28.13N,15.45W
1983-09-01,24.878,0.254,Santa Cruz De Tenerife,Spain,28.13N,15.45W
1983-10-01,24.344,0.47200000000000003,Santa Cruz De Tenerife,Spain,28.13N,15.45W
1983-11-01,21.409000000000002,0.204,Santa Cruz De Tenerife,Spain,28.13N,15.45W
1983-12-01,19.118,0.306,Santa Cruz De Tenerife,Spain,28.13N,15.45W
1984-01-01,17.542,0.501,Santa Cruz De Tenerife,Spain,28.13N,15.45W
1984-02-01,17.528,0.239,Santa Cruz De Tenerife,Spain,28.13N,15.45W
1984-03-01,17.729,0.366,Santa Cruz De Tenerife,Spain,28.13N,15.45W
1984-04-01,19.373,0.23600000000000002,Santa Cruz De Tenerife,Spain,28.13N,15.45W
1984-05-01,19.227,0.36,Santa Cruz De Tenerife,Spain,28.13N,15.45W
1984-06-01,20.941999999999997,0.263,Santa Cruz De Tenerife,Spain,28.13N,15.45W
1984-07-01,24.273000000000003,0.524,Santa Cruz De Tenerife,Spain,28.13N,15.45W
1984-08-01,23.259,0.34,Santa Cruz De Tenerife,Spain,28.13N,15.45W
1984-09-01,23.441,0.266,Santa Cruz De Tenerife,Spain,28.13N,15.45W
1984-10-01,22.614,0.313,Santa Cruz De Tenerife,Spain,28.13N,15.45W
1984-11-01,20.416,0.27,Santa Cruz De Tenerife,Spain,28.13N,15.45W
1984-12-01,18.217,0.317,Santa Cruz De Tenerife,Spain,28.13N,15.45W
1985-01-01,17.073,0.345,Santa Cruz De Tenerife,Spain,28.13N,15.45W
1985-02-01,17.772000000000002,0.09300000000000001,Santa Cruz De Tenerife,Spain,28.13N,15.45W
1985-03-01,17.956999999999994,0.532,Santa Cruz De Tenerife,Spain,28.13N,15.45W
1985-04-01,18.952,0.332,Santa Cruz De Tenerife,Spain,28.13N,15.45W
1985-05-01,19.114,0.281,Santa Cruz De Tenerife,Spain,28.13N,15.45W
1985-06-01,22.166,0.488,Santa Cruz De Tenerife,Spain,28.13N,15.45W
1985-07-01,23.444000000000006,0.384,Santa Cruz De Tenerife,Spain,28.13N,15.45W
1985-08-01,24.949,0.457,Santa Cruz De Tenerife,Spain,28.13N,15.45W
1985-09-01,24.688000000000002,0.5760000000000001,Santa Cruz De Tenerife,Spain,28.13N,15.45W
1985-10-01,23.125999999999998,0.34299999999999997,Santa Cruz De Tenerife,Spain,28.13N,15.45W
1985-11-01,21.107,0.19699999999999998,Santa Cruz De Tenerife,Spain,28.13N,15.45W
1985-12-01,18.669,0.51,Santa Cruz De Tenerife,Spain,28.13N,15.45W
1986-01-01,17.518,0.5379999999999999,Santa Cruz De Tenerife,Spain,28.13N,15.45W
1986-02-01,17.113999999999994,0.23399999999999999,Santa Cruz De Tenerife,Spain,28.13N,15.45W
1986-03-01,17.578999999999994,0.395,Santa Cruz De Tenerife,Spain,28.13N,15.45W
1986-04-01,17.543,0.276,Santa Cruz De Tenerife,Spain,28.13N,15.45W
1986-05-01,20.595,0.609,Santa Cruz De Tenerife,Spain,28.13N,15.45W
1986-06-01,20.482,0.248,Santa Cruz De Tenerife,Spain,28.13N,15.45W
1986-07-01,22.487,0.18,Santa Cruz De Tenerife,Spain,28.13N,15.45W
1986-08-01,23.910999999999998,0.648,Santa Cruz De Tenerife,Spain,28.13N,15.45W
1986-09-01,24.601999999999997,0.349,Santa Cruz De Tenerife,Spain,28.13N,15.45W
1986-10-01,22.015,0.408,Santa Cruz De Tenerife,Spain,28.13N,15.45W
1986-11-01,20.077,0.326,Santa Cruz De Tenerife,Spain,28.13N,15.45W
1986-12-01,18.354,0.337,Santa Cruz De Tenerife,Spain,28.13N,15.45W
1987-01-01,18.07,0.32899999999999996,Santa Cruz De Tenerife,Spain,28.13N,15.45W
1987-02-01,18.405,0.165,Santa Cruz De Tenerife,Spain,28.13N,15.45W
1987-03-01,19.823,0.1,Santa Cruz De Tenerife,Spain,28.13N,15.45W
1987-04-01,20.137,0.433,Santa Cruz De Tenerife,Spain,28.13N,15.45W
1987-05-01,20.697000000000006,0.317,Santa Cruz De Tenerife,Spain,28.13N,15.45W
1987-06-01,22.735,0.213,Santa Cruz De Tenerife,Spain,28.13N,15.45W
1987-07-01,23.258000000000006,0.14400000000000002,Santa Cruz De Tenerife,Spain,28.13N,15.45W
1987-08-01,24.373,0.233,Santa Cruz De Tenerife,Spain,28.13N,15.45W
1987-09-01,26.12,0.16899999999999998,Santa Cruz De Tenerife,Spain,28.13N,15.45W
1987-10-01,22.136999999999997,0.324,Santa Cruz De Tenerife,Spain,28.13N,15.45W
1987-11-01,20.946,0.23199999999999998,Santa Cruz De Tenerife,Spain,28.13N,15.45W
1987-12-01,18.909000000000002,0.23399999999999999,Santa Cruz De Tenerife,Spain,28.13N,15.45W
1988-01-01,17.515,0.29,Santa Cruz De Tenerife,Spain,28.13N,15.45W
1988-02-01,17.299,0.198,Santa Cruz De Tenerife,Spain,28.13N,15.45W
1988-03-01,18.577,0.47700000000000004,Santa Cruz De Tenerife,Spain,28.13N,15.45W
1988-04-01,18.722,0.257,Santa Cruz De Tenerife,Spain,28.13N,15.45W
1988-05-01,20.038,0.27399999999999997,Santa Cruz De Tenerife,Spain,28.13N,15.45W
1988-06-01,21.324,0.5479999999999999,Santa Cruz De Tenerife,Spain,28.13N,15.45W
1988-07-01,23.686999999999998,0.381,Santa Cruz De Tenerife,Spain,28.13N,15.45W
1988-08-01,24.666,0.209,Santa Cruz De Tenerife,Spain,28.13N,15.45W
1988-09-01,23.949,0.23,Santa Cruz De Tenerife,Spain,28.13N,15.45W
1988-10-01,22.343000000000004,0.20800000000000002,Santa Cruz De Tenerife,Spain,28.13N,15.45W
1988-11-01,20.667,0.389,Santa Cruz De Tenerife,Spain,28.13N,15.45W
1988-12-01,18.381,0.397,Santa Cruz De Tenerife,Spain,28.13N,15.45W
1989-01-01,17.317,0.32899999999999996,Santa Cruz De Tenerife,Spain,28.13N,15.45W
1989-02-01,17.689,0.263,Santa Cruz De Tenerife,Spain,28.13N,15.45W
1989-03-01,19.301,0.452,Santa Cruz De Tenerife,Spain,28.13N,15.45W
1989-04-01,17.963,0.315,Santa Cruz De Tenerife,Spain,28.13N,15.45W
1989-05-01,20.075000000000006,0.48,Santa Cruz De Tenerife,Spain,28.13N,15.45W
1989-06-01,22.503,0.368,Santa Cruz De Tenerife,Spain,28.13N,15.45W
1989-07-01,24.534,0.32,Santa Cruz De Tenerife,Spain,28.13N,15.45W
1989-08-01,25.383000000000006,0.359,Santa Cruz De Tenerife,Spain,28.13N,15.45W
1989-09-01,24.319000000000003,0.317,Santa Cruz De Tenerife,Spain,28.13N,15.45W
1989-10-01,23.456999999999997,0.287,Santa Cruz De Tenerife,Spain,28.13N,15.45W
1989-11-01,20.555,0.225,Santa Cruz De Tenerife,Spain,28.13N,15.45W
1989-12-01,19.259,0.33899999999999997,Santa Cruz De Tenerife,Spain,28.13N,15.45W
1990-01-01,17.12,0.308,Santa Cruz De Tenerife,Spain,28.13N,15.45W
1990-02-01,19.288,0.314,Santa Cruz De Tenerife,Spain,28.13N,15.45W
1990-03-01,20.325,0.311,Santa Cruz De Tenerife,Spain,28.13N,15.45W
1990-04-01,18.18,0.23,Santa Cruz De Tenerife,Spain,28.13N,15.45W
1990-05-01,20.261000000000006,0.36200000000000004,Santa Cruz De Tenerife,Spain,28.13N,15.45W
1990-06-01,21.836,0.272,Santa Cruz De Tenerife,Spain,28.13N,15.45W
1990-07-01,23.836,0.36,Santa Cruz De Tenerife,Spain,28.13N,15.45W
1990-08-01,26.258000000000006,0.429,Santa Cruz De Tenerife,Spain,28.13N,15.45W
1990-09-01,24.430999999999997,0.49,Santa Cruz De Tenerife,Spain,28.13N,15.45W
1990-10-01,22.901999999999997,0.7290000000000001,Santa Cruz De Tenerife,Spain,28.13N,15.45W
1990-11-01,21.273000000000003,0.413,Santa Cruz De Tenerife,Spain,28.13N,15.45W
1990-12-01,18.893,0.22699999999999998,Santa Cruz De Tenerife,Spain,28.13N,15.45W
1991-01-01,17.535,0.153,Santa Cruz De Tenerife,Spain,28.13N,15.45W
1991-02-01,16.884999999999998,0.358,Santa Cruz De Tenerife,Spain,28.13N,15.45W
1991-03-01,17.886999999999997,0.341,Santa Cruz De Tenerife,Spain,28.13N,15.45W
1991-04-01,18.022,0.124,Santa Cruz De Tenerife,Spain,28.13N,15.45W
1991-05-01,19.437,0.198,Santa Cruz De Tenerife,Spain,28.13N,15.45W
1991-06-01,21.38,0.36200000000000004,Santa Cruz De Tenerife,Spain,28.13N,15.45W
1991-07-01,23.153,0.353,Santa Cruz De Tenerife,Spain,28.13N,15.45W
1991-08-01,23.896,0.278,Santa Cruz De Tenerife,Spain,28.13N,15.45W
1991-09-01,24.771,0.419,Santa Cruz De Tenerife,Spain,28.13N,15.45W
1991-10-01,21.805,0.344,Santa Cruz De Tenerife,Spain,28.13N,15.45W
1991-11-01,20.569000000000003,0.183,Santa Cruz De Tenerife,Spain,28.13N,15.45W
1991-12-01,18.712,0.177,Santa Cruz De Tenerife,Spain,28.13N,15.45W
1992-01-01,17.621000000000006,0.442,Santa Cruz De Tenerife,Spain,28.13N,15.45W
1992-02-01,17.729,0.27399999999999997,Santa Cruz De Tenerife,Spain,28.13N,15.45W
1992-03-01,18.363,0.322,Santa Cruz De Tenerife,Spain,28.13N,15.45W
1992-04-01,19.148,0.196,Santa Cruz De Tenerife,Spain,28.13N,15.45W
1992-05-01,20.184,0.366,Santa Cruz De Tenerife,Spain,28.13N,15.45W
1992-06-01,21.055,0.473,Santa Cruz De Tenerife,Spain,28.13N,15.45W
1992-07-01,23.009,0.381,Santa Cruz De Tenerife,Spain,28.13N,15.45W
1992-08-01,24.046999999999997,0.147,Santa Cruz De Tenerife,Spain,28.13N,15.45W
1992-09-01,23.543000000000003,0.21,Santa Cruz De Tenerife,Spain,28.13N,15.45W
1992-10-01,21.875,0.376,Santa Cruz De Tenerife,Spain,28.13N,15.45W
1992-11-01,20.312,0.35,Santa Cruz De Tenerife,Spain,28.13N,15.45W
1992-12-01,18.087,0.34700000000000003,Santa Cruz De Tenerife,Spain,28.13N,15.45W
1993-01-01,17.14,0.272,Santa Cruz De Tenerife,Spain,28.13N,15.45W
1993-02-01,17.186999999999998,0.26899999999999996,Santa Cruz De Tenerife,Spain,28.13N,15.45W
1993-03-01,17.987000000000002,0.22399999999999998,Santa Cruz De Tenerife,Spain,28.13N,15.45W
1993-04-01,18.552,0.17800000000000002,Santa Cruz De Tenerife,Spain,28.13N,15.45W
1993-05-01,19.427,0.19899999999999998,Santa Cruz De Tenerife,Spain,28.13N,15.45W
1993-06-01,21.659000000000002,0.24,Santa Cruz De Tenerife,Spain,28.13N,15.45W
1993-07-01,23.169,0.41200000000000003,Santa Cruz De Tenerife,Spain,28.13N,15.45W
1993-08-01,23.791999999999998,0.215,Santa Cruz De Tenerife,Spain,28.13N,15.45W
1993-09-01,23.139,0.373,Santa Cruz De Tenerife,Spain,28.13N,15.45W
1993-10-01,21.386999999999997,0.146,Santa Cruz De Tenerife,Spain,28.13N,15.45W
1993-11-01,19.111,0.23399999999999999,Santa Cruz De Tenerife,Spain,28.13N,15.45W
1993-12-01,18.086,0.29100000000000004,Santa Cruz De Tenerife,Spain,28.13N,15.45W
1994-01-01,16.852999999999998,0.158,Santa Cruz De Tenerife,Spain,28.13N,15.45W
1994-02-01,17.36,0.25,Santa Cruz De Tenerife,Spain,28.13N,15.45W
1994-03-01,17.697,0.218,Santa Cruz De Tenerife,Spain,28.13N,15.45W
1994-04-01,18.739,0.28,Santa Cruz De Tenerife,Spain,28.13N,15.45W
1994-05-01,19.817,0.373,Santa Cruz De Tenerife,Spain,28.13N,15.45W
1994-06-01,21.862,0.31,Santa Cruz De Tenerife,Spain,28.13N,15.45W
1994-07-01,24.045,0.276,Santa Cruz De Tenerife,Spain,28.13N,15.45W
1994-08-01,24.096,0.205,Santa Cruz De Tenerife,Spain,28.13N,15.45W
1994-09-01,23.266,0.233,Santa Cruz De Tenerife,Spain,28.13N,15.45W
1994-10-01,22.205,0.198,Santa Cruz De Tenerife,Spain,28.13N,15.45W
1994-11-01,21.309,0.298,Santa Cruz De Tenerife,Spain,28.13N,15.45W
1994-12-01,19.7,0.37,Santa Cruz De Tenerife,Spain,28.13N,15.45W
1995-01-01,18.017000000000003,0.239,Santa Cruz De Tenerife,Spain,28.13N,15.45W
1995-02-01,18.432000000000002,0.381,Santa Cruz De Tenerife,Spain,28.13N,15.45W
1995-03-01,18.804000000000002,0.16,Santa Cruz De Tenerife,Spain,28.13N,15.45W
1995-04-01,19.215,0.273,Santa Cruz De Tenerife,Spain,28.13N,15.45W
1995-05-01,21.419,0.34600000000000003,Santa Cruz De Tenerife,Spain,28.13N,15.45W
1995-06-01,22.209,0.53,Santa Cruz De Tenerife,Spain,28.13N,15.45W
1995-07-01,24.358,0.382,Santa Cruz De Tenerife,Spain,28.13N,15.45W
1995-08-01,24.226999999999997,0.621,Santa Cruz De Tenerife,Spain,28.13N,15.45W
1995-09-01,23.798000000000002,0.34600000000000003,Santa Cruz De Tenerife,Spain,28.13N,15.45W
1995-10-01,23.473000000000003,0.26899999999999996,Santa Cruz De Tenerife,Spain,28.13N,15.45W
1995-11-01,21.856,0.342,Santa Cruz De Tenerife,Spain,28.13N,15.45W
1995-12-01,19.31,0.419,Santa Cruz De Tenerife,Spain,28.13N,15.45W
1996-01-01,18.417,0.251,Santa Cruz De Tenerife,Spain,28.13N,15.45W
1996-02-01,17.529,0.33399999999999996,Santa Cruz De Tenerife,Spain,28.13N,15.45W
1996-03-01,17.787,0.542,Santa Cruz De Tenerife,Spain,28.13N,15.45W
1996-04-01,19.155,0.13,Santa Cruz De Tenerife,Spain,28.13N,15.45W
1996-05-01,21.44,0.354,Santa Cruz De Tenerife,Spain,28.13N,15.45W
1996-06-01,22.24,0.193,Santa Cruz De Tenerife,Spain,28.13N,15.45W
1996-07-01,23.499,0.245,Santa Cruz De Tenerife,Spain,28.13N,15.45W
1996-08-01,23.861,0.307,Santa Cruz De Tenerife,Spain,28.13N,15.45W
1996-09-01,23.609,0.225,Santa Cruz De Tenerife,Spain,28.13N,15.45W
1996-10-01,23.074,0.401,Santa Cruz De Tenerife,Spain,28.13N,15.45W
1996-11-01,21.066,0.158,Santa Cruz De Tenerife,Spain,28.13N,15.45W
1996-12-01,18.865,0.192,Santa Cruz De Tenerife,Spain,28.13N,15.45W
1997-01-01,17.820999999999998,0.326,Santa Cruz De Tenerife,Spain,28.13N,15.45W
1997-02-01,19.555,0.34600000000000003,Santa Cruz De Tenerife,Spain,28.13N,15.45W
1997-03-01,20.148,0.387,Santa Cruz De Tenerife,Spain,28.13N,15.45W
1997-04-01,19.824,0.182,Santa Cruz De Tenerife,Spain,28.13N,15.45W
1997-05-01,20.926,0.255,Santa Cruz De Tenerife,Spain,28.13N,15.45W
1997-06-01,22.689,0.451,Santa Cruz De Tenerife,Spain,28.13N,15.45W
1997-07-01,23.37,0.377,Santa Cruz De Tenerife,Spain,28.13N,15.45W
1997-08-01,23.866999999999997,0.354,Santa Cruz De Tenerife,Spain,28.13N,15.45W
1997-09-01,24.116,0.348,Santa Cruz De Tenerife,Spain,28.13N,15.45W
1997-10-01,22.953000000000003,0.508,Santa Cruz De Tenerife,Spain,28.13N,15.45W
1997-11-01,22.041,0.33899999999999997,Santa Cruz De Tenerife,Spain,28.13N,15.45W
1997-12-01,19.857,0.253,Santa Cruz De Tenerife,Spain,28.13N,15.45W
1998-01-01,18.834000000000003,0.177,Santa Cruz De Tenerife,Spain,28.13N,15.45W
1998-02-01,20.422,0.35700000000000004,Santa Cruz De Tenerife,Spain,28.13N,15.45W
1998-03-01,20.791,0.402,Santa Cruz De Tenerife,Spain,28.13N,15.45W
1998-04-01,19.495,0.5,Santa Cruz De Tenerife,Spain,28.13N,15.45W
1998-05-01,19.983,0.419,Santa Cruz De Tenerife,Spain,28.13N,15.45W
1998-06-01,22.244,0.35,Santa Cruz De Tenerife,Spain,28.13N,15.45W
1998-07-01,23.506,0.48100000000000004,Santa Cruz De Tenerife,Spain,28.13N,15.45W
1998-08-01,24.404,0.204,Santa Cruz De Tenerife,Spain,28.13N,15.45W
1998-09-01,24.046,0.373,Santa Cruz De Tenerife,Spain,28.13N,15.45W
1998-10-01,22.795,0.408,Santa Cruz De Tenerife,Spain,28.13N,15.45W
1998-11-01,21.906,0.369,Santa Cruz De Tenerife,Spain,28.13N,15.45W
1998-12-01,18.579,0.309,Santa Cruz De Tenerife,Spain,28.13N,15.45W
1999-01-01,17.311,0.254,Santa Cruz De Tenerife,Spain,28.13N,15.45W
1999-02-01,17.153,0.512,Santa Cruz De Tenerife,Spain,28.13N,15.45W
1999-03-01,18.11,0.409,Santa Cruz De Tenerife,Spain,28.13N,15.45W
1999-04-01,19.712,0.23,Santa Cruz De Tenerife,Spain,28.13N,15.45W
1999-05-01,20.525,0.24600000000000002,Santa Cruz De Tenerife,Spain,28.13N,15.45W
1999-06-01,21.9,0.207,Santa Cruz De Tenerife,Spain,28.13N,15.45W
1999-07-01,23.656,0.297,Santa Cruz De Tenerife,Spain,28.13N,15.45W
1999-08-01,25.041,0.36700000000000005,Santa Cruz De Tenerife,Spain,28.13N,15.45W
1999-09-01,24.116,0.32299999999999995,Santa Cruz De Tenerife,Spain,28.13N,15.45W
1999-10-01,22.281,0.247,Santa Cruz De Tenerife,Spain,28.13N,15.45W
1999-11-01,20.644000000000002,0.294,Santa Cruz De Tenerife,Spain,28.13N,15.45W
1999-12-01,18.018,0.303,Santa Cruz De Tenerife,Spain,28.13N,15.45W
2000-01-01,16.594,0.26,Santa Cruz De Tenerife,Spain,28.13N,15.45W
2000-02-01,18.215,0.419,Santa Cruz De Tenerife,Spain,28.13N,15.45W
2000-03-01,19.352,0.742,Santa Cruz De Tenerife,Spain,28.13N,15.45W
2000-04-01,18.435,0.223,Santa Cruz De Tenerife,Spain,28.13N,15.45W
2000-05-01,20.075000000000006,0.415,Santa Cruz De Tenerife,Spain,28.13N,15.45W
2000-06-01,21.851999999999997,0.382,Santa Cruz De Tenerife,Spain,28.13N,15.45W
2000-07-01,23.291999999999998,0.385,Santa Cruz De Tenerife,Spain,28.13N,15.45W
2000-08-01,24.122,0.40700000000000003,Santa Cruz De Tenerife,Spain,28.13N,15.45W
2000-09-01,23.639,0.374,Santa Cruz De Tenerife,Spain,28.13N,15.45W
2000-10-01,22.0,0.34600000000000003,Santa Cruz De Tenerife,Spain,28.13N,15.45W
2000-11-01,20.011,0.387,Santa Cruz De Tenerife,Spain,28.13N,15.45W
2000-12-01,19.022000000000002,0.419,Santa Cruz De Tenerife,Spain,28.13N,15.45W
2001-01-01,18.047,0.349,Santa Cruz De Tenerife,Spain,28.13N,15.45W
2001-02-01,18.175,0.32299999999999995,Santa Cruz De Tenerife,Spain,28.13N,15.45W
2001-03-01,19.523,0.299,Santa Cruz De Tenerife,Spain,28.13N,15.45W
2001-04-01,19.129,0.27399999999999997,Santa Cruz De Tenerife,Spain,28.13N,15.45W
2001-05-01,20.135,0.237,Santa Cruz De Tenerife,Spain,28.13N,15.45W
2001-06-01,22.255,0.395,Santa Cruz De Tenerife,Spain,28.13N,15.45W
2001-07-01,23.506999999999998,0.545,Santa Cruz De Tenerife,Spain,28.13N,15.45W
2001-08-01,24.764000000000006,0.637,Santa Cruz De Tenerife,Spain,28.13N,15.45W
2001-09-01,24.524,0.319,Santa Cruz De Tenerife,Spain,28.13N,15.45W
2001-10-01,23.807,0.33,Santa Cruz De Tenerife,Spain,28.13N,15.45W
2001-11-01,20.713,0.27699999999999997,Santa Cruz De Tenerife,Spain,28.13N,15.45W
2001-12-01,20.023,0.249,Santa Cruz De Tenerife,Spain,28.13N,15.45W
2002-01-01,18.777,0.237,Santa Cruz De Tenerife,Spain,28.13N,15.45W
2002-02-01,18.884,0.228,Santa Cruz De Tenerife,Spain,28.13N,15.45W
2002-03-01,19.193,0.509,Santa Cruz De Tenerife,Spain,28.13N,15.45W
2002-04-01,19.614,0.809,Santa Cruz De Tenerife,Spain,28.13N,15.45W
2002-05-01,20.054,0.6890000000000001,Santa Cruz De Tenerife,Spain,28.13N,15.45W
2002-06-01,21.708000000000002,0.41100000000000003,Santa Cruz De Tenerife,Spain,28.13N,15.45W
2002-07-01,22.509,0.319,Santa Cruz De Tenerife,Spain,28.13N,15.45W
2002-08-01,23.274,0.528,Santa Cruz De Tenerife,Spain,28.13N,15.45W
2002-09-01,24.017,0.363,Santa Cruz De Tenerife,Spain,28.13N,15.45W
2002-10-01,24.158,0.531,Santa Cruz De Tenerife,Spain,28.13N,15.45W
2002-11-01,21.416,0.39799999999999996,Santa Cruz De Tenerife,Spain,28.13N,15.45W
2002-12-01,19.68,0.371,Santa Cruz De Tenerife,Spain,28.13N,15.45W
2003-01-01,17.882,0.141,Santa Cruz De Tenerife,Spain,28.13N,15.45W
2003-02-01,17.595,0.39399999999999996,Santa Cruz De Tenerife,Spain,28.13N,15.45W
2003-03-01,18.944000000000003,0.214,Santa Cruz De Tenerife,Spain,28.13N,15.45W
2003-04-01,19.098000000000006,0.40399999999999997,Santa Cruz De Tenerife,Spain,28.13N,15.45W
2003-05-01,21.315,0.263,Santa Cruz De Tenerife,Spain,28.13N,15.45W
2003-06-01,22.519000000000002,0.40399999999999997,Santa Cruz De Tenerife,Spain,28.13N,15.45W
2003-07-01,24.034,0.45299999999999996,Santa Cruz De Tenerife,Spain,28.13N,15.45W
2003-08-01,24.999,0.564,Santa Cruz De Tenerife,Spain,28.13N,15.45W
2003-09-01,24.704,0.243,Santa Cruz De Tenerife,Spain,28.13N,15.45W
2003-10-01,22.666999999999998,0.35,Santa Cruz De Tenerife,Spain,28.13N,15.45W
2003-11-01,20.454,0.317,Santa Cruz De Tenerife,Spain,28.13N,15.45W
2003-12-01,19.08,0.319,Santa Cruz De Tenerife,Spain,28.13N,15.45W
2004-01-01,17.930000000000003,0.295,Santa Cruz De Tenerife,Spain,28.13N,15.45W
2004-02-01,18.994,0.25,Santa Cruz De Tenerife,Spain,28.13N,15.45W
2004-03-01,18.924,0.261,Santa Cruz De Tenerife,Spain,28.13N,15.45W
2004-04-01,18.799,0.317,Santa Cruz De Tenerife,Spain,28.13N,15.45W
2004-05-01,19.756,0.327,Santa Cruz De Tenerife,Spain,28.13N,15.45W
2004-06-01,22.798000000000002,0.3,Santa Cruz De Tenerife,Spain,28.13N,15.45W
2004-07-01,25.004,0.39299999999999996,Santa Cruz De Tenerife,Spain,28.13N,15.45W
2004-08-01,26.22,0.381,Santa Cruz De Tenerife,Spain,28.13N,15.45W
2004-09-01,24.811,0.311,Santa Cruz De Tenerife,Spain,28.13N,15.45W
2004-10-01,23.564,0.253,Santa Cruz De Tenerife,Spain,28.13N,15.45W
2004-11-01,21.221,0.418,Santa Cruz De Tenerife,Spain,28.13N,15.45W
2004-12-01,18.293,0.522,Santa Cruz De Tenerife,Spain,28.13N,15.45W
2005-01-01,17.076,0.32,Santa Cruz De Tenerife,Spain,28.13N,15.45W
2005-02-01,16.29,0.49700000000000005,Santa Cruz De Tenerife,Spain,28.13N,15.45W
2005-03-01,18.665,0.428,Santa Cruz De Tenerife,Spain,28.13N,15.45W
2005-04-01,19.266,0.302,Santa Cruz De Tenerife,Spain,28.13N,15.45W
2005-05-01,20.912000000000006,0.253,Santa Cruz De Tenerife,Spain,28.13N,15.45W
2005-06-01,22.474,0.24,Santa Cruz De Tenerife,Spain,28.13N,15.45W
2005-07-01,23.837,0.28300000000000003,Santa Cruz De Tenerife,Spain,28.13N,15.45W
2005-08-01,24.546000000000006,0.465,Santa Cruz De Tenerife,Spain,28.13N,15.45W
2005-09-01,25.099,0.25,Santa Cruz De Tenerife,Spain,28.13N,15.45W
2005-10-01,23.081999999999997,0.20800000000000002,Santa Cruz De Tenerife,Spain,28.13N,15.45W
2005-11-01,20.702,0.386,Santa Cruz De Tenerife,Spain,28.13N,15.45W
2005-12-01,18.660999999999998,0.217,Santa Cruz De Tenerife,Spain,28.13N,15.45W
2006-01-01,16.667,0.385,Santa Cruz De Tenerife,Spain,28.13N,15.45W
2006-02-01,17.025,0.379,Santa Cruz De Tenerife,Spain,28.13N,15.45W
2006-03-01,18.208,0.461,Santa Cruz De Tenerife,Spain,28.13N,15.45W
2006-04-01,19.407,0.44,Santa Cruz De Tenerife,Spain,28.13N,15.45W
2006-05-01,20.417,0.434,Santa Cruz De Tenerife,Spain,28.13N,15.45W
2006-06-01,22.024,0.452,Santa Cruz De Tenerife,Spain,28.13N,15.45W
2006-07-01,23.843000000000004,0.512,Santa Cruz De Tenerife,Spain,28.13N,15.45W
2006-08-01,24.375,0.33,Santa Cruz De Tenerife,Spain,28.13N,15.45W
2006-09-01,25.168000000000003,0.537,Santa Cruz De Tenerife,Spain,28.13N,15.45W
2006-10-01,23.153000000000002,0.33899999999999997,Santa Cruz De Tenerife,Spain,28.13N,15.45W
2006-11-01,22.134,0.46799999999999997,Santa Cruz De Tenerife,Spain,28.13N,15.45W
2006-12-01,18.391,0.263,Santa Cruz De Tenerife,Spain,28.13N,15.45W
2007-01-01,18.045,0.25,Santa Cruz De Tenerife,Spain,28.13N,15.45W
2007-02-01,18.063,0.204,Santa Cruz De Tenerife,Spain,28.13N,15.45W
2007-03-01,18.233,0.203,Santa Cruz De Tenerife,Spain,28.13N,15.45W
2007-04-01,18.639,0.20600000000000002,Santa Cruz De Tenerife,Spain,28.13N,15.45W
2007-05-01,20.85,0.142,Santa Cruz De Tenerife,Spain,28.13N,15.45W
2007-06-01,21.765,0.311,Santa Cruz De Tenerife,Spain,28.13N,15.45W
2007-07-01,24.245,0.369,Santa Cruz De Tenerife,Spain,28.13N,15.45W
2007-08-01,23.629,0.322,Santa Cruz De Tenerife,Spain,28.13N,15.45W
2007-09-01,23.302,0.447,Santa Cruz De Tenerife,Spain,28.13N,15.45W
2007-10-01,22.659000000000002,0.474,Santa Cruz De Tenerife,Spain,28.13N,15.45W
2007-11-01,21.005,0.449,Santa Cruz De Tenerife,Spain,28.13N,15.45W
2007-12-01,18.621,0.429,Santa Cruz De Tenerife,Spain,28.13N,15.45W
2008-01-01,18.586,0.324,Santa Cruz De Tenerife,Spain,28.13N,15.45W
2008-02-01,18.688,0.414,Santa Cruz De Tenerife,Spain,28.13N,15.45W
2008-03-01,19.042,0.359,Santa Cruz De Tenerife,Spain,28.13N,15.45W
2008-04-01,21.061999999999998,0.303,Santa Cruz De Tenerife,Spain,28.13N,15.45W
2008-05-01,21.055999999999997,0.213,Santa Cruz De Tenerife,Spain,28.13N,15.45W
2008-06-01,22.342,0.375,Santa Cruz De Tenerife,Spain,28.13N,15.45W
2008-07-01,23.723000000000006,0.37,Santa Cruz De Tenerife,Spain,28.13N,15.45W
2008-08-01,24.461,0.595,Santa Cruz De Tenerife,Spain,28.13N,15.45W
2008-09-01,23.825,0.631,Santa Cruz De Tenerife,Spain,28.13N,15.45W
2008-10-01,21.985,0.461,Santa Cruz De Tenerife,Spain,28.13N,15.45W
2008-11-01,19.414,0.568,Santa Cruz De Tenerife,Spain,28.13N,15.45W
2008-12-01,17.442,0.327,Santa Cruz De Tenerife,Spain,28.13N,15.45W
2009-01-01,16.881,0.193,Santa Cruz De Tenerife,Spain,28.13N,15.45W
2009-02-01,16.994999999999994,0.23,Santa Cruz De Tenerife,Spain,28.13N,15.45W
2009-03-01,18.619,0.212,Santa Cruz De Tenerife,Spain,28.13N,15.45W
2009-04-01,18.715999999999998,0.12,Santa Cruz De Tenerife,Spain,28.13N,15.45W
2009-05-01,20.070999999999998,0.27699999999999997,Santa Cruz De Tenerife,Spain,28.13N,15.45W
2009-06-01,22.426,0.47100000000000003,Santa Cruz De Tenerife,Spain,28.13N,15.45W
2009-07-01,25.375,0.7040000000000001,Santa Cruz De Tenerife,Spain,28.13N,15.45W
2009-08-01,24.901999999999997,0.43,Santa Cruz De Tenerife,Spain,28.13N,15.45W
2009-09-01,23.924,0.318,Santa Cruz De Tenerife,Spain,28.13N,15.45W
2009-10-01,23.679000000000002,0.258,Santa Cruz De Tenerife,Spain,28.13N,15.45W
2009-11-01,21.687,0.257,Santa Cruz De Tenerife,Spain,28.13N,15.45W
2009-12-01,20.282,0.22699999999999998,Santa Cruz De Tenerife,Spain,28.13N,15.45W
2010-01-01,18.659,0.22899999999999998,Santa Cruz De Tenerife,Spain,28.13N,15.45W
2010-02-01,19.656,0.196,Santa Cruz De Tenerife,Spain,28.13N,15.45W
2010-03-01,19.809,0.292,Santa Cruz De Tenerife,Spain,28.13N,15.45W
2010-04-01,20.147,0.248,Santa Cruz De Tenerife,Spain,28.13N,15.45W
2010-05-01,20.763,0.29,Santa Cruz De Tenerife,Spain,28.13N,15.45W
2010-06-01,22.221,0.467,Santa Cruz De Tenerife,Spain,28.13N,15.45W
2010-07-01,23.747,0.413,Santa Cruz De Tenerife,Spain,28.13N,15.45W
2010-08-01,25.179,0.449,Santa Cruz De Tenerife,Spain,28.13N,15.45W
2010-09-01,24.664,0.299,Santa Cruz De Tenerife,Spain,28.13N,15.45W
2010-10-01,23.015,0.19699999999999998,Santa Cruz De Tenerife,Spain,28.13N,15.45W
2010-11-01,21.284000000000002,0.195,Santa Cruz De Tenerife,Spain,28.13N,15.45W
2010-12-01,19.935,0.31,Santa Cruz De Tenerife,Spain,28.13N,15.45W
2011-01-01,18.233,0.29100000000000004,Santa Cruz De Tenerife,Spain,28.13N,15.45W
2011-02-01,17.636,0.235,Santa Cruz De Tenerife,Spain,28.13N,15.45W
2011-03-01,17.66,0.138,Santa Cruz De Tenerife,Spain,28.13N,15.45W
2011-04-01,19.136,0.217,Santa Cruz De Tenerife,Spain,28.13N,15.45W
2011-05-01,20.976000000000006,0.575,Santa Cruz De Tenerife,Spain,28.13N,15.45W
2011-06-01,23.33,0.802,Santa Cruz De Tenerife,Spain,28.13N,15.45W
2011-07-01,23.428,0.56,Santa Cruz De Tenerife,Spain,28.13N,15.45W
2011-08-01,24.076999999999998,0.20800000000000002,Santa Cruz De Tenerife,Spain,28.13N,15.45W
2011-09-01,24.174,0.284,Santa Cruz De Tenerife,Spain,28.13N,15.45W
2011-10-01,23.364,0.44299999999999995,Santa Cruz De Tenerife,Spain,28.13N,15.45W
2011-11-01,20.397000000000002,0.441,Santa Cruz De Tenerife,Spain,28.13N,15.45W
2011-12-01,18.836,0.506,Santa Cruz De Tenerife,Spain,28.13N,15.45W
2012-01-01,17.674000000000003,0.507,Santa Cruz De Tenerife,Spain,28.13N,15.45W
2012-02-01,16.269000000000002,0.297,Santa Cruz De Tenerife,Spain,28.13N,15.45W
2012-03-01,18.463,0.634,Santa Cruz De Tenerife,Spain,28.13N,15.45W
2012-04-01,18.284,0.608,Santa Cruz De Tenerife,Spain,28.13N,15.45W
2012-05-01,21.84,0.539,Santa Cruz De Tenerife,Spain,28.13N,15.45W
2012-06-01,23.209,0.519,Santa Cruz De Tenerife,Spain,28.13N,15.45W
2012-07-01,24.391,0.26,Santa Cruz De Tenerife,Spain,28.13N,15.45W
2012-08-01,25.511000000000006,0.586,Santa Cruz De Tenerife,Spain,28.13N,15.45W
2012-09-01,24.397,0.478,Santa Cruz De Tenerife,Spain,28.13N,15.45W
2012-10-01,23.090999999999998,0.406,Santa Cruz De Tenerife,Spain,28.13N,15.45W
2012-11-01,21.103,0.447,Santa Cruz De Tenerife,Spain,28.13N,15.45W
2012-12-01,18.590999999999998,0.439,Santa Cruz De Tenerife,Spain,28.13N,15.45W
2013-01-01,17.882,0.415,Santa Cruz De Tenerife,Spain,28.13N,15.45W
2013-02-01,17.802,0.348,Santa Cruz De Tenerife,Spain,28.13N,15.45W
2013-03-01,19.169,0.41700000000000004,Santa Cruz De Tenerife,Spain,28.13N,15.45W
2013-04-01,20.127,0.64,Santa Cruz De Tenerife,Spain,28.13N,15.45W
2013-05-01,20.430999999999997,0.435,Santa Cruz De Tenerife,Spain,28.13N,15.45W
2013-06-01,21.548000000000002,0.522,Santa Cruz De Tenerife,Spain,28.13N,15.45W
2013-07-01,23.701999999999998,0.7959999999999999,Santa Cruz De Tenerife,Spain,28.13N,15.45W
2013-08-01,25.518,1.511,Santa Cruz De Tenerife,Spain,28.13N,15.45W
2013-09-01,,,Santa Cruz De Tenerife,Spain,28.13N,15.45W
1832-01-01,23.173000000000002,1.692,Santa Cruz Do Sul,Brazil,29.74S,51.69W
1832-02-01,22.93,2.661,Santa Cruz Do Sul,Brazil,29.74S,51.69W
1832-03-01,21.281,1.8259999999999998,Santa Cruz Do Sul,Brazil,29.74S,51.69W
1832-04-01,17.697,2.4819999999999998,Santa Cruz Do Sul,Brazil,29.74S,51.69W
1832-05-01,14.214,2.263,Santa Cruz Do Sul,Brazil,29.74S,51.69W
1832-06-01,12.709,2.1830000000000003,Santa Cruz Do Sul,Brazil,29.74S,51.69W
1832-07-01,12.419,2.613,Santa Cruz Do Sul,Brazil,29.74S,51.69W
1832-08-01,12.566,2.256,Santa Cruz Do Sul,Brazil,29.74S,51.69W
1832-09-01,14.067,2.548,Santa Cruz Do Sul,Brazil,29.74S,51.69W
1832-10-01,16.875999999999998,2.1,Santa Cruz Do Sul,Brazil,29.74S,51.69W
1832-11-01,19.398000000000003,1.4669999999999999,Santa Cruz Do Sul,Brazil,29.74S,51.69W
1832-12-01,21.127,3.471,Santa Cruz Do Sul,Brazil,29.74S,51.69W
1833-01-01,23.543000000000003,2.432,Santa Cruz Do Sul,Brazil,29.74S,51.69W
1833-02-01,23.888,1.9080000000000001,Santa Cruz Do Sul,Brazil,29.74S,51.69W
1833-03-01,21.337,2.471,Santa Cruz Do Sul,Brazil,29.74S,51.69W
1833-04-01,18.419,1.949,Santa Cruz Do Sul,Brazil,29.74S,51.69W
1833-05-01,14.394,1.8559999999999999,Santa Cruz Do Sul,Brazil,29.74S,51.69W
1833-06-01,12.770999999999999,2.106,Santa Cruz Do Sul,Brazil,29.74S,51.69W
1833-07-01,12.358,1.9280000000000002,Santa Cruz Do Sul,Brazil,29.74S,51.69W
1833-08-01,13.692,2.26,Santa Cruz Do Sul,Brazil,29.74S,51.69W
1833-09-01,15.284,1.849,Santa Cruz Do Sul,Brazil,29.74S,51.69W
1833-10-01,17.035999999999998,1.791,Santa Cruz Do Sul,Brazil,29.74S,51.69W
1833-11-01,21.910999999999998,1.787,Santa Cruz Do Sul,Brazil,29.74S,51.69W
1833-12-01,23.058000000000003,2.327,Santa Cruz Do Sul,Brazil,29.74S,51.69W
1834-01-01,22.296,1.932,Santa Cruz Do Sul,Brazil,29.74S,51.69W
1834-02-01,23.189,2.09,Santa Cruz Do Sul,Brazil,29.74S,51.69W
1834-03-01,21.871,2.254,Santa Cruz Do Sul,Brazil,29.74S,51.69W
1834-04-01,18.067,2.186,Santa Cruz Do Sul,Brazil,29.74S,51.69W
1834-05-01,15.482999999999999,1.9240000000000002,Santa Cruz Do Sul,Brazil,29.74S,51.69W
1834-06-01,11.944,2.484,Santa Cruz Do Sul,Brazil,29.74S,51.69W
1834-07-01,12.816,2.074,Santa Cruz Do Sul,Brazil,29.74S,51.69W
1834-08-01,13.135,1.7590000000000001,Santa Cruz Do Sul,Brazil,29.74S,51.69W
1834-09-01,15.169,2.37,Santa Cruz Do Sul,Brazil,29.74S,51.69W
1834-10-01,16.747,1.666,Santa Cruz Do Sul,Brazil,29.74S,51.69W
1834-11-01,20.130000000000006,2.255,Santa Cruz Do Sul,Brazil,29.74S,51.69W
1834-12-01,22.601,1.709,Santa Cruz Do Sul,Brazil,29.74S,51.69W
1835-01-01,23.802,1.659,Santa Cruz Do Sul,Brazil,29.74S,51.69W
1835-02-01,23.489,2.115,Santa Cruz Do Sul,Brazil,29.74S,51.69W
1835-03-01,20.327,2.003,Santa Cruz Do Sul,Brazil,29.74S,51.69W
1835-04-01,17.426,2.219,Santa Cruz Do Sul,Brazil,29.74S,51.69W
1835-05-01,13.77,1.78,Santa Cruz Do Sul,Brazil,29.74S,51.69W
1835-06-01,11.731,2.095,Santa Cruz Do Sul,Brazil,29.74S,51.69W
1835-07-01,12.178999999999998,2.27,Santa Cruz Do Sul,Brazil,29.74S,51.69W
1835-08-01,12.843,1.8719999999999999,Santa Cruz Do Sul,Brazil,29.74S,51.69W
1835-09-01,13.194,1.6780000000000002,Santa Cruz Do Sul,Brazil,29.74S,51.69W
1835-10-01,16.344,1.578,Santa Cruz Do Sul,Brazil,29.74S,51.69W
1835-11-01,18.873,1.825,Santa Cruz Do Sul,Brazil,29.74S,51.69W
1835-12-01,20.636,1.7069999999999999,Santa Cruz Do Sul,Brazil,29.74S,51.69W
1836-01-01,23.267,1.405,Santa Cruz Do Sul,Brazil,29.74S,51.69W
1836-02-01,23.236,1.864,Santa Cruz Do Sul,Brazil,29.74S,51.69W
1836-03-01,21.909000000000002,1.535,Santa Cruz Do Sul,Brazil,29.74S,51.69W
1836-04-01,17.099999999999998,1.642,Santa Cruz Do Sul,Brazil,29.74S,51.69W
1836-05-01,13.459000000000001,1.784,Santa Cruz Do Sul,Brazil,29.74S,51.69W
1836-06-01,12.09,1.7830000000000001,Santa Cruz Do Sul,Brazil,29.74S,51.69W
1836-07-01,12.787,2.344,Santa Cruz Do Sul,Brazil,29.74S,51.69W
1836-08-01,13.296,2.2840000000000003,Santa Cruz Do Sul,Brazil,29.74S,51.69W
1836-09-01,13.76,2.049,Santa Cruz Do Sul,Brazil,29.74S,51.69W
1836-10-01,16.798,3.602,Santa Cruz Do Sul,Brazil,29.74S,51.69W
1836-11-01,18.844,1.764,Santa Cruz Do Sul,Brazil,29.74S,51.69W
1836-12-01,22.01,2.193,Santa Cruz Do Sul,Brazil,29.74S,51.69W
1837-01-01,23.31,1.893,Santa Cruz Do Sul,Brazil,29.74S,51.69W
1837-02-01,22.581999999999997,2.0780000000000003,Santa Cruz Do Sul,Brazil,29.74S,51.69W
1837-03-01,19.94,1.829,Santa Cruz Do Sul,Brazil,29.74S,51.69W
1837-04-01,16.5,1.6469999999999998,Santa Cruz Do Sul,Brazil,29.74S,51.69W
1837-05-01,13.782,1.956,Santa Cruz Do Sul,Brazil,29.74S,51.69W
1837-06-01,11.292000000000002,2.201,Santa Cruz Do Sul,Brazil,29.74S,51.69W
1837-07-01,11.861,1.857,Santa Cruz Do Sul,Brazil,29.74S,51.69W
1837-08-01,13.039000000000001,1.632,Santa Cruz Do Sul,Brazil,29.74S,51.69W
1837-09-01,14.284,1.611,Santa Cruz Do Sul,Brazil,29.74S,51.69W
1837-10-01,16.489,2.285,Santa Cruz Do Sul,Brazil,29.74S,51.69W
1837-11-01,19.142000000000003,2.017,Santa Cruz Do Sul,Brazil,29.74S,51.69W
1837-12-01,21.585,3.013,Santa Cruz Do Sul,Brazil,29.74S,51.69W
1838-01-01,21.333000000000002,2.219,Santa Cruz Do Sul,Brazil,29.74S,51.69W
1838-02-01,22.178,1.651,Santa Cruz Do Sul,Brazil,29.74S,51.69W
1838-03-01,20.122,1.719,Santa Cruz Do Sul,Brazil,29.74S,51.69W
1838-04-01,17.46,1.611,Santa Cruz Do Sul,Brazil,29.74S,51.69W
1838-05-01,13.466,1.7,Santa Cruz Do Sul,Brazil,29.74S,51.69W
1838-06-01,12.456,1.9180000000000001,Santa Cruz Do Sul,Brazil,29.74S,51.69W
1838-07-01,12.896,2.945,Santa Cruz Do Sul,Brazil,29.74S,51.69W
1838-08-01,12.985,2.654,Santa Cruz Do Sul,Brazil,29.74S,51.69W
1838-09-01,14.624,1.645,Santa Cruz Do Sul,Brazil,29.74S,51.69W
1838-10-01,17.217,2.927,Santa Cruz Do Sul,Brazil,29.74S,51.69W
1838-11-01,19.514000000000006,2.187,Santa Cruz Do Sul,Brazil,29.74S,51.69W
1838-12-01,22.288,2.3480000000000003,Santa Cruz Do Sul,Brazil,29.74S,51.69W
1839-01-01,23.139,1.682,Santa Cruz Do Sul,Brazil,29.74S,51.69W
1839-02-01,23.419,2.0269999999999997,Santa Cruz Do Sul,Brazil,29.74S,51.69W
1839-03-01,19.676,1.6880000000000002,Santa Cruz Do Sul,Brazil,29.74S,51.69W
1839-04-01,17.993,1.805,Santa Cruz Do Sul,Brazil,29.74S,51.69W
1839-05-01,14.245999999999999,1.636,Santa Cruz Do Sul,Brazil,29.74S,51.69W
1839-06-01,12.220999999999998,1.7169999999999999,Santa Cruz Do Sul,Brazil,29.74S,51.69W
1839-07-01,12.312000000000001,2.824,Santa Cruz Do Sul,Brazil,29.74S,51.69W
1839-08-01,13.524000000000001,2.114,Santa Cruz Do Sul,Brazil,29.74S,51.69W
1839-09-01,13.995,1.662,Santa Cruz Do Sul,Brazil,29.74S,51.69W
1839-10-01,16.273,2.004,Santa Cruz Do Sul,Brazil,29.74S,51.69W
1839-11-01,18.641,1.8880000000000001,Santa Cruz Do Sul,Brazil,29.74S,51.69W
1839-12-01,20.895,2.01,Santa Cruz Do Sul,Brazil,29.74S,51.69W
1840-01-01,23.597,1.6380000000000001,Santa Cruz Do Sul,Brazil,29.74S,51.69W
1840-02-01,23.005,2.083,Santa Cruz Do Sul,Brazil,29.74S,51.69W
1840-03-01,20.08,1.4909999999999999,Santa Cruz Do Sul,Brazil,29.74S,51.69W
1840-04-01,17.901999999999994,2.085,Santa Cruz Do Sul,Brazil,29.74S,51.69W
1840-05-01,15.075999999999999,1.9140000000000001,Santa Cruz Do Sul,Brazil,29.74S,51.69W
1840-06-01,12.847,1.861,Santa Cruz Do Sul,Brazil,29.74S,51.69W
1840-07-01,12.875,1.8359999999999999,Santa Cruz Do Sul,Brazil,29.74S,51.69W
1840-08-01,12.775,1.694,Santa Cruz Do Sul,Brazil,29.74S,51.69W
1840-09-01,14.747,1.635,Santa Cruz Do Sul,Brazil,29.74S,51.69W
1840-10-01,17.079,2.189,Santa Cruz Do Sul,Brazil,29.74S,51.69W
1840-11-01,19.387,2.593,Santa Cruz Do Sul,Brazil,29.74S,51.69W
1840-12-01,22.06,2.1390000000000002,Santa Cruz Do Sul,Brazil,29.74S,51.69W
1841-01-01,22.545,1.849,Santa Cruz Do Sul,Brazil,29.74S,51.69W
1841-02-01,22.516,1.545,Santa Cruz Do Sul,Brazil,29.74S,51.69W
1841-03-01,20.991,3.0789999999999997,Santa Cruz Do Sul,Brazil,29.74S,51.69W
1841-04-01,17.79,1.95,Santa Cruz Do Sul,Brazil,29.74S,51.69W
1841-05-01,14.523,1.703,Santa Cruz Do Sul,Brazil,29.74S,51.69W
1841-06-01,12.415999999999999,1.7380000000000002,Santa Cruz Do Sul,Brazil,29.74S,51.69W
1841-07-01,12.718,1.871,Santa Cruz Do Sul,Brazil,29.74S,51.69W
1841-08-01,13.441,1.67,Santa Cruz Do Sul,Brazil,29.74S,51.69W
1841-09-01,14.328,1.429,Santa Cruz Do Sul,Brazil,29.74S,51.69W
1841-10-01,16.9,1.605,Santa Cruz Do Sul,Brazil,29.74S,51.69W
1841-11-01,19.451,1.382,Santa Cruz Do Sul,Brazil,29.74S,51.69W
1841-12-01,21.231,2.194,Santa Cruz Do Sul,Brazil,29.74S,51.69W
1842-01-01,23.218000000000004,1.643,Santa Cruz Do Sul,Brazil,29.74S,51.69W
1842-02-01,23.291,1.692,Santa Cruz Do Sul,Brazil,29.74S,51.69W
1842-03-01,22.574,2.079,Santa Cruz Do Sul,Brazil,29.74S,51.69W
1842-04-01,18.717,1.8459999999999999,Santa Cruz Do Sul,Brazil,29.74S,51.69W
1842-05-01,14.477,1.7380000000000002,Santa Cruz Do Sul,Brazil,29.74S,51.69W
1842-06-01,12.911,2.188,Santa Cruz Do Sul,Brazil,29.74S,51.69W
1842-07-01,12.674000000000001,2.154,Santa Cruz Do Sul,Brazil,29.74S,51.69W
1842-08-01,13.285,1.671,Santa Cruz Do Sul,Brazil,29.74S,51.69W
1842-09-01,13.695,1.745,Santa Cruz Do Sul,Brazil,29.74S,51.69W
1842-10-01,16.652,1.535,Santa Cruz Do Sul,Brazil,29.74S,51.69W
1842-11-01,19.587000000000003,1.643,Santa Cruz Do Sul,Brazil,29.74S,51.69W
1842-12-01,22.603,1.615,Santa Cruz Do Sul,Brazil,29.74S,51.69W
1843-01-01,24.154,1.587,Santa Cruz Do Sul,Brazil,29.74S,51.69W
1843-02-01,24.483,1.589,Santa Cruz Do Sul,Brazil,29.74S,51.69W
1843-03-01,21.476999999999997,1.6030000000000002,Santa Cruz Do Sul,Brazil,29.74S,51.69W
1843-04-01,17.88,1.6280000000000001,Santa Cruz Do Sul,Brazil,29.74S,51.69W
1843-05-01,14.823,2.373,Santa Cruz Do Sul,Brazil,29.74S,51.69W
1843-06-01,12.075999999999999,1.781,Santa Cruz Do Sul,Brazil,29.74S,51.69W
1843-07-01,11.831,1.9169999999999998,Santa Cruz Do Sul,Brazil,29.74S,51.69W
1843-08-01,13.572000000000001,1.929,Santa Cruz Do Sul,Brazil,29.74S,51.69W
1843-09-01,14.956,1.495,Santa Cruz Do Sul,Brazil,29.74S,51.69W
1843-10-01,17.049,1.665,Santa Cruz Do Sul,Brazil,29.74S,51.69W
1843-11-01,19.781,1.337,Santa Cruz Do Sul,Brazil,29.74S,51.69W
1843-12-01,23.114,2.265,Santa Cruz Do Sul,Brazil,29.74S,51.69W
1844-01-01,,,Santa Cruz Do Sul,Brazil,29.74S,51.69W
1844-02-01,,,Santa Cruz Do Sul,Brazil,29.74S,51.69W
1844-03-01,,,Santa Cruz Do Sul,Brazil,29.74S,51.69W
1844-04-01,,,Santa Cruz Do Sul,Brazil,29.74S,51.69W
1844-05-01,,,Santa Cruz Do Sul,Brazil,29.74S,51.69W
1844-06-01,,,Santa Cruz Do Sul,Brazil,29.74S,51.69W
1844-07-01,,,Santa Cruz Do Sul,Brazil,29.74S,51.69W
1844-08-01,,,Santa Cruz Do Sul,Brazil,29.74S,51.69W
1844-09-01,,,Santa Cruz Do Sul,Brazil,29.74S,51.69W
1844-10-01,,,Santa Cruz Do Sul,Brazil,29.74S,51.69W
1844-11-01,,,Santa Cruz Do Sul,Brazil,29.74S,51.69W
1844-12-01,,,Santa Cruz Do Sul,Brazil,29.74S,51.69W
1845-01-01,,,Santa Cruz Do Sul,Brazil,29.74S,51.69W
1845-02-01,,,Santa Cruz Do Sul,Brazil,29.74S,51.69W
1845-03-01,,,Santa Cruz Do Sul,Brazil,29.74S,51.69W
1845-04-01,,,Santa Cruz Do Sul,Brazil,29.74S,51.69W
1845-05-01,,,Santa Cruz Do Sul,Brazil,29.74S,51.69W
1845-06-01,,,Santa Cruz Do Sul,Brazil,29.74S,51.69W
1845-07-01,,,Santa Cruz Do Sul,Brazil,29.74S,51.69W
1845-08-01,,,Santa Cruz Do Sul,Brazil,29.74S,51.69W
1845-09-01,,,Santa Cruz Do Sul,Brazil,29.74S,51.69W
1845-10-01,,,Santa Cruz Do Sul,Brazil,29.74S,51.69W
1845-11-01,,,Santa Cruz Do Sul,Brazil,29.74S,51.69W
1845-12-01,,,Santa Cruz Do Sul,Brazil,29.74S,51.69W
1846-01-01,,,Santa Cruz Do Sul,Brazil,29.74S,51.69W
1846-02-01,,,Santa Cruz Do Sul,Brazil,29.74S,51.69W
1846-03-01,,,Santa Cruz Do Sul,Brazil,29.74S,51.69W
1846-04-01,,,Santa Cruz Do Sul,Brazil,29.74S,51.69W
1846-05-01,,,Santa Cruz Do Sul,Brazil,29.74S,51.69W
1846-06-01,,,Santa Cruz Do Sul,Brazil,29.74S,51.69W
1846-07-01,,,Santa Cruz Do Sul,Brazil,29.74S,51.69W
1846-08-01,,,Santa Cruz Do Sul,Brazil,29.74S,51.69W
1846-09-01,,,Santa Cruz Do Sul,Brazil,29.74S,51.69W
1846-10-01,,,Santa Cruz Do Sul,Brazil,29.74S,51.69W
1846-11-01,,,Santa Cruz Do Sul,Brazil,29.74S,51.69W
1846-12-01,,,Santa Cruz Do Sul,Brazil,29.74S,51.69W
1847-01-01,,,Santa Cruz Do Sul,Brazil,29.74S,51.69W
1847-02-01,,,Santa Cruz Do Sul,Brazil,29.74S,51.69W
1847-03-01,,,Santa Cruz Do Sul,Brazil,29.74S,51.69W
1847-04-01,,,Santa Cruz Do Sul,Brazil,29.74S,51.69W
1847-05-01,,,Santa Cruz Do Sul,Brazil,29.74S,51.69W
1847-06-01,,,Santa Cruz Do Sul,Brazil,29.74S,51.69W
1847-07-01,,,Santa Cruz Do Sul,Brazil,29.74S,51.69W
1847-08-01,,,Santa Cruz Do Sul,Brazil,29.74S,51.69W
1847-09-01,,,Santa Cruz Do Sul,Brazil,29.74S,51.69W
1847-10-01,,,Santa Cruz Do Sul,Brazil,29.74S,51.69W
1847-11-01,,,Santa Cruz Do Sul,Brazil,29.74S,51.69W
1847-12-01,,,Santa Cruz Do Sul,Brazil,29.74S,51.69W
1848-01-01,,,Santa Cruz Do Sul,Brazil,29.74S,51.69W
1848-02-01,,,Santa Cruz Do Sul,Brazil,29.74S,51.69W
1848-03-01,,,Santa Cruz Do Sul,Brazil,29.74S,51.69W
1848-04-01,,,Santa Cruz Do Sul,Brazil,29.74S,51.69W
1848-05-01,,,Santa Cruz Do Sul,Brazil,29.74S,51.69W
1848-06-01,,,Santa Cruz Do Sul,Brazil,29.74S,51.69W
1848-07-01,,,Santa Cruz Do Sul,Brazil,29.74S,51.69W
1848-08-01,,,Santa Cruz Do Sul,Brazil,29.74S,51.69W
1848-09-01,,,Santa Cruz Do Sul,Brazil,29.74S,51.69W
1848-10-01,,,Santa Cruz Do Sul,Brazil,29.74S,51.69W
1848-11-01,,,Santa Cruz Do Sul,Brazil,29.74S,51.69W
1848-12-01,,,Santa Cruz Do Sul,Brazil,29.74S,51.69W
1849-01-01,,,Santa Cruz Do Sul,Brazil,29.74S,51.69W
1849-02-01,,,Santa Cruz Do Sul,Brazil,29.74S,51.69W
1849-03-01,,,Santa Cruz Do Sul,Brazil,29.74S,51.69W
1849-04-01,,,Santa Cruz Do Sul,Brazil,29.74S,51.69W
1849-05-01,,,Santa Cruz Do Sul,Brazil,29.74S,51.69W
1849-06-01,,,Santa Cruz Do Sul,Brazil,29.74S,51.69W
1849-07-01,,,Santa Cruz Do Sul,Brazil,29.74S,51.69W
1849-08-01,,,Santa Cruz Do Sul,Brazil,29.74S,51.69W
1849-09-01,,,Santa Cruz Do Sul,Brazil,29.74S,51.69W
1849-10-01,,,Santa Cruz Do Sul,Brazil,29.74S,51.69W
1849-11-01,,,Santa Cruz Do Sul,Brazil,29.74S,51.69W
1849-12-01,,,Santa Cruz Do Sul,Brazil,29.74S,51.69W
1850-01-01,,,Santa Cruz Do Sul,Brazil,29.74S,51.69W
1850-02-01,,,Santa Cruz Do Sul,Brazil,29.74S,51.69W
1850-03-01,,,Santa Cruz Do Sul,Brazil,29.74S,51.69W
1850-04-01,,,Santa Cruz Do Sul,Brazil,29.74S,51.69W
1850-05-01,,,Santa Cruz Do Sul,Brazil,29.74S,51.69W
1850-06-01,,,Santa Cruz Do Sul,Brazil,29.74S,51.69W
1850-07-01,,,Santa Cruz Do Sul,Brazil,29.74S,51.69W
1850-08-01,,,Santa Cruz Do Sul,Brazil,29.74S,51.69W
1850-09-01,,,Santa Cruz Do Sul,Brazil,29.74S,51.69W
1850-10-01,,,Santa Cruz Do Sul,Brazil,29.74S,51.69W
1850-11-01,,,Santa Cruz Do Sul,Brazil,29.74S,51.69W
1850-12-01,,,Santa Cruz Do Sul,Brazil,29.74S,51.69W
1851-01-01,23.789,1.364,Santa Cruz Do Sul,Brazil,29.74S,51.69W
1851-02-01,23.373,1.4869999999999999,Santa Cruz Do Sul,Brazil,29.74S,51.69W
1851-03-01,20.95,1.548,Santa Cruz Do Sul,Brazil,29.74S,51.69W
1851-04-01,18.26,2.157,Santa Cruz Do Sul,Brazil,29.74S,51.69W
1851-05-01,14.959000000000001,1.6580000000000001,Santa Cruz Do Sul,Brazil,29.74S,51.69W
1851-06-01,12.654000000000002,1.715,Santa Cruz Do Sul,Brazil,29.74S,51.69W
1851-07-01,13.121,2.041,Santa Cruz Do Sul,Brazil,29.74S,51.69W
1851-08-01,13.696,1.776,Santa Cruz Do Sul,Brazil,29.74S,51.69W
1851-09-01,14.862,1.588,Santa Cruz Do Sul,Brazil,29.74S,51.69W
1851-10-01,17.573999999999998,2.064,Santa Cruz Do Sul,Brazil,29.74S,51.69W
1851-11-01,19.558,1.501,Santa Cruz Do Sul,Brazil,29.74S,51.69W
1851-12-01,22.007,2.6630000000000003,Santa Cruz Do Sul,Brazil,29.74S,51.69W
1852-01-01,23.429000000000002,2.2030000000000003,Santa Cruz Do Sul,Brazil,29.74S,51.69W
1852-02-01,22.988000000000003,1.4969999999999999,Santa Cruz Do Sul,Brazil,29.74S,51.69W
1852-03-01,21.206999999999997,2.217,Santa Cruz Do Sul,Brazil,29.74S,51.69W
1852-04-01,17.919,1.642,Santa Cruz Do Sul,Brazil,29.74S,51.69W
1852-05-01,15.182,1.714,Santa Cruz Do Sul,Brazil,29.74S,51.69W
1852-06-01,12.998,1.87,Santa Cruz Do Sul,Brazil,29.74S,51.69W
1852-07-01,12.96,1.926,Santa Cruz Do Sul,Brazil,29.74S,51.69W
1852-08-01,13.226,1.6480000000000001,Santa Cruz Do Sul,Brazil,29.74S,51.69W
1852-09-01,14.958,1.571,Santa Cruz Do Sul,Brazil,29.74S,51.69W
1852-10-01,17.222,1.6159999999999999,Santa Cruz Do Sul,Brazil,29.74S,51.69W
1852-11-01,19.834000000000003,1.915,Santa Cruz Do Sul,Brazil,29.74S,51.69W
1852-12-01,23.237,1.9080000000000001,Santa Cruz Do Sul,Brazil,29.74S,51.69W
1853-01-01,23.233,1.507,Santa Cruz Do Sul,Brazil,29.74S,51.69W
1853-02-01,22.452,1.6269999999999998,Santa Cruz Do Sul,Brazil,29.74S,51.69W
1853-03-01,20.706999999999997,1.766,Santa Cruz Do Sul,Brazil,29.74S,51.69W
1853-04-01,18.332,1.857,Santa Cruz Do Sul,Brazil,29.74S,51.69W
1853-05-01,14.725,1.639,Santa Cruz Do Sul,Brazil,29.74S,51.69W
1853-06-01,12.845999999999998,1.7280000000000002,Santa Cruz Do Sul,Brazil,29.74S,51.69W
1853-07-01,13.227,1.756,Santa Cruz Do Sul,Brazil,29.74S,51.69W
1853-08-01,14.183,1.719,Santa Cruz Do Sul,Brazil,29.74S,51.69W
1853-09-01,15.663,1.651,Santa Cruz Do Sul,Brazil,29.74S,51.69W
1853-10-01,17.352999999999998,1.5490000000000002,Santa Cruz Do Sul,Brazil,29.74S,51.69W
1853-11-01,20.239,2.069,Santa Cruz Do Sul,Brazil,29.74S,51.69W
1853-12-01,22.041,1.537,Santa Cruz Do Sul,Brazil,29.74S,51.69W
1854-01-01,22.46,1.745,Santa Cruz Do Sul,Brazil,29.74S,51.69W
1854-02-01,22.789,1.7630000000000001,Santa Cruz Do Sul,Brazil,29.74S,51.69W
1854-03-01,21.22,1.655,Santa Cruz Do Sul,Brazil,29.74S,51.69W
1854-04-01,18.51,1.642,Santa Cruz Do Sul,Brazil,29.74S,51.69W
1854-05-01,15.002,1.6569999999999998,Santa Cruz Do Sul,Brazil,29.74S,51.69W
1854-06-01,12.792,1.9709999999999999,Santa Cruz Do Sul,Brazil,29.74S,51.69W
1854-07-01,13.235,1.8869999999999998,Santa Cruz Do Sul,Brazil,29.74S,51.69W
1854-08-01,13.979000000000001,1.7690000000000001,Santa Cruz Do Sul,Brazil,29.74S,51.69W
1854-09-01,15.440999999999999,1.5930000000000002,Santa Cruz Do Sul,Brazil,29.74S,51.69W
1854-10-01,18.581,1.58,Santa Cruz Do Sul,Brazil,29.74S,51.69W
1854-11-01,20.302000000000003,1.46,Santa Cruz Do Sul,Brazil,29.74S,51.69W
1854-12-01,22.419,2.077,Santa Cruz Do Sul,Brazil,29.74S,51.69W
1855-01-01,24.049,1.857,Santa Cruz Do Sul,Brazil,29.74S,51.69W
1855-02-01,23.629,1.6669999999999998,Santa Cruz Do Sul,Brazil,29.74S,51.69W
1855-03-01,21.932,1.531,Santa Cruz Do Sul,Brazil,29.74S,51.69W
1855-04-01,19.0,1.7380000000000002,Santa Cruz Do Sul,Brazil,29.74S,51.69W
1855-05-01,15.144,1.392,Santa Cruz Do Sul,Brazil,29.74S,51.69W
1855-06-01,12.697,1.9880000000000002,Santa Cruz Do Sul,Brazil,29.74S,51.69W
1855-07-01,12.403,1.4369999999999998,Santa Cruz Do Sul,Brazil,29.74S,51.69W
1855-08-01,13.924000000000001,1.3030000000000002,Santa Cruz Do Sul,Brazil,29.74S,51.69W
1855-09-01,14.918,1.075,Santa Cruz Do Sul,Brazil,29.74S,51.69W
1855-10-01,17.162,1.6869999999999998,Santa Cruz Do Sul,Brazil,29.74S,51.69W
1855-11-01,19.975,1.14,Santa Cruz Do Sul,Brazil,29.74S,51.69W
1855-12-01,20.39,2.224,Santa Cruz Do Sul,Brazil,29.74S,51.69W
1856-01-01,23.016,1.065,Santa Cruz Do Sul,Brazil,29.74S,51.69W
1856-02-01,22.086,1.311,Santa Cruz Do Sul,Brazil,29.74S,51.69W
1856-03-01,20.95,1.985,Santa Cruz Do Sul,Brazil,29.74S,51.69W
1856-04-01,18.45,1.2,Santa Cruz Do Sul,Brazil,29.74S,51.69W
1856-05-01,14.319,1.046,Santa Cruz Do Sul,Brazil,29.74S,51.69W
1856-06-01,13.232,1.001,Santa Cruz Do Sul,Brazil,29.74S,51.69W
1856-07-01,12.314,1.21,Santa Cruz Do Sul,Brazil,29.74S,51.69W
1856-08-01,13.487,1.8419999999999999,Santa Cruz Do Sul,Brazil,29.74S,51.69W
1856-09-01,14.757,1.6019999999999999,Santa Cruz Do Sul,Brazil,29.74S,51.69W
1856-10-01,16.805,1.1440000000000001,Santa Cruz Do Sul,Brazil,29.74S,51.69W
1856-11-01,20.424000000000003,1.306,Santa Cruz Do Sul,Brazil,29.74S,51.69W
1856-12-01,21.686,1.899,Santa Cruz Do Sul,Brazil,29.74S,51.69W
1857-01-01,22.858,1.301,Santa Cruz Do Sul,Brazil,29.74S,51.69W
1857-02-01,22.369,1.335,Santa Cruz Do Sul,Brazil,29.74S,51.69W
1857-03-01,22.291,2.438,Santa Cruz Do Sul,Brazil,29.74S,51.69W
1857-04-01,16.996,1.686,Santa Cruz Do Sul,Brazil,29.74S,51.69W
1857-05-01,14.943,1.7069999999999999,Santa Cruz Do Sul,Brazil,29.74S,51.69W
1857-06-01,14.093,2.327,Santa Cruz Do Sul,Brazil,29.74S,51.69W
1857-07-01,14.057,2.656,Santa Cruz Do Sul,Brazil,29.74S,51.69W
1857-08-01,13.899000000000001,2.1,Santa Cruz Do Sul,Brazil,29.74S,51.69W
1857-09-01,15.527999999999999,2.349,Santa Cruz Do Sul,Brazil,29.74S,51.69W
1857-10-01,17.535,1.9269999999999998,Santa Cruz Do Sul,Brazil,29.74S,51.69W
1857-11-01,21.855999999999998,2.086,Santa Cruz Do Sul,Brazil,29.74S,51.69W
1857-12-01,22.123,0.951,Santa Cruz Do Sul,Brazil,29.74S,51.69W
1858-01-01,23.914,3.332,Santa Cruz Do Sul,Brazil,29.74S,51.69W
1858-02-01,23.616999999999997,1.62,Santa Cruz Do Sul,Brazil,29.74S,51.69W
1858-03-01,21.549,1.028,Santa Cruz Do Sul,Brazil,29.74S,51.69W
1858-04-01,18.517,1.9569999999999999,Santa Cruz Do Sul,Brazil,29.74S,51.69W
1858-05-01,14.734000000000002,1.376,Santa Cruz Do Sul,Brazil,29.74S,51.69W
1858-06-01,11.917000000000002,1.485,Santa Cruz Do Sul,Brazil,29.74S,51.69W
1858-07-01,11.436,1.19,Santa Cruz Do Sul,Brazil,29.74S,51.69W
1858-08-01,13.451,1.26,Santa Cruz Do Sul,Brazil,29.74S,51.69W
1858-09-01,14.742,2.843,Santa Cruz Do Sul,Brazil,29.74S,51.69W
1858-10-01,16.141,1.7790000000000001,Santa Cruz Do Sul,Brazil,29.74S,51.69W
1858-11-01,18.298,2.419,Santa Cruz Do Sul,Brazil,29.74S,51.69W
1858-12-01,19.795,1.3019999999999998,Santa Cruz Do Sul,Brazil,29.74S,51.69W
1859-01-01,21.335,1.989,Santa Cruz Do Sul,Brazil,29.74S,51.69W
1859-02-01,21.463,1.8730000000000002,Santa Cruz Do Sul,Brazil,29.74S,51.69W
1859-03-01,21.633000000000003,1.62,Santa Cruz Do Sul,Brazil,29.74S,51.69W
1859-04-01,18.981,1.212,Santa Cruz Do Sul,Brazil,29.74S,51.69W
1859-05-01,15.283,1.093,Santa Cruz Do Sul,Brazil,29.74S,51.69W
1859-06-01,13.075,1.367,Santa Cruz Do Sul,Brazil,29.74S,51.69W
1859-07-01,12.912,1.6440000000000001,Santa Cruz Do Sul,Brazil,29.74S,51.69W
1859-08-01,13.399000000000001,1.499,Santa Cruz Do Sul,Brazil,29.74S,51.69W
1859-09-01,14.95,0.8340000000000001,Santa Cruz Do Sul,Brazil,29.74S,51.69W
1859-10-01,17.805999999999997,1.195,Santa Cruz Do Sul,Brazil,29.74S,51.69W
1859-11-01,19.646,0.894,Santa Cruz Do Sul,Brazil,29.74S,51.69W
1859-12-01,21.888,1.5030000000000001,Santa Cruz Do Sul,Brazil,29.74S,51.69W
1860-01-01,23.406999999999996,1.591,Santa Cruz Do Sul,Brazil,29.74S,51.69W
1860-02-01,22.736,1.143,Santa Cruz Do Sul,Brazil,29.74S,51.69W
1860-03-01,20.382,1.9680000000000002,Santa Cruz Do Sul,Brazil,29.74S,51.69W
1860-04-01,17.256,2.5540000000000003,Santa Cruz Do Sul,Brazil,29.74S,51.69W
1860-05-01,13.633,1.624,Santa Cruz Do Sul,Brazil,29.74S,51.69W
1860-06-01,12.407,1.208,Santa Cruz Do Sul,Brazil,29.74S,51.69W
1860-07-01,13.234000000000002,0.981,Santa Cruz Do Sul,Brazil,29.74S,51.69W
1860-08-01,15.028,1.449,Santa Cruz Do Sul,Brazil,29.74S,51.69W
1860-09-01,15.988,1.7919999999999998,Santa Cruz Do Sul,Brazil,29.74S,51.69W
1860-10-01,18.219,1.188,Santa Cruz Do Sul,Brazil,29.74S,51.69W
1860-11-01,19.653,0.8959999999999999,Santa Cruz Do Sul,Brazil,29.74S,51.69W
1860-12-01,21.165,1.452,Santa Cruz Do Sul,Brazil,29.74S,51.69W
1861-01-01,22.675,1.7480000000000002,Santa Cruz Do Sul,Brazil,29.74S,51.69W
1861-02-01,23.187,1.112,Santa Cruz Do Sul,Brazil,29.74S,51.69W
1861-03-01,21.636999999999997,1.311,Santa Cruz Do Sul,Brazil,29.74S,51.69W
1861-04-01,18.795,0.765,Santa Cruz Do Sul,Brazil,29.74S,51.69W
1861-05-01,13.898,0.883,Santa Cruz Do Sul,Brazil,29.74S,51.69W
1861-06-01,12.092,1.58,Santa Cruz Do Sul,Brazil,29.74S,51.69W
1861-07-01,11.425,1.4780000000000002,Santa Cruz Do Sul,Brazil,29.74S,51.69W
1861-08-01,15.386,1.787,Santa Cruz Do Sul,Brazil,29.74S,51.69W
1861-09-01,15.133,0.794,Santa Cruz Do Sul,Brazil,29.74S,51.69W
1861-10-01,16.334,0.846,Santa Cruz Do Sul,Brazil,29.74S,51.69W
1861-11-01,19.32,1.499,Santa Cruz Do Sul,Brazil,29.74S,51.69W
1861-12-01,21.351,2.081,Santa Cruz Do Sul,Brazil,29.74S,51.69W
1862-01-01,22.501,1.194,Santa Cruz Do Sul,Brazil,29.74S,51.69W
1862-02-01,22.473000000000003,1.526,Santa Cruz Do Sul,Brazil,29.74S,51.69W
1862-03-01,22.273000000000003,0.982,Santa Cruz Do Sul,Brazil,29.74S,51.69W
1862-04-01,19.205,1.345,Santa Cruz Do Sul,Brazil,29.74S,51.69W
1862-05-01,16.06,2.43,Santa Cruz Do Sul,Brazil,29.74S,51.69W
1862-06-01,13.767,2.548,Santa Cruz Do Sul,Brazil,29.74S,51.69W
1862-07-01,10.962,1.472,Santa Cruz Do Sul,Brazil,29.74S,51.69W
1862-08-01,12.380999999999998,1.482,Santa Cruz Do Sul,Brazil,29.74S,51.69W
1862-09-01,13.822000000000001,1.291,Santa Cruz Do Sul,Brazil,29.74S,51.69W
1862-10-01,16.909000000000002,1.0590000000000002,Santa Cruz Do Sul,Brazil,29.74S,51.69W
1862-11-01,19.812,1.556,Santa Cruz Do Sul,Brazil,29.74S,51.69W
1862-12-01,21.398000000000003,1.485,Santa Cruz Do Sul,Brazil,29.74S,51.69W
1863-01-01,23.003,1.6119999999999999,Santa Cruz Do Sul,Brazil,29.74S,51.69W
1863-02-01,22.975,2.991,Santa Cruz Do Sul,Brazil,29.74S,51.69W
1863-03-01,20.317999999999998,0.7559999999999999,Santa Cruz Do Sul,Brazil,29.74S,51.69W
1863-04-01,18.018,1.389,Santa Cruz Do Sul,Brazil,29.74S,51.69W
1863-05-01,13.948,1.662,Santa Cruz Do Sul,Brazil,29.74S,51.69W
1863-06-01,12.953,2.391,Santa Cruz Do Sul,Brazil,29.74S,51.69W
1863-07-01,11.908,1.758,Santa Cruz Do Sul,Brazil,29.74S,51.69W
1863-08-01,13.05,1.34,Santa Cruz Do Sul,Brazil,29.74S,51.69W
1863-09-01,14.017000000000001,1.8019999999999998,Santa Cruz Do Sul,Brazil,29.74S,51.69W
1863-10-01,16.521,0.987,Santa Cruz Do Sul,Brazil,29.74S,51.69W
1863-11-01,19.776000000000003,1.1740000000000002,Santa Cruz Do Sul,Brazil,29.74S,51.69W
1863-12-01,22.026,1.3940000000000001,Santa Cruz Do Sul,Brazil,29.74S,51.69W
1864-01-01,22.481,1.181,Santa Cruz Do Sul,Brazil,29.74S,51.69W
1864-02-01,23.054000000000002,1.6130000000000002,Santa Cruz Do Sul,Brazil,29.74S,51.69W
1864-03-01,22.05,1.69,Santa Cruz Do Sul,Brazil,29.74S,51.69W
1864-04-01,17.68,1.4180000000000001,Santa Cruz Do Sul,Brazil,29.74S,51.69W
1864-05-01,15.477,0.9420000000000001,Santa Cruz Do Sul,Brazil,29.74S,51.69W
1864-06-01,12.792,1.5,Santa Cruz Do Sul,Brazil,29.74S,51.69W
1864-07-01,11.964,1.253,Santa Cruz Do Sul,Brazil,29.74S,51.69W
1864-08-01,12.758,1.913,Santa Cruz Do Sul,Brazil,29.74S,51.69W
1864-09-01,14.744000000000002,1.499,Santa Cruz Do Sul,Brazil,29.74S,51.69W
1864-10-01,17.340999999999998,0.945,Santa Cruz Do Sul,Brazil,29.74S,51.69W
1864-11-01,20.129,1.172,Santa Cruz Do Sul,Brazil,29.74S,51.69W
1864-12-01,22.007,1.476,Santa Cruz Do Sul,Brazil,29.74S,51.69W
1865-01-01,22.911,1.594,Santa Cruz Do Sul,Brazil,29.74S,51.69W
1865-02-01,22.571,1.39,Santa Cruz Do Sul,Brazil,29.74S,51.69W
1865-03-01,21.171,0.9840000000000001,Santa Cruz Do Sul,Brazil,29.74S,51.69W
1865-04-01,18.171,1.188,Santa Cruz Do Sul,Brazil,29.74S,51.69W
1865-05-01,14.77,1.3019999999999998,Santa Cruz Do Sul,Brazil,29.74S,51.69W
1865-06-01,14.052,2.718,Santa Cruz Do Sul,Brazil,29.74S,51.69W
1865-07-01,12.887,1.157,Santa Cruz Do Sul,Brazil,29.74S,51.69W
1865-08-01,13.419,0.9359999999999999,Santa Cruz Do Sul,Brazil,29.74S,51.69W
1865-09-01,14.965,1.1640000000000001,Santa Cruz Do Sul,Brazil,29.74S,51.69W
1865-10-01,18.423,1.3980000000000001,Santa Cruz Do Sul,Brazil,29.74S,51.69W
1865-11-01,20.658,1.365,Santa Cruz Do Sul,Brazil,29.74S,51.69W
1865-12-01,22.236,1.27,Santa Cruz Do Sul,Brazil,29.74S,51.69W
1866-01-01,23.427,1.2109999999999999,Santa Cruz Do Sul,Brazil,29.74S,51.69W
1866-02-01,22.327,1.5619999999999998,Santa Cruz Do Sul,Brazil,29.74S,51.69W
1866-03-01,22.068,2.349,Santa Cruz Do Sul,Brazil,29.74S,51.69W
1866-04-01,17.730999999999995,1.507,Santa Cruz Do Sul,Brazil,29.74S,51.69W
1866-05-01,15.548,1.271,Santa Cruz Do Sul,Brazil,29.74S,51.69W
1866-06-01,12.084,0.9640000000000001,Santa Cruz Do Sul,Brazil,29.74S,51.69W
1866-07-01,13.029000000000002,1.557,Santa Cruz Do Sul,Brazil,29.74S,51.69W
1866-08-01,13.837,1.247,Santa Cruz Do Sul,Brazil,29.74S,51.69W
1866-09-01,15.754000000000001,0.905,Santa Cruz Do Sul,Brazil,29.74S,51.69W
1866-10-01,17.131,0.9159999999999999,Santa Cruz Do Sul,Brazil,29.74S,51.69W
1866-11-01,19.781,1.016,Santa Cruz Do Sul,Brazil,29.74S,51.69W
1866-12-01,22.004,1.597,Santa Cruz Do Sul,Brazil,29.74S,51.69W
1867-01-01,22.744,1.8259999999999998,Santa Cruz Do Sul,Brazil,29.74S,51.69W
1867-02-01,22.566,1.338,Santa Cruz Do Sul,Brazil,29.74S,51.69W
1867-03-01,21.053,1.391,Santa Cruz Do Sul,Brazil,29.74S,51.69W
1867-04-01,17.277,1.8530000000000002,Santa Cruz Do Sul,Brazil,29.74S,51.69W
1867-05-01,15.290999999999999,1.501,Santa Cruz Do Sul,Brazil,29.74S,51.69W
1867-06-01,12.639,1.02,Santa Cruz Do Sul,Brazil,29.74S,51.69W
1867-07-01,12.262,1.298,Santa Cruz Do Sul,Brazil,29.74S,51.69W
1867-08-01,14.147,1.899,Santa Cruz Do Sul,Brazil,29.74S,51.69W
1867-09-01,15.493,0.953,Santa Cruz Do Sul,Brazil,29.74S,51.69W
1867-10-01,17.47,1.048,Santa Cruz Do Sul,Brazil,29.74S,51.69W
1867-11-01,20.535,2.149,Santa Cruz Do Sul,Brazil,29.74S,51.69W
1867-12-01,22.381,1.618,Santa Cruz Do Sul,Brazil,29.74S,51.69W
1868-01-01,24.127,1.18,Santa Cruz Do Sul,Brazil,29.74S,51.69W
1868-02-01,23.324,1.659,Santa Cruz Do Sul,Brazil,29.74S,51.69W
1868-03-01,21.730999999999998,1.3730000000000002,Santa Cruz Do Sul,Brazil,29.74S,51.69W
1868-04-01,18.147000000000002,1.185,Santa Cruz Do Sul,Brazil,29.74S,51.69W
1868-05-01,15.970999999999998,1.3,Santa Cruz Do Sul,Brazil,29.74S,51.69W
1868-06-01,14.106,1.775,Santa Cruz Do Sul,Brazil,29.74S,51.69W
1868-07-01,13.094000000000001,1.517,Santa Cruz Do Sul,Brazil,29.74S,51.69W
1868-08-01,14.255999999999998,1.344,Santa Cruz Do Sul,Brazil,29.74S,51.69W
1868-09-01,15.667,1.249,Santa Cruz Do Sul,Brazil,29.74S,51.69W
1868-10-01,19.066,1.903,Santa Cruz Do Sul,Brazil,29.74S,51.69W
1868-11-01,20.368,1.208,Santa Cruz Do Sul,Brazil,29.74S,51.69W
1868-12-01,21.964000000000002,1.939,Santa Cruz Do Sul,Brazil,29.74S,51.69W
1869-01-01,23.665,1.913,Santa Cruz Do Sul,Brazil,29.74S,51.69W
1869-02-01,22.857,1.514,Santa Cruz Do Sul,Brazil,29.74S,51.69W
1869-03-01,21.5,1.2229999999999999,Santa Cruz Do Sul,Brazil,29.74S,51.69W
1869-04-01,19.003,1.5819999999999999,Santa Cruz Do Sul,Brazil,29.74S,51.69W
1869-05-01,17.201,3.0610000000000004,Santa Cruz Do Sul,Brazil,29.74S,51.69W
1869-06-01,13.217,2.2430000000000003,Santa Cruz Do Sul,Brazil,29.74S,51.69W
1869-07-01,11.749,1.871,Santa Cruz Do Sul,Brazil,29.74S,51.69W
1869-08-01,13.946,1.456,Santa Cruz Do Sul,Brazil,29.74S,51.69W
1869-09-01,16.191,1.044,Santa Cruz Do Sul,Brazil,29.74S,51.69W
1869-10-01,16.974,1.004,Santa Cruz Do Sul,Brazil,29.74S,51.69W
1869-11-01,19.794,0.915,Santa Cruz Do Sul,Brazil,29.74S,51.69W
1869-12-01,21.651999999999997,1.041,Santa Cruz Do Sul,Brazil,29.74S,51.69W
1870-01-01,23.17,1.171,Santa Cruz Do Sul,Brazil,29.74S,51.69W
1870-02-01,23.948,1.358,Santa Cruz Do Sul,Brazil,29.74S,51.69W
1870-03-01,22.029,1.13,Santa Cruz Do Sul,Brazil,29.74S,51.69W
1870-04-01,17.987000000000002,1.5090000000000001,Santa Cruz Do Sul,Brazil,29.74S,51.69W
1870-05-01,15.824000000000002,1.036,Santa Cruz Do Sul,Brazil,29.74S,51.69W
1870-06-01,13.585,1.105,Santa Cruz Do Sul,Brazil,29.74S,51.69W
1870-07-01,13.021999999999998,1.011,Santa Cruz Do Sul,Brazil,29.74S,51.69W
1870-08-01,13.129000000000001,0.997,Santa Cruz Do Sul,Brazil,29.74S,51.69W
1870-09-01,14.921,1.073,Santa Cruz Do Sul,Brazil,29.74S,51.69W
1870-10-01,18.599,1.45,Santa Cruz Do Sul,Brazil,29.74S,51.69W
1870-11-01,19.622,1.178,Santa Cruz Do Sul,Brazil,29.74S,51.69W
1870-12-01,22.898000000000003,1.912,Santa Cruz Do Sul,Brazil,29.74S,51.69W
1871-01-01,23.359,1.023,Santa Cruz Do Sul,Brazil,29.74S,51.69W
1871-02-01,23.305,1.359,Santa Cruz Do Sul,Brazil,29.74S,51.69W
1871-03-01,21.572,1.656,Santa Cruz Do Sul,Brazil,29.74S,51.69W
1871-04-01,17.649,0.882,Santa Cruz Do Sul,Brazil,29.74S,51.69W
1871-05-01,14.719000000000001,1.14,Santa Cruz Do Sul,Brazil,29.74S,51.69W
1871-06-01,12.552999999999999,1.013,Santa Cruz Do Sul,Brazil,29.74S,51.69W
1871-07-01,12.22,1.226,Santa Cruz Do Sul,Brazil,29.74S,51.69W
1871-08-01,13.877,0.996,Santa Cruz Do Sul,Brazil,29.74S,51.69W
1871-09-01,14.857000000000001,1.001,Santa Cruz Do Sul,Brazil,29.74S,51.69W
1871-10-01,17.002,1.1640000000000001,Santa Cruz Do Sul,Brazil,29.74S,51.69W
1871-11-01,19.879,1.216,Santa Cruz Do Sul,Brazil,29.74S,51.69W
1871-12-01,21.993000000000002,0.907,Santa Cruz Do Sul,Brazil,29.74S,51.69W
1872-01-01,23.41,2.69,Santa Cruz Do Sul,Brazil,29.74S,51.69W
1872-02-01,23.036,1.5759999999999998,Santa Cruz Do Sul,Brazil,29.74S,51.69W
1872-03-01,21.191999999999997,1.527,Santa Cruz Do Sul,Brazil,29.74S,51.69W
1872-04-01,17.925,1.125,Santa Cruz Do Sul,Brazil,29.74S,51.69W
1872-05-01,13.822,1.055,Santa Cruz Do Sul,Brazil,29.74S,51.69W
1872-06-01,12.684,1.714,Santa Cruz Do Sul,Brazil,29.74S,51.69W
1872-07-01,12.343,1.554,Santa Cruz Do Sul,Brazil,29.74S,51.69W
1872-08-01,14.243,1.445,Santa Cruz Do Sul,Brazil,29.74S,51.69W
1872-09-01,16.052,1.536,Santa Cruz Do Sul,Brazil,29.74S,51.69W
1872-10-01,18.914,2.6630000000000003,Santa Cruz Do Sul,Brazil,29.74S,51.69W
1872-11-01,20.282,1.1,Santa Cruz Do Sul,Brazil,29.74S,51.69W
1872-12-01,21.914,1.945,Santa Cruz Do Sul,Brazil,29.74S,51.69W
1873-01-01,24.108,1.7830000000000001,Santa Cruz Do Sul,Brazil,29.74S,51.69W
1873-02-01,23.235,1.348,Santa Cruz Do Sul,Brazil,29.74S,51.69W
1873-03-01,21.155,1.484,Santa Cruz Do Sul,Brazil,29.74S,51.69W
1873-04-01,17.624000000000002,1.399,Santa Cruz Do Sul,Brazil,29.74S,51.69W
1873-05-01,15.732999999999999,1.179,Santa Cruz Do Sul,Brazil,29.74S,51.69W
1873-06-01,13.562,1.08,Santa Cruz Do Sul,Brazil,29.74S,51.69W
1873-07-01,11.733,0.956,Santa Cruz Do Sul,Brazil,29.74S,51.69W
1873-08-01,14.173,0.95,Santa Cruz Do Sul,Brazil,29.74S,51.69W
1873-09-01,15.894,1.97,Santa Cruz Do Sul,Brazil,29.74S,51.69W
1873-10-01,17.708,1.01,Santa Cruz Do Sul,Brazil,29.74S,51.69W
1873-11-01,20.528,0.948,Santa Cruz Do Sul,Brazil,29.74S,51.69W
1873-12-01,22.146,1.318,Santa Cruz Do Sul,Brazil,29.74S,51.69W
1874-01-01,22.102,1.031,Santa Cruz Do Sul,Brazil,29.74S,51.69W
1874-02-01,22.719,1.03,Santa Cruz Do Sul,Brazil,29.74S,51.69W
1874-03-01,20.733,1.136,Santa Cruz Do Sul,Brazil,29.74S,51.69W
1874-04-01,18.122,1.571,Santa Cruz Do Sul,Brazil,29.74S,51.69W
1874-05-01,13.767000000000001,1.5519999999999998,Santa Cruz Do Sul,Brazil,29.74S,51.69W
1874-06-01,12.689,1.847,Santa Cruz Do Sul,Brazil,29.74S,51.69W
1874-07-01,11.622,1.854,Santa Cruz Do Sul,Brazil,29.74S,51.69W
1874-08-01,14.207,1.8459999999999999,Santa Cruz Do Sul,Brazil,29.74S,51.69W
1874-09-01,15.398,0.8340000000000001,Santa Cruz Do Sul,Brazil,29.74S,51.69W
1874-10-01,16.368,0.8740000000000001,Santa Cruz Do Sul,Brazil,29.74S,51.69W
1874-11-01,18.977999999999998,1.466,Santa Cruz Do Sul,Brazil,29.74S,51.69W
1874-12-01,21.265,1.7630000000000001,Santa Cruz Do Sul,Brazil,29.74S,51.69W
1875-01-01,22.109,1.561,Santa Cruz Do Sul,Brazil,29.74S,51.69W
1875-02-01,23.052,1.048,Santa Cruz Do Sul,Brazil,29.74S,51.69W
1875-03-01,20.349,1.1420000000000001,Santa Cruz Do Sul,Brazil,29.74S,51.69W
1875-04-01,17.616,1.205,Santa Cruz Do Sul,Brazil,29.74S,51.69W
1875-05-01,15.314,1.244,Santa Cruz Do Sul,Brazil,29.74S,51.69W
1875-06-01,11.142,1.4969999999999999,Santa Cruz Do Sul,Brazil,29.74S,51.69W
1875-07-01,11.673,1.625,Santa Cruz Do Sul,Brazil,29.74S,51.69W
1875-08-01,12.968,1.104,Santa Cruz Do Sul,Brazil,29.74S,51.69W
1875-09-01,15.683,0.8320000000000001,Santa Cruz Do Sul,Brazil,29.74S,51.69W
1875-10-01,17.36,0.86,Santa Cruz Do Sul,Brazil,29.74S,51.69W
1875-11-01,19.609,0.688,Santa Cruz Do Sul,Brazil,29.74S,51.69W
1875-12-01,21.831999999999997,2.0869999999999997,Santa Cruz Do Sul,Brazil,29.74S,51.69W
1876-01-01,22.604,0.9390000000000001,Santa Cruz Do Sul,Brazil,29.74S,51.69W
1876-02-01,22.821,0.95,Santa Cruz Do Sul,Brazil,29.74S,51.69W
1876-03-01,22.238000000000003,1.4040000000000001,Santa Cruz Do Sul,Brazil,29.74S,51.69W
1876-04-01,18.097,1.2009999999999998,Santa Cruz Do Sul,Brazil,29.74S,51.69W
1876-05-01,15.335999999999999,0.875,Santa Cruz Do Sul,Brazil,29.74S,51.69W
1876-06-01,12.089,1.004,Santa Cruz Do Sul,Brazil,29.74S,51.69W
1876-07-01,13.657,1.2229999999999999,Santa Cruz Do Sul,Brazil,29.74S,51.69W
1876-08-01,13.059000000000001,1.213,Santa Cruz Do Sul,Brazil,29.74S,51.69W
1876-09-01,15.917,0.963,Santa Cruz Do Sul,Brazil,29.74S,51.69W
1876-10-01,16.875999999999998,0.8640000000000001,Santa Cruz Do Sul,Brazil,29.74S,51.69W
1876-11-01,18.015,1.219,Santa Cruz Do Sul,Brazil,29.74S,51.69W
1876-12-01,19.910999999999998,1.46,Santa Cruz Do Sul,Brazil,29.74S,51.69W
1877-01-01,23.72,1.567,Santa Cruz Do Sul,Brazil,29.74S,51.69W
1877-02-01,23.491,1.484,Santa Cruz Do Sul,Brazil,29.74S,51.69W
1877-03-01,23.695999999999998,1.399,Santa Cruz Do Sul,Brazil,29.74S,51.69W
1877-04-01,19.578,1.3780000000000001,Santa Cruz Do Sul,Brazil,29.74S,51.69W
1877-05-01,14.501,1.141,Santa Cruz Do Sul,Brazil,29.74S,51.69W
1877-06-01,13.206,1.5919999999999999,Santa Cruz Do Sul,Brazil,29.74S,51.69W
1877-07-01,14.327,1.411,Santa Cruz Do Sul,Brazil,29.74S,51.69W
1877-08-01,13.314,1.072,Santa Cruz Do Sul,Brazil,29.74S,51.69W
1877-09-01,15.511,0.7140000000000001,Santa Cruz Do Sul,Brazil,29.74S,51.69W
1877-10-01,18.794,1.051,Santa Cruz Do Sul,Brazil,29.74S,51.69W
1877-11-01,20.283,1.235,Santa Cruz Do Sul,Brazil,29.74S,51.69W
1877-12-01,22.241999999999997,2.1,Santa Cruz Do Sul,Brazil,29.74S,51.69W
1878-01-01,22.875,1.936,Santa Cruz Do Sul,Brazil,29.74S,51.69W
1878-02-01,23.421999999999997,1.531,Santa Cruz Do Sul,Brazil,29.74S,51.69W
1878-03-01,23.223000000000003,1.052,Santa Cruz Do Sul,Brazil,29.74S,51.69W
1878-04-01,18.761,1.469,Santa Cruz Do Sul,Brazil,29.74S,51.69W
1878-05-01,14.427999999999999,1.416,Santa Cruz Do Sul,Brazil,29.74S,51.69W
1878-06-01,12.825999999999999,1.6219999999999999,Santa Cruz Do Sul,Brazil,29.74S,51.69W
1878-07-01,12.35,1.147,Santa Cruz Do Sul,Brazil,29.74S,51.69W
1878-08-01,13.206,1.178,Santa Cruz Do Sul,Brazil,29.74S,51.69W
1878-09-01,15.809000000000001,0.805,Santa Cruz Do Sul,Brazil,29.74S,51.69W
1878-10-01,16.884999999999998,1.14,Santa Cruz Do Sul,Brazil,29.74S,51.69W
1878-11-01,20.589,1.189,Santa Cruz Do Sul,Brazil,29.74S,51.69W
1878-12-01,20.511999999999997,1.391,Santa Cruz Do Sul,Brazil,29.74S,51.69W
1879-01-01,22.174,1.395,Santa Cruz Do Sul,Brazil,29.74S,51.69W
1879-02-01,22.383000000000003,1.0,Santa Cruz Do Sul,Brazil,29.74S,51.69W
1879-03-01,21.219,0.816,Santa Cruz Do Sul,Brazil,29.74S,51.69W
1879-04-01,17.451999999999998,0.851,Santa Cruz Do Sul,Brazil,29.74S,51.69W
1879-05-01,14.462,0.7979999999999999,Santa Cruz Do Sul,Brazil,29.74S,51.69W
1879-06-01,12.200999999999999,1.4580000000000002,Santa Cruz Do Sul,Brazil,29.74S,51.69W
1879-07-01,13.439,1.064,Santa Cruz Do Sul,Brazil,29.74S,51.69W
1879-08-01,13.349,1.041,Santa Cruz Do Sul,Brazil,29.74S,51.69W
1879-09-01,14.342,1.054,Santa Cruz Do Sul,Brazil,29.74S,51.69W
1879-10-01,17.288999999999998,1.197,Santa Cruz Do Sul,Brazil,29.74S,51.69W
1879-11-01,20.234,0.7290000000000001,Santa Cruz Do Sul,Brazil,29.74S,51.69W
1879-12-01,21.276,1.275,Santa Cruz Do Sul,Brazil,29.74S,51.69W
1880-01-01,22.205,1.226,Santa Cruz Do Sul,Brazil,29.74S,51.69W
1880-02-01,22.581999999999997,0.8220000000000001,Santa Cruz Do Sul,Brazil,29.74S,51.69W
1880-03-01,20.888,0.7659999999999999,Santa Cruz Do Sul,Brazil,29.74S,51.69W
1880-04-01,17.33,1.3969999999999998,Santa Cruz Do Sul,Brazil,29.74S,51.69W
1880-05-01,14.724,0.943,Santa Cruz Do Sul,Brazil,29.74S,51.69W
1880-06-01,14.033,0.78,Santa Cruz Do Sul,Brazil,29.74S,51.69W
1880-07-01,12.854000000000001,1.115,Santa Cruz Do Sul,Brazil,29.74S,51.69W
1880-08-01,15.085999999999999,0.975,Santa Cruz Do Sul,Brazil,29.74S,51.69W
1880-09-01,14.0,1.749,Santa Cruz Do Sul,Brazil,29.74S,51.69W
1880-10-01,16.09,0.862,Santa Cruz Do Sul,Brazil,29.74S,51.69W
1880-11-01,19.988000000000003,1.261,Santa Cruz Do Sul,Brazil,29.74S,51.69W
1880-12-01,23.098000000000003,1.057,Santa Cruz Do Sul,Brazil,29.74S,51.69W
1881-01-01,22.326,0.991,Santa Cruz Do Sul,Brazil,29.74S,51.69W
1881-02-01,23.007,1.056,Santa Cruz Do Sul,Brazil,29.74S,51.69W
1881-03-01,22.366,1.183,Santa Cruz Do Sul,Brazil,29.74S,51.69W
1881-04-01,17.602,0.85,Santa Cruz Do Sul,Brazil,29.74S,51.69W
1881-05-01,14.592,0.8170000000000001,Santa Cruz Do Sul,Brazil,29.74S,51.69W
1881-06-01,12.436,1.055,Santa Cruz Do Sul,Brazil,29.74S,51.69W
1881-07-01,11.768,0.893,Santa Cruz Do Sul,Brazil,29.74S,51.69W
1881-08-01,13.264000000000001,1.015,Santa Cruz Do Sul,Brazil,29.74S,51.69W
1881-09-01,15.866,0.91,Santa Cruz Do Sul,Brazil,29.74S,51.69W
1881-10-01,18.125999999999998,0.95,Santa Cruz Do Sul,Brazil,29.74S,51.69W
1881-11-01,20.042,1.067,Santa Cruz Do Sul,Brazil,29.74S,51.69W
1881-12-01,22.458000000000002,0.992,Santa Cruz Do Sul,Brazil,29.74S,51.69W
1882-01-01,23.015,1.5930000000000002,Santa Cruz Do Sul,Brazil,29.74S,51.69W
1882-02-01,22.524,1.433,Santa Cruz Do Sul,Brazil,29.74S,51.69W
1882-03-01,20.515,0.8759999999999999,Santa Cruz Do Sul,Brazil,29.74S,51.69W
1882-04-01,16.933,0.9420000000000001,Santa Cruz Do Sul,Brazil,29.74S,51.69W
1882-05-01,14.367,1.068,Santa Cruz Do Sul,Brazil,29.74S,51.69W
1882-06-01,11.914,0.8590000000000001,Santa Cruz Do Sul,Brazil,29.74S,51.69W
1882-07-01,11.234000000000002,0.997,Santa Cruz Do Sul,Brazil,29.74S,51.69W
1882-08-01,13.922,1.14,Santa Cruz Do Sul,Brazil,29.74S,51.69W
1882-09-01,14.298,1.077,Santa Cruz Do Sul,Brazil,29.74S,51.69W
1882-10-01,18.666,0.8140000000000001,Santa Cruz Do Sul,Brazil,29.74S,51.69W
1882-11-01,19.514000000000006,1.262,Santa Cruz Do Sul,Brazil,29.74S,51.69W
1882-12-01,20.45,2.033,Santa Cruz Do Sul,Brazil,29.74S,51.69W
1883-01-01,22.465,1.8519999999999999,Santa Cruz Do Sul,Brazil,29.74S,51.69W
1883-02-01,22.426,1.148,Santa Cruz Do Sul,Brazil,29.74S,51.69W
1883-03-01,21.976999999999997,0.9520000000000001,Santa Cruz Do Sul,Brazil,29.74S,51.69W
1883-04-01,16.593,0.899,Santa Cruz Do Sul,Brazil,29.74S,51.69W
1883-05-01,14.681,0.8270000000000001,Santa Cruz Do Sul,Brazil,29.74S,51.69W
1883-06-01,13.713,0.9390000000000001,Santa Cruz Do Sul,Brazil,29.74S,51.69W
1883-07-01,12.573,0.965,Santa Cruz Do Sul,Brazil,29.74S,51.69W
1883-08-01,12.45,0.764,Santa Cruz Do Sul,Brazil,29.74S,51.69W
1883-09-01,14.571,0.672,Santa Cruz Do Sul,Brazil,29.74S,51.69W
1883-10-01,17.451,0.768,Santa Cruz Do Sul,Brazil,29.74S,51.69W
1883-11-01,20.032,0.759,Santa Cruz Do Sul,Brazil,29.74S,51.69W
1883-12-01,21.696,1.04,Santa Cruz Do Sul,Brazil,29.74S,51.69W
1884-01-01,22.664,1.535,Santa Cruz Do Sul,Brazil,29.74S,51.69W
1884-02-01,22.393,1.2819999999999998,Santa Cruz Do Sul,Brazil,29.74S,51.69W
1884-03-01,22.899,1.0859999999999999,Santa Cruz Do Sul,Brazil,29.74S,51.69W
1884-04-01,17.59,0.88,Santa Cruz Do Sul,Brazil,29.74S,51.69W
1884-05-01,13.208,0.909,Santa Cruz Do Sul,Brazil,29.74S,51.69W
1884-06-01,11.184,1.307,Santa Cruz Do Sul,Brazil,29.74S,51.69W
1884-07-01,11.505,1.1640000000000001,Santa Cruz Do Sul,Brazil,29.74S,51.69W
1884-08-01,16.115,1.06,Santa Cruz Do Sul,Brazil,29.74S,51.69W
1884-09-01,15.354000000000001,0.8390000000000001,Santa Cruz Do Sul,Brazil,29.74S,51.69W
1884-10-01,16.872,0.8220000000000001,Santa Cruz Do Sul,Brazil,29.74S,51.69W
1884-11-01,19.834000000000003,0.927,Santa Cruz Do Sul,Brazil,29.74S,51.69W
1884-12-01,21.824,1.057,Santa Cruz Do Sul,Brazil,29.74S,51.69W
1885-01-01,23.241,1.272,Santa Cruz Do Sul,Brazil,29.74S,51.69W
1885-02-01,22.831999999999997,1.476,Santa Cruz Do Sul,Brazil,29.74S,51.69W
1885-03-01,20.733,0.6759999999999999,Santa Cruz Do Sul,Brazil,29.74S,51.69W
1885-04-01,18.03,1.6019999999999999,Santa Cruz Do Sul,Brazil,29.74S,51.69W
1885-05-01,15.235999999999999,1.778,Santa Cruz Do Sul,Brazil,29.74S,51.69W
1885-06-01,11.517,1.16,Santa Cruz Do Sul,Brazil,29.74S,51.69W
1885-07-01,11.598,1.93,Santa Cruz Do Sul,Brazil,29.74S,51.69W
1885-08-01,12.475,0.927,Santa Cruz Do Sul,Brazil,29.74S,51.69W
1885-09-01,15.398,0.721,Santa Cruz Do Sul,Brazil,29.74S,51.69W
1885-10-01,17.573,0.7,Santa Cruz Do Sul,Brazil,29.74S,51.69W
1885-11-01,21.744,1.791,Santa Cruz Do Sul,Brazil,29.74S,51.69W
1885-12-01,22.394000000000002,1.734,Santa Cruz Do Sul,Brazil,29.74S,51.69W
1886-01-01,24.268,2.154,Santa Cruz Do Sul,Brazil,29.74S,51.69W
1886-02-01,22.369,0.9740000000000001,Santa Cruz Do Sul,Brazil,29.74S,51.69W
1886-03-01,22.013,1.21,Santa Cruz Do Sul,Brazil,29.74S,51.69W
1886-04-01,17.729,0.7859999999999999,Santa Cruz Do Sul,Brazil,29.74S,51.69W
1886-05-01,13.575,0.943,Santa Cruz Do Sul,Brazil,29.74S,51.69W
1886-06-01,10.838,1.183,Santa Cruz Do Sul,Brazil,29.74S,51.69W
1886-07-01,10.695,1.504,Santa Cruz Do Sul,Brazil,29.74S,51.69W
1886-08-01,12.097000000000001,1.4340000000000002,Santa Cruz Do Sul,Brazil,29.74S,51.69W
1886-09-01,15.069,0.7809999999999999,Santa Cruz Do Sul,Brazil,29.74S,51.69W
1886-10-01,16.637999999999998,0.925,Santa Cruz Do Sul,Brazil,29.74S,51.69W
1886-11-01,19.813,0.9590000000000001,Santa Cruz Do Sul,Brazil,29.74S,51.69W
1886-12-01,22.311999999999998,1.367,Santa Cruz Do Sul,Brazil,29.74S,51.69W
1887-01-01,22.649,0.9620000000000001,Santa Cruz Do Sul,Brazil,29.74S,51.69W
1887-02-01,22.331,1.7,Santa Cruz Do Sul,Brazil,29.74S,51.69W
1887-03-01,20.451,0.922,Santa Cruz Do Sul,Brazil,29.74S,51.69W
1887-04-01,17.008,0.769,Santa Cruz Do Sul,Brazil,29.74S,51.69W
1887-05-01,13.414000000000001,1.008,Santa Cruz Do Sul,Brazil,29.74S,51.69W
1887-06-01,13.514,1.212,Santa Cruz Do Sul,Brazil,29.74S,51.69W
1887-07-01,12.109000000000002,0.6659999999999999,Santa Cruz Do Sul,Brazil,29.74S,51.69W
1887-08-01,15.439,1.061,Santa Cruz Do Sul,Brazil,29.74S,51.69W
1887-09-01,14.725,0.968,Santa Cruz Do Sul,Brazil,29.74S,51.69W
1887-10-01,17.483999999999998,0.6920000000000001,Santa Cruz Do Sul,Brazil,29.74S,51.69W
1887-11-01,19.85,1.317,Santa Cruz Do Sul,Brazil,29.74S,51.69W
1887-12-01,22.504,1.1909999999999998,Santa Cruz Do Sul,Brazil,29.74S,51.69W
1888-01-01,23.105,1.474,Santa Cruz Do Sul,Brazil,29.74S,51.69W
1888-02-01,23.338,0.9440000000000001,Santa Cruz Do Sul,Brazil,29.74S,51.69W
1888-03-01,21.543000000000003,0.948,Santa Cruz Do Sul,Brazil,29.74S,51.69W
1888-04-01,17.933,0.8220000000000001,Santa Cruz Do Sul,Brazil,29.74S,51.69W
1888-05-01,13.669,0.777,Santa Cruz Do Sul,Brazil,29.74S,51.69W
1888-06-01,11.383,0.9620000000000001,Santa Cruz Do Sul,Brazil,29.74S,51.69W
1888-07-01,13.521,0.65,Santa Cruz Do Sul,Brazil,29.74S,51.69W
1888-08-01,14.657,0.86,Santa Cruz Do Sul,Brazil,29.74S,51.69W
1888-09-01,16.691,2.064,Santa Cruz Do Sul,Brazil,29.74S,51.69W
1888-10-01,18.999000000000002,1.4769999999999999,Santa Cruz Do Sul,Brazil,29.74S,51.69W
1888-11-01,20.522,2.068,Santa Cruz Do Sul,Brazil,29.74S,51.69W
1888-12-01,23.046999999999997,1.413,Santa Cruz Do Sul,Brazil,29.74S,51.69W
1889-01-01,24.412,1.973,Santa Cruz Do Sul,Brazil,29.74S,51.69W
1889-02-01,23.537,1.546,Santa Cruz Do Sul,Brazil,29.74S,51.69W
1889-03-01,22.772,0.8290000000000001,Santa Cruz Do Sul,Brazil,29.74S,51.69W
1889-04-01,18.437,0.919,Santa Cruz Do Sul,Brazil,29.74S,51.69W
1889-05-01,15.385,0.593,Santa Cruz Do Sul,Brazil,29.74S,51.69W
1889-06-01,11.184,1.518,Santa Cruz Do Sul,Brazil,29.74S,51.69W
1889-07-01,12.789000000000001,0.722,Santa Cruz Do Sul,Brazil,29.74S,51.69W
1889-08-01,12.094000000000001,0.7979999999999999,Santa Cruz Do Sul,Brazil,29.74S,51.69W
1889-09-01,14.08,0.8759999999999999,Santa Cruz Do Sul,Brazil,29.74S,51.69W
1889-10-01,17.201999999999998,0.509,Santa Cruz Do Sul,Brazil,29.74S,51.69W
1889-11-01,20.493,0.659,Santa Cruz Do Sul,Brazil,29.74S,51.69W
1889-12-01,23.116,1.079,Santa Cruz Do Sul,Brazil,29.74S,51.69W
1890-01-01,22.872,0.638,Santa Cruz Do Sul,Brazil,29.74S,51.69W
1890-02-01,22.894000000000002,0.826,Santa Cruz Do Sul,Brazil,29.74S,51.69W
1890-03-01,21.035,0.6990000000000001,Santa Cruz Do Sul,Brazil,29.74S,51.69W
1890-04-01,17.828,1.954,Santa Cruz Do Sul,Brazil,29.74S,51.69W
1890-05-01,13.118,1.565,Santa Cruz Do Sul,Brazil,29.74S,51.69W
1890-06-01,11.445,1.004,Santa Cruz Do Sul,Brazil,29.74S,51.69W
1890-07-01,13.312000000000001,1.275,Santa Cruz Do Sul,Brazil,29.74S,51.69W
1890-08-01,12.297,0.6859999999999999,Santa Cruz Do Sul,Brazil,29.74S,51.69W
1890-09-01,14.470999999999998,0.601,Santa Cruz Do Sul,Brazil,29.74S,51.69W
1890-10-01,16.854,0.696,Santa Cruz Do Sul,Brazil,29.74S,51.69W
1890-11-01,20.21,1.018,Santa Cruz Do Sul,Brazil,29.74S,51.69W
1890-12-01,22.084,1.063,Santa Cruz Do Sul,Brazil,29.74S,51.69W
1891-01-01,23.167,0.7929999999999999,Santa Cruz Do Sul,Brazil,29.74S,51.69W
1891-02-01,23.508000000000003,0.757,Santa Cruz Do Sul,Brazil,29.74S,51.69W
1891-03-01,21.779,0.45899999999999996,Santa Cruz Do Sul,Brazil,29.74S,51.69W
1891-04-01,18.076,0.768,Santa Cruz Do Sul,Brazil,29.74S,51.69W
1891-05-01,15.345,0.818,Santa Cruz Do Sul,Brazil,29.74S,51.69W
1891-06-01,12.657,0.826,Santa Cruz Do Sul,Brazil,29.74S,51.69W
1891-07-01,12.117,0.6859999999999999,Santa Cruz Do Sul,Brazil,29.74S,51.69W
1891-08-01,13.601,0.9129999999999999,Santa Cruz Do Sul,Brazil,29.74S,51.69W
1891-09-01,15.51,0.887,Santa Cruz Do Sul,Brazil,29.74S,51.69W
1891-10-01,17.889,0.555,Santa Cruz Do Sul,Brazil,29.74S,51.69W
1891-11-01,20.655,0.9109999999999999,Santa Cruz Do Sul,Brazil,29.74S,51.69W
1891-12-01,21.728,0.797,Santa Cruz Do Sul,Brazil,29.74S,51.69W
1892-01-01,24.298000000000002,1.165,Santa Cruz Do Sul,Brazil,29.74S,51.69W
1892-02-01,24.169,0.7659999999999999,Santa Cruz Do Sul,Brazil,29.74S,51.69W
1892-03-01,21.684,0.972,Santa Cruz Do Sul,Brazil,29.74S,51.69W
1892-04-01,18.515,0.75,Santa Cruz Do Sul,Brazil,29.74S,51.69W
1892-05-01,13.731,0.882,Santa Cruz Do Sul,Brazil,29.74S,51.69W
1892-06-01,11.5,1.075,Santa Cruz Do Sul,Brazil,29.74S,51.69W
1892-07-01,12.403,1.421,Santa Cruz Do Sul,Brazil,29.74S,51.69W
1892-08-01,13.296,1.306,Santa Cruz Do Sul,Brazil,29.74S,51.69W
1892-09-01,14.648,0.519,Santa Cruz Do Sul,Brazil,29.74S,51.69W
1892-10-01,17.489,1.7080000000000002,Santa Cruz Do Sul,Brazil,29.74S,51.69W
1892-11-01,19.747,0.597,Santa Cruz Do Sul,Brazil,29.74S,51.69W
1892-12-01,21.23,2.161,Santa Cruz Do Sul,Brazil,29.74S,51.69W
1893-01-01,23.705,1.082,Santa Cruz Do Sul,Brazil,29.74S,51.69W
1893-02-01,22.023000000000003,0.63,Santa Cruz Do Sul,Brazil,29.74S,51.69W
1893-03-01,22.349,0.7829999999999999,Santa Cruz Do Sul,Brazil,29.74S,51.69W
1893-04-01,17.183999999999994,0.721,Santa Cruz Do Sul,Brazil,29.74S,51.69W
1893-05-01,13.788,0.55,Santa Cruz Do Sul,Brazil,29.74S,51.69W
1893-06-01,11.035,0.633,Santa Cruz Do Sul,Brazil,29.74S,51.69W
1893-07-01,13.014000000000001,0.7979999999999999,Santa Cruz Do Sul,Brazil,29.74S,51.69W
1893-08-01,11.649000000000001,1.2570000000000001,Santa Cruz Do Sul,Brazil,29.74S,51.69W
1893-09-01,13.132,0.888,Santa Cruz Do Sul,Brazil,29.74S,51.69W
1893-10-01,15.448,1.308,Santa Cruz Do Sul,Brazil,29.74S,51.69W
1893-11-01,19.575000000000006,1.8159999999999998,Santa Cruz Do Sul,Brazil,29.74S,51.69W
1893-12-01,23.293000000000003,0.8959999999999999,Santa Cruz Do Sul,Brazil,29.74S,51.69W
1894-01-01,24.958000000000002,1.61,Santa Cruz Do Sul,Brazil,29.74S,51.69W
1894-02-01,23.837,1.053,Santa Cruz Do Sul,Brazil,29.74S,51.69W
1894-03-01,21.21,0.632,Santa Cruz Do Sul,Brazil,29.74S,51.69W
1894-04-01,17.546,0.6579999999999999,Santa Cruz Do Sul,Brazil,29.74S,51.69W
1894-05-01,14.725999999999999,0.685,Santa Cruz Do Sul,Brazil,29.74S,51.69W
1894-06-01,10.184,0.8640000000000001,Santa Cruz Do Sul,Brazil,29.74S,51.69W
1894-07-01,11.873,0.557,Santa Cruz Do Sul,Brazil,29.74S,51.69W
1894-08-01,13.383,0.605,Santa Cruz Do Sul,Brazil,29.74S,51.69W
1894-09-01,14.690999999999999,0.615,Santa Cruz Do Sul,Brazil,29.74S,51.69W
1894-10-01,17.482,0.51,Santa Cruz Do Sul,Brazil,29.74S,51.69W
1894-11-01,20.688,0.654,Santa Cruz Do Sul,Brazil,29.74S,51.69W
1894-12-01,21.712,0.6759999999999999,Santa Cruz Do Sul,Brazil,29.74S,51.69W
1895-01-01,22.543000000000003,0.368,Santa Cruz Do Sul,Brazil,29.74S,51.69W
1895-02-01,23.006,0.956,Santa Cruz Do Sul,Brazil,29.74S,51.69W
1895-03-01,22.679,0.8059999999999999,Santa Cruz Do Sul,Brazil,29.74S,51.69W
1895-04-01,18.204,0.506,Santa Cruz Do Sul,Brazil,29.74S,51.69W
1895-05-01,14.870999999999999,0.716,Santa Cruz Do Sul,Brazil,29.74S,51.69W
1895-06-01,13.927999999999999,0.674,Santa Cruz Do Sul,Brazil,29.74S,51.69W
1895-07-01,12.313,0.742,Santa Cruz Do Sul,Brazil,29.74S,51.69W
1895-08-01,14.632,0.602,Santa Cruz Do Sul,Brazil,29.74S,51.69W
1895-09-01,15.743,0.532,Santa Cruz Do Sul,Brazil,29.74S,51.69W
1895-10-01,17.587,1.021,Santa Cruz Do Sul,Brazil,29.74S,51.69W
1895-11-01,19.921000000000006,1.153,Santa Cruz Do Sul,Brazil,29.74S,51.69W
1895-12-01,23.633000000000003,1.396,Santa Cruz Do Sul,Brazil,29.74S,51.69W
1896-01-01,22.249000000000002,0.46399999999999997,Santa Cruz Do Sul,Brazil,29.74S,51.69W
1896-02-01,22.715,1.156,Santa Cruz Do Sul,Brazil,29.74S,51.69W
1896-03-01,21.180999999999997,0.564,Santa Cruz Do Sul,Brazil,29.74S,51.69W
1896-04-01,18.025,0.768,Santa Cruz Do Sul,Brazil,29.74S,51.69W
1896-05-01,15.399,1.203,Santa Cruz Do Sul,Brazil,29.74S,51.69W
1896-06-01,12.078,0.708,Santa Cruz Do Sul,Brazil,29.74S,51.69W
1896-07-01,13.326,0.599,Santa Cruz Do Sul,Brazil,29.74S,51.69W
1896-08-01,16.143,0.7020000000000001,Santa Cruz Do Sul,Brazil,29.74S,51.69W
1896-09-01,17.213,0.563,Santa Cruz Do Sul,Brazil,29.74S,51.69W
1896-10-01,18.566,0.57,Santa Cruz Do Sul,Brazil,29.74S,51.69W
1896-11-01,21.665000000000006,0.5670000000000001,Santa Cruz Do Sul,Brazil,29.74S,51.69W
1896-12-01,22.969,0.5329999999999999,Santa Cruz Do Sul,Brazil,29.74S,51.69W
1897-01-01,23.279,1.2109999999999999,Santa Cruz Do Sul,Brazil,29.74S,51.69W
1897-02-01,23.738000000000003,1.178,Santa Cruz Do Sul,Brazil,29.74S,51.69W
1897-03-01,22.723000000000003,1.064,Santa Cruz Do Sul,Brazil,29.74S,51.69W
1897-04-01,20.239,0.529,Santa Cruz Do Sul,Brazil,29.74S,51.69W
1897-05-01,16.507,0.617,Santa Cruz Do Sul,Brazil,29.74S,51.69W
1897-06-01,12.776,1.204,Santa Cruz Do Sul,Brazil,29.74S,51.69W
1897-07-01,10.495,0.635,Santa Cruz Do Sul,Brazil,29.74S,51.69W
1897-08-01,12.8,0.765,Santa Cruz Do Sul,Brazil,29.74S,51.69W
1897-09-01,13.991,0.619,Santa Cruz Do Sul,Brazil,29.74S,51.69W
1897-10-01,17.896,1.155,Santa Cruz Do Sul,Brazil,29.74S,51.69W
1897-11-01,20.853,0.84,Santa Cruz Do Sul,Brazil,29.74S,51.69W
1897-12-01,23.932,0.764,Santa Cruz Do Sul,Brazil,29.74S,51.69W
1898-01-01,24.291,1.131,Santa Cruz Do Sul,Brazil,29.74S,51.69W
1898-02-01,24.331,0.741,Santa Cruz Do Sul,Brazil,29.74S,51.69W
1898-03-01,21.589,0.7859999999999999,Santa Cruz Do Sul,Brazil,29.74S,51.69W
1898-04-01,18.227,0.67,Santa Cruz Do Sul,Brazil,29.74S,51.69W
1898-05-01,13.922,1.073,Santa Cruz Do Sul,Brazil,29.74S,51.69W
1898-06-01,14.671,0.983,Santa Cruz Do Sul,Brazil,29.74S,51.69W
1898-07-01,11.603,0.848,Santa Cruz Do Sul,Brazil,29.74S,51.69W
1898-08-01,11.784,0.7509999999999999,Santa Cruz Do Sul,Brazil,29.74S,51.69W
1898-09-01,13.94,0.82,Santa Cruz Do Sul,Brazil,29.74S,51.69W
1898-10-01,16.0,0.585,Santa Cruz Do Sul,Brazil,29.74S,51.69W
1898-11-01,18.98,0.998,Santa Cruz Do Sul,Brazil,29.74S,51.69W
1898-12-01,22.001,1.245,Santa Cruz Do Sul,Brazil,29.74S,51.69W
1899-01-01,23.633000000000003,0.84,Santa Cruz Do Sul,Brazil,29.74S,51.69W
1899-02-01,22.729,0.92,Santa Cruz Do Sul,Brazil,29.74S,51.69W
1899-03-01,22.575,0.7879999999999999,Santa Cruz Do Sul,Brazil,29.74S,51.69W
1899-04-01,19.093,0.742,Santa Cruz Do Sul,Brazil,29.74S,51.69W
1899-05-01,16.965,1.051,Santa Cruz Do Sul,Brazil,29.74S,51.69W
1899-06-01,11.002,1.4509999999999998,Santa Cruz Do Sul,Brazil,29.74S,51.69W
1899-07-01,14.823,0.8079999999999999,Santa Cruz Do Sul,Brazil,29.74S,51.69W
1899-08-01,15.117,0.763,Santa Cruz Do Sul,Brazil,29.74S,51.69W
1899-09-01,15.011,0.675,Santa Cruz Do Sul,Brazil,29.74S,51.69W
1899-10-01,17.322,0.81,Santa Cruz Do Sul,Brazil,29.74S,51.69W
1899-11-01,20.033,0.741,Santa Cruz Do Sul,Brazil,29.74S,51.69W
1899-12-01,22.119,0.7290000000000001,Santa Cruz Do Sul,Brazil,29.74S,51.69W
1900-01-01,23.791,0.9079999999999999,Santa Cruz Do Sul,Brazil,29.74S,51.69W
1900-02-01,24.219,0.795,Santa Cruz Do Sul,Brazil,29.74S,51.69W
1900-03-01,22.389,0.6940000000000001,Santa Cruz Do Sul,Brazil,29.74S,51.69W
1900-04-01,18.042,0.75,Santa Cruz Do Sul,Brazil,29.74S,51.69W
1900-05-01,15.530999999999999,0.8009999999999999,Santa Cruz Do Sul,Brazil,29.74S,51.69W
1900-06-01,13.811,1.0659999999999998,Santa Cruz Do Sul,Brazil,29.74S,51.69W
1900-07-01,15.137,1.021,Santa Cruz Do Sul,Brazil,29.74S,51.69W
1900-08-01,14.427,0.701,Santa Cruz Do Sul,Brazil,29.74S,51.69W
1900-09-01,16.058,0.584,Santa Cruz Do Sul,Brazil,29.74S,51.69W
1900-10-01,17.768,0.767,Santa Cruz Do Sul,Brazil,29.74S,51.69W
1900-11-01,20.546000000000006,0.867,Santa Cruz Do Sul,Brazil,29.74S,51.69W
1900-12-01,22.381,0.8370000000000001,Santa Cruz Do Sul,Brazil,29.74S,51.69W
1901-01-01,22.176,0.632,Santa Cruz Do Sul,Brazil,29.74S,51.69W
1901-02-01,22.831,0.7659999999999999,Santa Cruz Do Sul,Brazil,29.74S,51.69W
1901-03-01,21.358,0.8109999999999999,Santa Cruz Do Sul,Brazil,29.74S,51.69W
1901-04-01,16.578,0.848,Santa Cruz Do Sul,Brazil,29.74S,51.69W
1901-05-01,15.273,0.958,Santa Cruz Do Sul,Brazil,29.74S,51.69W
1901-06-01,13.385,1.2990000000000002,Santa Cruz Do Sul,Brazil,29.74S,51.69W
1901-07-01,12.591,1.258,Santa Cruz Do Sul,Brazil,29.74S,51.69W
1901-08-01,12.736,0.932,Santa Cruz Do Sul,Brazil,29.74S,51.69W
1901-09-01,16.152,0.738,Santa Cruz Do Sul,Brazil,29.74S,51.69W
1901-10-01,18.396,0.703,Santa Cruz Do Sul,Brazil,29.74S,51.69W
1901-11-01,19.828000000000007,0.804,Santa Cruz Do Sul,Brazil,29.74S,51.69W
1901-12-01,21.944000000000003,0.752,Santa Cruz Do Sul,Brazil,29.74S,51.69W
1902-01-01,22.772,0.7859999999999999,Santa Cruz Do Sul,Brazil,29.74S,51.69W
1902-02-01,24.66,0.809,Santa Cruz Do Sul,Brazil,29.74S,51.69W
1902-03-01,22.15,0.74,Santa Cruz Do Sul,Brazil,29.74S,51.69W
1902-04-01,19.331,0.685,Santa Cruz Do Sul,Brazil,29.74S,51.69W
1902-05-01,16.822,0.8079999999999999,Santa Cruz Do Sul,Brazil,29.74S,51.69W
1902-06-01,14.729,0.9840000000000001,Santa Cruz Do Sul,Brazil,29.74S,51.69W
1902-07-01,13.396999999999998,0.797,Santa Cruz Do Sul,Brazil,29.74S,51.69W
1902-08-01,11.398,0.85,Santa Cruz Do Sul,Brazil,29.74S,51.69W
1902-09-01,15.839,0.596,Santa Cruz Do Sul,Brazil,29.74S,51.69W
1902-10-01,17.046,0.637,Santa Cruz Do Sul,Brazil,29.74S,51.69W
1902-11-01,21.191000000000006,0.6809999999999999,Santa Cruz Do Sul,Brazil,29.74S,51.69W
1902-12-01,22.93,0.611,Santa Cruz Do Sul,Brazil,29.74S,51.69W
1903-01-01,22.538,0.667,Santa Cruz Do Sul,Brazil,29.74S,51.69W
1903-02-01,23.773000000000003,0.6990000000000001,Santa Cruz Do Sul,Brazil,29.74S,51.69W
1903-03-01,22.955,0.6579999999999999,Santa Cruz Do Sul,Brazil,29.74S,51.69W
1903-04-01,18.159000000000002,0.765,Santa Cruz Do Sul,Brazil,29.74S,51.69W
1903-05-01,14.527999999999999,0.777,Santa Cruz Do Sul,Brazil,29.74S,51.69W
1903-06-01,13.892999999999999,0.682,Santa Cruz Do Sul,Brazil,29.74S,51.69W
1903-07-01,12.278,0.867,Santa Cruz Do Sul,Brazil,29.74S,51.69W
1903-08-01,13.579,0.9390000000000001,Santa Cruz Do Sul,Brazil,29.74S,51.69W
1903-09-01,16.785,0.8029999999999999,Santa Cruz Do Sul,Brazil,29.74S,51.69W
1903-10-01,16.869,0.787,Santa Cruz Do Sul,Brazil,29.74S,51.69W
1903-11-01,20.583,0.97,Santa Cruz Do Sul,Brazil,29.74S,51.69W
1903-12-01,22.203000000000003,0.7879999999999999,Santa Cruz Do Sul,Brazil,29.74S,51.69W
1904-01-01,22.245,0.884,Santa Cruz Do Sul,Brazil,29.74S,51.69W
1904-02-01,22.122,0.698,Santa Cruz Do Sul,Brazil,29.74S,51.69W
1904-03-01,22.28,0.648,Santa Cruz Do Sul,Brazil,29.74S,51.69W
1904-04-01,18.561,0.7240000000000001,Santa Cruz Do Sul,Brazil,29.74S,51.69W
1904-05-01,14.072,0.9109999999999999,Santa Cruz Do Sul,Brazil,29.74S,51.69W
1904-06-01,12.052,0.975,Santa Cruz Do Sul,Brazil,29.74S,51.69W
1904-07-01,13.671,0.83,Santa Cruz Do Sul,Brazil,29.74S,51.69W
1904-08-01,13.287,0.7290000000000001,Santa Cruz Do Sul,Brazil,29.74S,51.69W
1904-09-01,16.35,0.7829999999999999,Santa Cruz Do Sul,Brazil,29.74S,51.69W
1904-10-01,17.302,0.629,Santa Cruz Do Sul,Brazil,29.74S,51.69W
1904-11-01,20.26,0.607,Santa Cruz Do Sul,Brazil,29.74S,51.69W
1904-12-01,21.006,0.583,Santa Cruz Do Sul,Brazil,29.74S,51.69W
1905-01-01,21.975,0.9159999999999999,Santa Cruz Do Sul,Brazil,29.74S,51.69W
1905-02-01,22.183000000000003,0.716,Santa Cruz Do Sul,Brazil,29.74S,51.69W
1905-03-01,21.26,0.7020000000000001,Santa Cruz Do Sul,Brazil,29.74S,51.69W
1905-04-01,18.046,0.644,Santa Cruz Do Sul,Brazil,29.74S,51.69W
1905-05-01,14.556,0.8079999999999999,Santa Cruz Do Sul,Brazil,29.74S,51.69W
1905-06-01,13.512,0.9279999999999999,Santa Cruz Do Sul,Brazil,29.74S,51.69W
1905-07-01,11.442,0.9690000000000001,Santa Cruz Do Sul,Brazil,29.74S,51.69W
1905-08-01,13.305,0.785,Santa Cruz Do Sul,Brazil,29.74S,51.69W
1905-09-01,16.232,0.971,Santa Cruz Do Sul,Brazil,29.74S,51.69W
1905-10-01,19.487000000000002,0.899,Santa Cruz Do Sul,Brazil,29.74S,51.69W
1905-11-01,19.743,1.163,Santa Cruz Do Sul,Brazil,29.74S,51.69W
1905-12-01,21.872,0.593,Santa Cruz Do Sul,Brazil,29.74S,51.69W
1906-01-01,23.369,0.6409999999999999,Santa Cruz Do Sul,Brazil,29.74S,51.69W
1906-02-01,23.101999999999997,0.755,Santa Cruz Do Sul,Brazil,29.74S,51.69W
1906-03-01,22.441999999999997,0.894,Santa Cruz Do Sul,Brazil,29.74S,51.69W
1906-04-01,18.903,0.8290000000000001,Santa Cruz Do Sul,Brazil,29.74S,51.69W
1906-05-01,17.046,0.772,Santa Cruz Do Sul,Brazil,29.74S,51.69W
1906-06-01,12.075999999999999,1.198,Santa Cruz Do Sul,Brazil,29.74S,51.69W
1906-07-01,13.344000000000001,0.732,Santa Cruz Do Sul,Brazil,29.74S,51.69W
1906-08-01,14.212,0.711,Santa Cruz Do Sul,Brazil,29.74S,51.69W
1906-09-01,15.198,0.72,Santa Cruz Do Sul,Brazil,29.74S,51.69W
1906-10-01,18.617,0.5770000000000001,Santa Cruz Do Sul,Brazil,29.74S,51.69W
1906-11-01,20.47,0.759,Santa Cruz Do Sul,Brazil,29.74S,51.69W
1906-12-01,22.077,0.899,Santa Cruz Do Sul,Brazil,29.74S,51.69W
1907-01-01,23.056,0.815,Santa Cruz Do Sul,Brazil,29.74S,51.69W
1907-02-01,23.452,0.8290000000000001,Santa Cruz Do Sul,Brazil,29.74S,51.69W
1907-03-01,22.889,0.836,Santa Cruz Do Sul,Brazil,29.74S,51.69W
1907-04-01,18.398,0.602,Santa Cruz Do Sul,Brazil,29.74S,51.69W
1907-05-01,13.218,1.06,Santa Cruz Do Sul,Brazil,29.74S,51.69W
1907-06-01,12.872,0.841,Santa Cruz Do Sul,Brazil,29.74S,51.69W
1907-07-01,12.111,1.1840000000000002,Santa Cruz Do Sul,Brazil,29.74S,51.69W
1907-08-01,12.103,0.7440000000000001,Santa Cruz Do Sul,Brazil,29.74S,51.69W
1907-09-01,15.311,0.6890000000000001,Santa Cruz Do Sul,Brazil,29.74S,51.69W
1907-10-01,16.895,0.73,Santa Cruz Do Sul,Brazil,29.74S,51.69W
1907-11-01,20.089,0.7,Santa Cruz Do Sul,Brazil,29.74S,51.69W
1907-12-01,23.038,0.9540000000000001,Santa Cruz Do Sul,Brazil,29.74S,51.69W
1908-01-01,22.141,0.629,Santa Cruz Do Sul,Brazil,29.74S,51.69W
1908-02-01,21.953000000000003,0.887,Santa Cruz Do Sul,Brazil,29.74S,51.69W
1908-03-01,21.175,0.973,Santa Cruz Do Sul,Brazil,29.74S,51.69W
1908-04-01,18.002,0.8809999999999999,Santa Cruz Do Sul,Brazil,29.74S,51.69W
1908-05-01,14.3,1.202,Santa Cruz Do Sul,Brazil,29.74S,51.69W
1908-06-01,13.42,0.779,Santa Cruz Do Sul,Brazil,29.74S,51.69W
1908-07-01,12.795,0.925,Santa Cruz Do Sul,Brazil,29.74S,51.69W
1908-08-01,11.976,1.227,Santa Cruz Do Sul,Brazil,29.74S,51.69W
1908-09-01,15.583,0.9129999999999999,Santa Cruz Do Sul,Brazil,29.74S,51.69W
1908-10-01,17.529,0.787,Santa Cruz Do Sul,Brazil,29.74S,51.69W
1908-11-01,19.817,1.02,Santa Cruz Do Sul,Brazil,29.74S,51.69W
1908-12-01,21.881,0.872,Santa Cruz Do Sul,Brazil,29.74S,51.69W
1909-01-01,23.124000000000002,0.7240000000000001,Santa Cruz Do Sul,Brazil,29.74S,51.69W
1909-02-01,22.785,1.026,Santa Cruz Do Sul,Brazil,29.74S,51.69W
1909-03-01,20.392,0.912,Santa Cruz Do Sul,Brazil,29.74S,51.69W
1909-04-01,17.816,0.996,Santa Cruz Do Sul,Brazil,29.74S,51.69W
1909-05-01,12.602,0.68,Santa Cruz Do Sul,Brazil,29.74S,51.69W
1909-06-01,11.562,1.015,Santa Cruz Do Sul,Brazil,29.74S,51.69W
1909-07-01,12.856,0.934,Santa Cruz Do Sul,Brazil,29.74S,51.69W
1909-08-01,15.147,0.723,Santa Cruz Do Sul,Brazil,29.74S,51.69W
1909-09-01,15.812999999999999,0.888,Santa Cruz Do Sul,Brazil,29.74S,51.69W
1909-10-01,16.709,0.794,Santa Cruz Do Sul,Brazil,29.74S,51.69W
1909-11-01,19.399,0.768,Santa Cruz Do Sul,Brazil,29.74S,51.69W
1909-12-01,20.616999999999997,1.3780000000000001,Santa Cruz Do Sul,Brazil,29.74S,51.69W
1910-01-01,23.316,0.746,Santa Cruz Do Sul,Brazil,29.74S,51.69W
1910-02-01,22.091,0.835,Santa Cruz Do Sul,Brazil,29.74S,51.69W
1910-03-01,20.320999999999998,1.341,Santa Cruz Do Sul,Brazil,29.74S,51.69W
1910-04-01,18.482,1.306,Santa Cruz Do Sul,Brazil,29.74S,51.69W
1910-05-01,13.684,0.745,Santa Cruz Do Sul,Brazil,29.74S,51.69W
1910-06-01,13.845999999999998,0.713,Santa Cruz Do Sul,Brazil,29.74S,51.69W
1910-07-01,11.402000000000001,0.914,Santa Cruz Do Sul,Brazil,29.74S,51.69W
1910-08-01,14.177,0.716,Santa Cruz Do Sul,Brazil,29.74S,51.69W
1910-09-01,14.89,0.863,Santa Cruz Do Sul,Brazil,29.74S,51.69W
1910-10-01,16.396,1.5490000000000002,Santa Cruz Do Sul,Brazil,29.74S,51.69W
1910-11-01,19.961,0.621,Santa Cruz Do Sul,Brazil,29.74S,51.69W
1910-12-01,21.87,1.205,Santa Cruz Do Sul,Brazil,29.74S,51.69W
1911-01-01,23.283,0.6459999999999999,Santa Cruz Do Sul,Brazil,29.74S,51.69W
1911-02-01,22.623,0.759,Santa Cruz Do Sul,Brazil,29.74S,51.69W
1911-03-01,20.092,1.2209999999999999,Santa Cruz Do Sul,Brazil,29.74S,51.69W
1911-04-01,17.561,0.716,Santa Cruz Do Sul,Brazil,29.74S,51.69W
1911-05-01,14.675999999999998,0.74,Santa Cruz Do Sul,Brazil,29.74S,51.69W
1911-06-01,10.172,1.004,Santa Cruz Do Sul,Brazil,29.74S,51.69W
1911-07-01,11.171,0.769,Santa Cruz Do Sul,Brazil,29.74S,51.69W
1911-08-01,12.517000000000001,0.863,Santa Cruz Do Sul,Brazil,29.74S,51.69W
1911-09-01,14.075999999999999,0.861,Santa Cruz Do Sul,Brazil,29.74S,51.69W
1911-10-01,16.313,0.818,Santa Cruz Do Sul,Brazil,29.74S,51.69W
1911-11-01,20.576,0.698,Santa Cruz Do Sul,Brazil,29.74S,51.69W
1911-12-01,21.898000000000003,1.093,Santa Cruz Do Sul,Brazil,29.74S,51.69W
1912-01-01,23.348000000000003,0.82,Santa Cruz Do Sul,Brazil,29.74S,51.69W
1912-02-01,24.01,0.861,Santa Cruz Do Sul,Brazil,29.74S,51.69W
1912-03-01,21.967,0.975,Santa Cruz Do Sul,Brazil,29.74S,51.69W
1912-04-01,18.076,0.903,Santa Cruz Do Sul,Brazil,29.74S,51.69W
1912-05-01,15.904000000000002,0.884,Santa Cruz Do Sul,Brazil,29.74S,51.69W
1912-06-01,13.443,1.012,Santa Cruz Do Sul,Brazil,29.74S,51.69W
1912-07-01,10.890999999999998,0.865,Santa Cruz Do Sul,Brazil,29.74S,51.69W
1912-08-01,13.179,1.041,Santa Cruz Do Sul,Brazil,29.74S,51.69W
1912-09-01,13.652999999999999,0.9159999999999999,Santa Cruz Do Sul,Brazil,29.74S,51.69W
1912-10-01,17.317999999999998,0.735,Santa Cruz Do Sul,Brazil,29.74S,51.69W
1912-11-01,20.619000000000003,0.865,Santa Cruz Do Sul,Brazil,29.74S,51.69W
1912-12-01,22.389,0.7290000000000001,Santa Cruz Do Sul,Brazil,29.74S,51.69W
1913-01-01,22.15,0.91,Santa Cruz Do Sul,Brazil,29.74S,51.69W
1913-02-01,23.846,0.669,Santa Cruz Do Sul,Brazil,29.74S,51.69W
1913-03-01,21.473000000000003,0.787,Santa Cruz Do Sul,Brazil,29.74S,51.69W
1913-04-01,19.433,0.8220000000000001,Santa Cruz Do Sul,Brazil,29.74S,51.69W
1913-05-01,16.279,0.946,Santa Cruz Do Sul,Brazil,29.74S,51.69W
1913-06-01,12.298,1.119,Santa Cruz Do Sul,Brazil,29.74S,51.69W
1913-07-01,14.903,0.857,Santa Cruz Do Sul,Brazil,29.74S,51.69W
1913-08-01,14.492,1.067,Santa Cruz Do Sul,Brazil,29.74S,51.69W
1913-09-01,16.022000000000002,0.748,Santa Cruz Do Sul,Brazil,29.74S,51.69W
1913-10-01,18.112000000000002,0.687,Santa Cruz Do Sul,Brazil,29.74S,51.69W
1913-11-01,20.871,0.7879999999999999,Santa Cruz Do Sul,Brazil,29.74S,51.69W
1913-12-01,21.52,0.904,Santa Cruz Do Sul,Brazil,29.74S,51.69W
1914-01-01,24.273000000000003,0.973,Santa Cruz Do Sul,Brazil,29.74S,51.69W
1914-02-01,23.171999999999997,0.7290000000000001,Santa Cruz Do Sul,Brazil,29.74S,51.69W
1914-03-01,21.81,1.034,Santa Cruz Do Sul,Brazil,29.74S,51.69W
1914-04-01,18.55,0.83,Santa Cruz Do Sul,Brazil,29.74S,51.69W
1914-05-01,15.425,0.961,Santa Cruz Do Sul,Brazil,29.74S,51.69W
1914-06-01,15.573,0.775,Santa Cruz Do Sul,Brazil,29.74S,51.69W
1914-07-01,15.167,0.846,Santa Cruz Do Sul,Brazil,29.74S,51.69W
1914-08-01,14.395,1.122,Santa Cruz Do Sul,Brazil,29.74S,51.69W
1914-09-01,15.949000000000002,0.741,Santa Cruz Do Sul,Brazil,29.74S,51.69W
1914-10-01,18.206,0.784,Santa Cruz Do Sul,Brazil,29.74S,51.69W
1914-11-01,20.563,0.7,Santa Cruz Do Sul,Brazil,29.74S,51.69W
1914-12-01,21.578000000000003,1.32,Santa Cruz Do Sul,Brazil,29.74S,51.69W
1915-01-01,23.664,0.852,Santa Cruz Do Sul,Brazil,29.74S,51.69W
1915-02-01,24.573,1.306,Santa Cruz Do Sul,Brazil,29.74S,51.69W
1915-03-01,20.706999999999997,0.7859999999999999,Santa Cruz Do Sul,Brazil,29.74S,51.69W
1915-04-01,20.409000000000002,0.78,Santa Cruz Do Sul,Brazil,29.74S,51.69W
1915-05-01,17.265,1.054,Santa Cruz Do Sul,Brazil,29.74S,51.69W
1915-06-01,11.113,0.8190000000000001,Santa Cruz Do Sul,Brazil,29.74S,51.69W
1915-07-01,12.537999999999998,0.8290000000000001,Santa Cruz Do Sul,Brazil,29.74S,51.69W
1915-08-01,14.71,0.736,Santa Cruz Do Sul,Brazil,29.74S,51.69W
1915-09-01,15.173,0.654,Santa Cruz Do Sul,Brazil,29.74S,51.69W
1915-10-01,17.407,0.8059999999999999,Santa Cruz Do Sul,Brazil,29.74S,51.69W
1915-11-01,19.923,0.948,Santa Cruz Do Sul,Brazil,29.74S,51.69W
1915-12-01,22.163,0.785,Santa Cruz Do Sul,Brazil,29.74S,51.69W
1916-01-01,23.634,0.978,Santa Cruz Do Sul,Brazil,29.74S,51.69W
1916-02-01,22.496,1.421,Santa Cruz Do Sul,Brazil,29.74S,51.69W
1916-03-01,20.358,0.816,Santa Cruz Do Sul,Brazil,29.74S,51.69W
1916-04-01,19.135,1.32,Santa Cruz Do Sul,Brazil,29.74S,51.69W
1916-05-01,16.02,0.922,Santa Cruz Do Sul,Brazil,29.74S,51.69W
1916-06-01,11.164,1.087,Santa Cruz Do Sul,Brazil,29.74S,51.69W
1916-07-01,10.867,0.9440000000000001,Santa Cruz Do Sul,Brazil,29.74S,51.69W
1916-08-01,13.142000000000001,1.073,Santa Cruz Do Sul,Brazil,29.74S,51.69W
1916-09-01,16.451,0.7390000000000001,Santa Cruz Do Sul,Brazil,29.74S,51.69W
1916-10-01,17.465,0.956,Santa Cruz Do Sul,Brazil,29.74S,51.69W
1916-11-01,20.839,0.733,Santa Cruz Do Sul,Brazil,29.74S,51.69W
1916-12-01,21.932,0.8009999999999999,Santa Cruz Do Sul,Brazil,29.74S,51.69W
1917-01-01,23.993000000000002,1.0290000000000001,Santa Cruz Do Sul,Brazil,29.74S,51.69W
1917-02-01,23.347,0.8490000000000001,Santa Cruz Do Sul,Brazil,29.74S,51.69W
1917-03-01,21.107,0.72,Santa Cruz Do Sul,Brazil,29.74S,51.69W
1917-04-01,17.686,0.965,Santa Cruz Do Sul,Brazil,29.74S,51.69W
1917-05-01,12.792,0.9990000000000001,Santa Cruz Do Sul,Brazil,29.74S,51.69W
1917-06-01,12.390999999999998,0.782,Santa Cruz Do Sul,Brazil,29.74S,51.69W
1917-07-01,11.251,1.016,Santa Cruz Do Sul,Brazil,29.74S,51.69W
1917-08-01,12.01,1.012,Santa Cruz Do Sul,Brazil,29.74S,51.69W
1917-09-01,15.818,0.716,Santa Cruz Do Sul,Brazil,29.74S,51.69W
1917-10-01,16.81,0.951,Santa Cruz Do Sul,Brazil,29.74S,51.69W
1917-11-01,19.676,1.287,Santa Cruz Do Sul,Brazil,29.74S,51.69W
1917-12-01,22.951,0.9,Santa Cruz Do Sul,Brazil,29.74S,51.69W
1918-01-01,24.099,0.795,Santa Cruz Do Sul,Brazil,29.74S,51.69W
1918-02-01,22.941999999999997,0.807,Santa Cruz Do Sul,Brazil,29.74S,51.69W
1918-03-01,21.691,0.818,Santa Cruz Do Sul,Brazil,29.74S,51.69W
1918-04-01,19.008,0.993,Santa Cruz Do Sul,Brazil,29.74S,51.69W
1918-05-01,14.972999999999999,0.821,Santa Cruz Do Sul,Brazil,29.74S,51.69W
1918-06-01,12.595,1.112,Santa Cruz Do Sul,Brazil,29.74S,51.69W
1918-07-01,11.922,0.8290000000000001,Santa Cruz Do Sul,Brazil,29.74S,51.69W
1918-08-01,13.375,0.797,Santa Cruz Do Sul,Brazil,29.74S,51.69W
1918-09-01,15.239,0.883,Santa Cruz Do Sul,Brazil,29.74S,51.69W
1918-10-01,17.438,0.883,Santa Cruz Do Sul,Brazil,29.74S,51.69W
1918-11-01,20.673,0.8220000000000001,Santa Cruz Do Sul,Brazil,29.74S,51.69W
1918-12-01,21.872,0.922,Santa Cruz Do Sul,Brazil,29.74S,51.69W
1919-01-01,23.947,1.125,Santa Cruz Do Sul,Brazil,29.74S,51.69W
1919-02-01,22.316999999999997,0.919,Santa Cruz Do Sul,Brazil,29.74S,51.69W
1919-03-01,22.041,0.762,Santa Cruz Do Sul,Brazil,29.74S,51.69W
1919-04-01,19.891,0.727,Santa Cruz Do Sul,Brazil,29.74S,51.69W
1919-05-01,17.432000000000002,1.175,Santa Cruz Do Sul,Brazil,29.74S,51.69W
1919-06-01,13.700999999999999,0.915,Santa Cruz Do Sul,Brazil,29.74S,51.69W
1919-07-01,14.262,1.36,Santa Cruz Do Sul,Brazil,29.74S,51.69W
1919-08-01,13.01,0.9209999999999999,Santa Cruz Do Sul,Brazil,29.74S,51.69W
1919-09-01,15.557,1.5219999999999998,Santa Cruz Do Sul,Brazil,29.74S,51.69W
1919-10-01,17.648,0.853,Santa Cruz Do Sul,Brazil,29.74S,51.69W
1919-11-01,20.910999999999998,1.489,Santa Cruz Do Sul,Brazil,29.74S,51.69W
1919-12-01,22.735,1.225,Santa Cruz Do Sul,Brazil,29.74S,51.69W
1920-01-01,24.154,0.7490000000000001,Santa Cruz Do Sul,Brazil,29.74S,51.69W
1920-02-01,23.388,0.6809999999999999,Santa Cruz Do Sul,Brazil,29.74S,51.69W
1920-03-01,22.728,0.845,Santa Cruz Do Sul,Brazil,29.74S,51.69W
1920-04-01,19.742,0.7909999999999999,Santa Cruz Do Sul,Brazil,29.74S,51.69W
1920-05-01,15.853,1.001,Santa Cruz Do Sul,Brazil,29.74S,51.69W
1920-06-01,12.575999999999999,0.8079999999999999,Santa Cruz Do Sul,Brazil,29.74S,51.69W
1920-07-01,11.803,1.205,Santa Cruz Do Sul,Brazil,29.74S,51.69W
1920-08-01,12.392000000000001,0.7809999999999999,Santa Cruz Do Sul,Brazil,29.74S,51.69W
1920-09-01,15.49,0.67,Santa Cruz Do Sul,Brazil,29.74S,51.69W
1920-10-01,17.887,0.7979999999999999,Santa Cruz Do Sul,Brazil,29.74S,51.69W
1920-11-01,20.712000000000003,0.919,Santa Cruz Do Sul,Brazil,29.74S,51.69W
1920-12-01,22.308000000000003,0.943,Santa Cruz Do Sul,Brazil,29.74S,51.69W
1921-01-01,23.247,0.7509999999999999,Santa Cruz Do Sul,Brazil,29.74S,51.69W
1921-02-01,23.466,0.8029999999999999,Santa Cruz Do Sul,Brazil,29.74S,51.69W
1921-03-01,21.789,0.691,Santa Cruz Do Sul,Brazil,29.74S,51.69W
1921-04-01,18.213,0.768,Santa Cruz Do Sul,Brazil,29.74S,51.69W
1921-05-01,16.688,1.399,Santa Cruz Do Sul,Brazil,29.74S,51.69W
1921-06-01,11.155,0.9740000000000001,Santa Cruz Do Sul,Brazil,29.74S,51.69W
1921-07-01,11.151,0.9520000000000001,Santa Cruz Do Sul,Brazil,29.74S,51.69W
1921-08-01,14.329,0.815,Santa Cruz Do Sul,Brazil,29.74S,51.69W
1921-09-01,15.279000000000002,0.768,Santa Cruz Do Sul,Brazil,29.74S,51.69W
1921-10-01,17.125,0.79,Santa Cruz Do Sul,Brazil,29.74S,51.69W
1921-11-01,19.488000000000003,0.715,Santa Cruz Do Sul,Brazil,29.74S,51.69W
1921-12-01,23.119,0.674,Santa Cruz Do Sul,Brazil,29.74S,51.69W
1922-01-01,23.226,0.746,Santa Cruz Do Sul,Brazil,29.74S,51.69W
1922-02-01,22.715,0.711,Santa Cruz Do Sul,Brazil,29.74S,51.69W
1922-03-01,21.62,0.6890000000000001,Santa Cruz Do Sul,Brazil,29.74S,51.69W
1922-04-01,18.19,0.795,Santa Cruz Do Sul,Brazil,29.74S,51.69W
1922-05-01,15.204,0.9440000000000001,Santa Cruz Do Sul,Brazil,29.74S,51.69W
1922-06-01,12.343,0.782,Santa Cruz Do Sul,Brazil,29.74S,51.69W
1922-07-01,14.422,1.0170000000000001,Santa Cruz Do Sul,Brazil,29.74S,51.69W
1922-08-01,14.611,0.845,Santa Cruz Do Sul,Brazil,29.74S,51.69W
1922-09-01,15.925,0.66,Santa Cruz Do Sul,Brazil,29.74S,51.69W
1922-10-01,16.262999999999998,0.752,Santa Cruz Do Sul,Brazil,29.74S,51.69W
1922-11-01,20.860000000000007,0.802,Santa Cruz Do Sul,Brazil,29.74S,51.69W
1922-12-01,21.939,0.715,Santa Cruz Do Sul,Brazil,29.74S,51.69W
1923-01-01,23.558000000000003,0.688,Santa Cruz Do Sul,Brazil,29.74S,51.69W
1923-02-01,24.116,0.8140000000000001,Santa Cruz Do Sul,Brazil,29.74S,51.69W
1923-03-01,23.046999999999997,0.669,Santa Cruz Do Sul,Brazil,29.74S,51.69W
1923-04-01,19.689,0.705,Santa Cruz Do Sul,Brazil,29.74S,51.69W
1923-05-01,13.886,0.765,Santa Cruz Do Sul,Brazil,29.74S,51.69W
1923-06-01,13.225999999999999,0.7829999999999999,Santa Cruz Do Sul,Brazil,29.74S,51.69W
1923-07-01,11.229000000000001,0.7959999999999999,Santa Cruz Do Sul,Brazil,29.74S,51.69W
1923-08-01,14.218,0.74,Santa Cruz Do Sul,Brazil,29.74S,51.69W
1923-09-01,15.671,0.7290000000000001,Santa Cruz Do Sul,Brazil,29.74S,51.69W
1923-10-01,16.651,1.048,Santa Cruz Do Sul,Brazil,29.74S,51.69W
1923-11-01,20.199,0.8059999999999999,Santa Cruz Do Sul,Brazil,29.74S,51.69W
1923-12-01,22.296,1.155,Santa Cruz Do Sul,Brazil,29.74S,51.69W
1924-01-01,22.044,0.828,Santa Cruz Do Sul,Brazil,29.74S,51.69W
1924-02-01,22.356,0.953,Santa Cruz Do Sul,Brazil,29.74S,51.69W
1924-03-01,22.125,0.757,Santa Cruz Do Sul,Brazil,29.74S,51.69W
1924-04-01,16.686,1.81,Santa Cruz Do Sul,Brazil,29.74S,51.69W
1924-05-01,13.357000000000001,1.179,Santa Cruz Do Sul,Brazil,29.74S,51.69W
1924-06-01,13.035,0.452,Santa Cruz Do Sul,Brazil,29.74S,51.69W
1924-07-01,12.035,0.43200000000000005,Santa Cruz Do Sul,Brazil,29.74S,51.69W
1924-08-01,11.857000000000001,0.451,Santa Cruz Do Sul,Brazil,29.74S,51.69W
1924-09-01,14.635,0.348,Santa Cruz Do Sul,Brazil,29.74S,51.69W
1924-10-01,16.047,0.4,Santa Cruz Do Sul,Brazil,29.74S,51.69W
1924-11-01,18.403,1.272,Santa Cruz Do Sul,Brazil,29.74S,51.69W
1924-12-01,23.051,0.977,Santa Cruz Do Sul,Brazil,29.74S,51.69W
1925-01-01,23.863000000000003,0.738,Santa Cruz Do Sul,Brazil,29.74S,51.69W
1925-02-01,24.891,0.73,Santa Cruz Do Sul,Brazil,29.74S,51.69W
1925-03-01,22.801,0.604,Santa Cruz Do Sul,Brazil,29.74S,51.69W
1925-04-01,19.447,0.525,Santa Cruz Do Sul,Brazil,29.74S,51.69W
1925-05-01,14.645999999999999,0.436,Santa Cruz Do Sul,Brazil,29.74S,51.69W
1925-06-01,10.15,1.524,Santa Cruz Do Sul,Brazil,29.74S,51.69W
1925-07-01,10.885,0.491,Santa Cruz Do Sul,Brazil,29.74S,51.69W
1925-08-01,15.151,0.69,Santa Cruz Do Sul,Brazil,29.74S,51.69W
1925-09-01,16.102999999999998,0.528,Santa Cruz Do Sul,Brazil,29.74S,51.69W
1925-10-01,17.115,0.713,Santa Cruz Do Sul,Brazil,29.74S,51.69W
1925-11-01,21.134,0.41200000000000003,Santa Cruz Do Sul,Brazil,29.74S,51.69W
1925-12-01,22.717,0.675,Santa Cruz Do Sul,Brazil,29.74S,51.69W
1926-01-01,24.194000000000003,0.937,Santa Cruz Do Sul,Brazil,29.74S,51.69W
1926-02-01,23.513,0.723,Santa Cruz Do Sul,Brazil,29.74S,51.69W
1926-03-01,24.654,1.56,Santa Cruz Do Sul,Brazil,29.74S,51.69W
1926-04-01,19.453,0.8859999999999999,Santa Cruz Do Sul,Brazil,29.74S,51.69W
1926-05-01,14.484000000000002,0.48,Santa Cruz Do Sul,Brazil,29.74S,51.69W
1926-06-01,14.319,0.711,Santa Cruz Do Sul,Brazil,29.74S,51.69W
1926-07-01,12.188,0.46399999999999997,Santa Cruz Do Sul,Brazil,29.74S,51.69W
1926-08-01,15.481,0.6659999999999999,Santa Cruz Do Sul,Brazil,29.74S,51.69W
1926-09-01,15.807,0.795,Santa Cruz Do Sul,Brazil,29.74S,51.69W
1926-10-01,18.012,0.544,Santa Cruz Do Sul,Brazil,29.74S,51.69W
1926-11-01,21.290000000000006,0.9279999999999999,Santa Cruz Do Sul,Brazil,29.74S,51.69W
1926-12-01,22.635,0.805,Santa Cruz Do Sul,Brazil,29.74S,51.69W
1927-01-01,24.039,0.564,Santa Cruz Do Sul,Brazil,29.74S,51.69W
1927-02-01,24.33,0.9570000000000001,Santa Cruz Do Sul,Brazil,29.74S,51.69W
1927-03-01,22.996,0.6809999999999999,Santa Cruz Do Sul,Brazil,29.74S,51.69W
1927-04-01,18.862000000000002,0.727,Santa Cruz Do Sul,Brazil,29.74S,51.69W
1927-05-01,15.41,0.591,Santa Cruz Do Sul,Brazil,29.74S,51.69W
1927-06-01,12.537,0.46299999999999997,Santa Cruz Do Sul,Brazil,29.74S,51.69W
1927-07-01,12.875,0.418,Santa Cruz Do Sul,Brazil,29.74S,51.69W
1927-08-01,13.781,0.674,Santa Cruz Do Sul,Brazil,29.74S,51.69W
1927-09-01,15.663,0.415,Santa Cruz Do Sul,Brazil,29.74S,51.69W
1927-10-01,17.336,0.37,Santa Cruz Do Sul,Brazil,29.74S,51.69W
1927-11-01,20.439,0.615,Santa Cruz Do Sul,Brazil,29.74S,51.69W
1927-12-01,21.589000000000002,0.6459999999999999,Santa Cruz Do Sul,Brazil,29.74S,51.69W
1928-01-01,23.247,0.523,Santa Cruz Do Sul,Brazil,29.74S,51.69W
1928-02-01,22.566,0.6729999999999999,Santa Cruz Do Sul,Brazil,29.74S,51.69W
1928-03-01,22.083,0.61,Santa Cruz Do Sul,Brazil,29.74S,51.69W
1928-04-01,20.294,0.49700000000000005,Santa Cruz Do Sul,Brazil,29.74S,51.69W
1928-05-01,15.155999999999999,0.705,Santa Cruz Do Sul,Brazil,29.74S,51.69W
1928-06-01,12.145999999999999,0.6779999999999999,Santa Cruz Do Sul,Brazil,29.74S,51.69W
1928-07-01,12.82,0.561,Santa Cruz Do Sul,Brazil,29.74S,51.69W
1928-08-01,13.41,0.556,Santa Cruz Do Sul,Brazil,29.74S,51.69W
1928-09-01,15.735,0.58,Santa Cruz Do Sul,Brazil,29.74S,51.69W
1928-10-01,18.237000000000002,0.433,Santa Cruz Do Sul,Brazil,29.74S,51.69W
1928-11-01,21.741999999999997,0.444,Santa Cruz Do Sul,Brazil,29.74S,51.69W
1928-12-01,23.01,0.556,Santa Cruz Do Sul,Brazil,29.74S,51.69W
1929-01-01,24.397,0.5720000000000001,Santa Cruz Do Sul,Brazil,29.74S,51.69W
1929-02-01,23.921,0.662,Santa Cruz Do Sul,Brazil,29.74S,51.69W
1929-03-01,21.267,0.41700000000000004,Santa Cruz Do Sul,Brazil,29.74S,51.69W
1929-04-01,18.376,0.354,Santa Cruz Do Sul,Brazil,29.74S,51.69W
1929-05-01,14.347999999999999,0.603,Santa Cruz Do Sul,Brazil,29.74S,51.69W
1929-06-01,11.97,0.44799999999999995,Santa Cruz Do Sul,Brazil,29.74S,51.69W
1929-07-01,13.553,0.691,Santa Cruz Do Sul,Brazil,29.74S,51.69W
1929-08-01,13.931,0.799,Santa Cruz Do Sul,Brazil,29.74S,51.69W
1929-09-01,15.837,0.528,Santa Cruz Do Sul,Brazil,29.74S,51.69W
1929-10-01,18.182000000000002,0.611,Santa Cruz Do Sul,Brazil,29.74S,51.69W
1929-11-01,19.772,0.987,Santa Cruz Do Sul,Brazil,29.74S,51.69W
1929-12-01,22.497,0.778,Santa Cruz Do Sul,Brazil,29.74S,51.69W
1930-01-01,23.755,0.701,Santa Cruz Do Sul,Brazil,29.74S,51.69W
1930-02-01,23.302,0.614,Santa Cruz Do Sul,Brazil,29.74S,51.69W
1930-03-01,21.984,0.44799999999999995,Santa Cruz Do Sul,Brazil,29.74S,51.69W
1930-04-01,19.43,0.8440000000000001,Santa Cruz Do Sul,Brazil,29.74S,51.69W
1930-05-01,16.274,0.441,Santa Cruz Do Sul,Brazil,29.74S,51.69W
1930-06-01,16.637,0.794,Santa Cruz Do Sul,Brazil,29.74S,51.69W
1930-07-01,12.345999999999998,0.688,Santa Cruz Do Sul,Brazil,29.74S,51.69W
1930-08-01,13.136,1.046,Santa Cruz Do Sul,Brazil,29.74S,51.69W
1930-09-01,14.885,0.631,Santa Cruz Do Sul,Brazil,29.74S,51.69W
1930-10-01,16.819000000000003,0.537,Santa Cruz Do Sul,Brazil,29.74S,51.69W
1930-11-01,20.269,0.46299999999999997,Santa Cruz Do Sul,Brazil,29.74S,51.69W
1930-12-01,22.764,0.368,Santa Cruz Do Sul,Brazil,29.74S,51.69W
1931-01-01,24.075,0.486,Santa Cruz Do Sul,Brazil,29.74S,51.69W
1931-02-01,24.225,0.486,Santa Cruz Do Sul,Brazil,29.74S,51.69W
1931-03-01,22.366,0.46399999999999997,Santa Cruz Do Sul,Brazil,29.74S,51.69W
1931-04-01,18.044,0.397,Santa Cruz Do Sul,Brazil,29.74S,51.69W
1931-05-01,13.099,0.58,Santa Cruz Do Sul,Brazil,29.74S,51.69W
1931-06-01,11.435,0.486,Santa Cruz Do Sul,Brazil,29.74S,51.69W
1931-07-01,12.67,0.564,Santa Cruz Do Sul,Brazil,29.74S,51.69W
1931-08-01,13.847000000000001,0.45,Santa Cruz Do Sul,Brazil,29.74S,51.69W
1931-09-01,13.752,0.64,Santa Cruz Do Sul,Brazil,29.74S,51.69W
1931-10-01,18.107,0.39,Santa Cruz Do Sul,Brazil,29.74S,51.69W
1931-11-01,19.322000000000006,0.58,Santa Cruz Do Sul,Brazil,29.74S,51.69W
1931-12-01,22.918000000000003,0.59,Santa Cruz Do Sul,Brazil,29.74S,51.69W
1932-01-01,24.281,0.6759999999999999,Santa Cruz Do Sul,Brazil,29.74S,51.69W
1932-02-01,23.463,0.67,Santa Cruz Do Sul,Brazil,29.74S,51.69W
1932-03-01,22.906999999999996,0.436,Santa Cruz Do Sul,Brazil,29.74S,51.69W
1932-04-01,18.993,0.804,Santa Cruz Do Sul,Brazil,29.74S,51.69W
1932-05-01,14.129000000000001,0.503,Santa Cruz Do Sul,Brazil,29.74S,51.69W
1932-06-01,12.052,0.618,Santa Cruz Do Sul,Brazil,29.74S,51.69W
1932-07-01,15.654000000000002,0.467,Santa Cruz Do Sul,Brazil,29.74S,51.69W
1932-08-01,12.739,0.608,Santa Cruz Do Sul,Brazil,29.74S,51.69W
1932-09-01,16.135,0.377,Santa Cruz Do Sul,Brazil,29.74S,51.69W
1932-10-01,18.972,0.419,Santa Cruz Do Sul,Brazil,29.74S,51.69W
1932-11-01,21.971,0.34600000000000003,Santa Cruz Do Sul,Brazil,29.74S,51.69W
1932-12-01,22.802,0.629,Santa Cruz Do Sul,Brazil,29.74S,51.69W
1933-01-01,23.406,0.578,Santa Cruz Do Sul,Brazil,29.74S,51.69W
1933-02-01,23.344,0.555,Santa Cruz Do Sul,Brazil,29.74S,51.69W
1933-03-01,21.541999999999998,0.773,Santa Cruz Do Sul,Brazil,29.74S,51.69W
1933-04-01,18.517,0.43,Santa Cruz Do Sul,Brazil,29.74S,51.69W
1933-05-01,16.605,0.45299999999999996,Santa Cruz Do Sul,Brazil,29.74S,51.69W
1933-06-01,12.081,0.752,Santa Cruz Do Sul,Brazil,29.74S,51.69W
1933-07-01,10.684000000000001,0.42200000000000004,Santa Cruz Do Sul,Brazil,29.74S,51.69W
1933-08-01,14.161,0.507,Santa Cruz Do Sul,Brazil,29.74S,51.69W
1933-09-01,15.943,0.632,Santa Cruz Do Sul,Brazil,29.74S,51.69W
1933-10-01,18.413,0.6,Santa Cruz Do Sul,Brazil,29.74S,51.69W
1933-11-01,20.217,0.47100000000000003,Santa Cruz Do Sul,Brazil,29.74S,51.69W
1933-12-01,22.4,0.535,Santa Cruz Do Sul,Brazil,29.74S,51.69W
1934-01-01,24.202,0.669,Santa Cruz Do Sul,Brazil,29.74S,51.69W
1934-02-01,22.088,1.25,Santa Cruz Do Sul,Brazil,29.74S,51.69W
1934-03-01,22.826999999999998,0.677,Santa Cruz Do Sul,Brazil,29.74S,51.69W
1934-04-01,16.974,1.065,Santa Cruz Do Sul,Brazil,29.74S,51.69W
1934-05-01,16.23,0.545,Santa Cruz Do Sul,Brazil,29.74S,51.69W
1934-06-01,15.218,0.9309999999999999,Santa Cruz Do Sul,Brazil,29.74S,51.69W
1934-07-01,12.354000000000001,1.077,Santa Cruz Do Sul,Brazil,29.74S,51.69W
1934-08-01,14.129000000000001,0.45899999999999996,Santa Cruz Do Sul,Brazil,29.74S,51.69W
1934-09-01,15.575999999999999,0.589,Santa Cruz Do Sul,Brazil,29.74S,51.69W
1934-10-01,17.384999999999998,0.675,Santa Cruz Do Sul,Brazil,29.74S,51.69W
1934-11-01,20.367,0.631,Santa Cruz Do Sul,Brazil,29.74S,51.69W
1934-12-01,22.11,0.611,Santa Cruz Do Sul,Brazil,29.74S,51.69W
1935-01-01,23.416,0.546,Santa Cruz Do Sul,Brazil,29.74S,51.69W
1935-02-01,23.759,0.722,Santa Cruz Do Sul,Brazil,29.74S,51.69W
1935-03-01,23.366999999999997,0.6409999999999999,Santa Cruz Do Sul,Brazil,29.74S,51.69W
1935-04-01,17.198999999999998,0.7609999999999999,Santa Cruz Do Sul,Brazil,29.74S,51.69W
1935-05-01,15.482,1.002,Santa Cruz Do Sul,Brazil,29.74S,51.69W
1935-06-01,14.503,0.7040000000000001,Santa Cruz Do Sul,Brazil,29.74S,51.69W
1935-07-01,12.93,0.7759999999999999,Santa Cruz Do Sul,Brazil,29.74S,51.69W
1935-08-01,13.549000000000001,0.636,Santa Cruz Do Sul,Brazil,29.74S,51.69W
1935-09-01,14.583,0.6559999999999999,Santa Cruz Do Sul,Brazil,29.74S,51.69W
1935-10-01,16.627,0.755,Santa Cruz Do Sul,Brazil,29.74S,51.69W
1935-11-01,20.447000000000006,0.674,Santa Cruz Do Sul,Brazil,29.74S,51.69W
1935-12-01,22.342,1.239,Santa Cruz Do Sul,Brazil,29.74S,51.69W
1936-01-01,23.605,0.8370000000000001,Santa Cruz Do Sul,Brazil,29.74S,51.69W
1936-02-01,22.566999999999997,0.7759999999999999,Santa Cruz Do Sul,Brazil,29.74S,51.69W
1936-03-01,22.335,0.628,Santa Cruz Do Sul,Brazil,29.74S,51.69W
1936-04-01,18.405,0.68,Santa Cruz Do Sul,Brazil,29.74S,51.69W
1936-05-01,17.586,0.727,Santa Cruz Do Sul,Brazil,29.74S,51.69W
1936-06-01,14.915,0.696,Santa Cruz Do Sul,Brazil,29.74S,51.69W
1936-07-01,13.498,0.6970000000000001,Santa Cruz Do Sul,Brazil,29.74S,51.69W
1936-08-01,12.503,0.669,Santa Cruz Do Sul,Brazil,29.74S,51.69W
1936-09-01,15.38,0.629,Santa Cruz Do Sul,Brazil,29.74S,51.69W
1936-10-01,17.840999999999998,0.731,Santa Cruz Do Sul,Brazil,29.74S,51.69W
1936-11-01,20.171000000000006,0.653,Santa Cruz Do Sul,Brazil,29.74S,51.69W
1936-12-01,22.835,0.645,Santa Cruz Do Sul,Brazil,29.74S,51.69W
1937-01-01,22.934,0.736,Santa Cruz Do Sul,Brazil,29.74S,51.69W
1937-02-01,24.02,0.633,Santa Cruz Do Sul,Brazil,29.74S,51.69W
1937-03-01,21.58,0.8909999999999999,Santa Cruz Do Sul,Brazil,29.74S,51.69W
1937-04-01,17.776,0.6459999999999999,Santa Cruz Do Sul,Brazil,29.74S,51.69W
1937-05-01,14.335,0.698,Santa Cruz Do Sul,Brazil,29.74S,51.69W
1937-06-01,14.455,0.769,Santa Cruz Do Sul,Brazil,29.74S,51.69W
1937-07-01,12.406,1.031,Santa Cruz Do Sul,Brazil,29.74S,51.69W
1937-08-01,15.074000000000002,0.726,Santa Cruz Do Sul,Brazil,29.74S,51.69W
1937-09-01,15.314,0.7140000000000001,Santa Cruz Do Sul,Brazil,29.74S,51.69W
1937-10-01,16.371,0.747,Santa Cruz Do Sul,Brazil,29.74S,51.69W
1937-11-01,19.380000000000006,0.612,Santa Cruz Do Sul,Brazil,29.74S,51.69W
1937-12-01,21.406999999999996,0.723,Santa Cruz Do Sul,Brazil,29.74S,51.69W
1938-01-01,23.247,0.7070000000000001,Santa Cruz Do Sul,Brazil,29.74S,51.69W
1938-02-01,22.754,0.735,Santa Cruz Do Sul,Brazil,29.74S,51.69W
1938-03-01,22.451,0.7929999999999999,Santa Cruz Do Sul,Brazil,29.74S,51.69W
1938-04-01,17.791,0.737,Santa Cruz Do Sul,Brazil,29.74S,51.69W
1938-05-01,15.39,0.73,Santa Cruz Do Sul,Brazil,29.74S,51.69W
1938-06-01,13.841,0.727,Santa Cruz Do Sul,Brazil,29.74S,51.69W
1938-07-01,12.91,0.7809999999999999,Santa Cruz Do Sul,Brazil,29.74S,51.69W
1938-08-01,13.188,0.664,Santa Cruz Do Sul,Brazil,29.74S,51.69W
1938-09-01,16.055999999999997,0.61,Santa Cruz Do Sul,Brazil,29.74S,51.69W
1938-10-01,17.469,0.6679999999999999,Santa Cruz Do Sul,Brazil,29.74S,51.69W
1938-11-01,20.137,0.647,Santa Cruz Do Sul,Brazil,29.74S,51.69W
1938-12-01,22.568,0.659,Santa Cruz Do Sul,Brazil,29.74S,51.69W
1939-01-01,24.527,0.609,Santa Cruz Do Sul,Brazil,29.74S,51.69W
1939-02-01,23.564,0.7170000000000001,Santa Cruz Do Sul,Brazil,29.74S,51.69W
1939-03-01,22.048,0.73,Santa Cruz Do Sul,Brazil,29.74S,51.69W
1939-04-01,17.618,0.818,Santa Cruz Do Sul,Brazil,29.74S,51.69W
1939-05-01,16.075,0.713,Santa Cruz Do Sul,Brazil,29.74S,51.69W
1939-06-01,13.967,0.865,Santa Cruz Do Sul,Brazil,29.74S,51.69W
1939-07-01,12.367,0.7659999999999999,Santa Cruz Do Sul,Brazil,29.74S,51.69W
1939-08-01,15.637,0.639,Santa Cruz Do Sul,Brazil,29.74S,51.69W
1939-09-01,15.378,0.733,Santa Cruz Do Sul,Brazil,29.74S,51.69W
1939-10-01,19.025,0.615,Santa Cruz Do Sul,Brazil,29.74S,51.69W
1939-11-01,19.205,0.698,Santa Cruz Do Sul,Brazil,29.74S,51.69W
1939-12-01,20.884,0.6409999999999999,Santa Cruz Do Sul,Brazil,29.74S,51.69W
1940-01-01,23.303,0.846,Santa Cruz Do Sul,Brazil,29.74S,51.69W
1940-02-01,22.836,0.67,Santa Cruz Do Sul,Brazil,29.74S,51.69W
1940-03-01,21.654,0.992,Santa Cruz Do Sul,Brazil,29.74S,51.69W
1940-04-01,19.044,0.73,Santa Cruz Do Sul,Brazil,29.74S,51.69W
1940-05-01,17.054000000000002,0.73,Santa Cruz Do Sul,Brazil,29.74S,51.69W
1940-06-01,14.796,0.843,Santa Cruz Do Sul,Brazil,29.74S,51.69W
1940-07-01,15.137,0.732,Santa Cruz Do Sul,Brazil,29.74S,51.69W
1940-08-01,13.324000000000002,0.769,Santa Cruz Do Sul,Brazil,29.74S,51.69W
1940-09-01,15.731,0.634,Santa Cruz Do Sul,Brazil,29.74S,51.69W
1940-10-01,16.582,0.6829999999999999,Santa Cruz Do Sul,Brazil,29.74S,51.69W
1940-11-01,20.206000000000003,0.6629999999999999,Santa Cruz Do Sul,Brazil,29.74S,51.69W
1940-12-01,24.072,0.943,Santa Cruz Do Sul,Brazil,29.74S,51.69W
1941-01-01,23.713,0.599,Santa Cruz Do Sul,Brazil,29.74S,51.69W
1941-02-01,22.765,0.619,Santa Cruz Do Sul,Brazil,29.74S,51.69W
1941-03-01,20.506999999999998,0.6729999999999999,Santa Cruz Do Sul,Brazil,29.74S,51.69W
1941-04-01,20.276,0.6609999999999999,Santa Cruz Do Sul,Brazil,29.74S,51.69W
1941-05-01,15.918,0.6579999999999999,Santa Cruz Do Sul,Brazil,29.74S,51.69W
1941-06-01,12.83,0.642,Santa Cruz Do Sul,Brazil,29.74S,51.69W
1941-07-01,12.931,0.632,Santa Cruz Do Sul,Brazil,29.74S,51.69W
1941-08-01,15.087,0.655,Santa Cruz Do Sul,Brazil,29.74S,51.69W
1941-09-01,13.062,0.511,Santa Cruz Do Sul,Brazil,29.74S,51.69W
1941-10-01,17.419,0.648,Santa Cruz Do Sul,Brazil,29.74S,51.69W
1941-11-01,20.049000000000003,0.479,Santa Cruz Do Sul,Brazil,29.74S,51.69W
1941-12-01,21.791,0.58,Santa Cruz Do Sul,Brazil,29.74S,51.69W
1942-01-01,23.997,0.565,Santa Cruz Do Sul,Brazil,29.74S,51.69W
1942-02-01,24.215,0.48100000000000004,Santa Cruz Do Sul,Brazil,29.74S,51.69W
1942-03-01,21.965999999999998,0.524,Santa Cruz Do Sul,Brazil,29.74S,51.69W
1942-04-01,18.299,0.5920000000000001,Santa Cruz Do Sul,Brazil,29.74S,51.69W
1942-05-01,13.654000000000002,0.6970000000000001,Santa Cruz Do Sul,Brazil,29.74S,51.69W
1942-06-01,11.337,0.648,Santa Cruz Do Sul,Brazil,29.74S,51.69W
1942-07-01,10.047999999999998,0.648,Santa Cruz Do Sul,Brazil,29.74S,51.69W
1942-08-01,14.65,0.585,Santa Cruz Do Sul,Brazil,29.74S,51.69W
1942-09-01,15.414000000000001,0.565,Santa Cruz Do Sul,Brazil,29.74S,51.69W
1942-10-01,17.412,0.57,Santa Cruz Do Sul,Brazil,29.74S,51.69W
1942-11-01,21.256999999999998,0.534,Santa Cruz Do Sul,Brazil,29.74S,51.69W
1942-12-01,22.717,0.5589999999999999,Santa Cruz Do Sul,Brazil,29.74S,51.69W
1943-01-01,23.813000000000002,0.595,Santa Cruz Do Sul,Brazil,29.74S,51.69W
1943-02-01,24.466,0.5670000000000001,Santa Cruz Do Sul,Brazil,29.74S,51.69W
1943-03-01,22.787,0.852,Santa Cruz Do Sul,Brazil,29.74S,51.69W
1943-04-01,17.582,0.6459999999999999,Santa Cruz Do Sul,Brazil,29.74S,51.69W
1943-05-01,16.322,0.621,Santa Cruz Do Sul,Brazil,29.74S,51.69W
1943-06-01,14.117,0.7090000000000001,Santa Cruz Do Sul,Brazil,29.74S,51.69W
1943-07-01,14.178999999999998,0.682,Santa Cruz Do Sul,Brazil,29.74S,51.69W
1943-08-01,11.396999999999998,0.583,Santa Cruz Do Sul,Brazil,29.74S,51.69W
1943-09-01,15.663,0.5489999999999999,Santa Cruz Do Sul,Brazil,29.74S,51.69W
1943-10-01,18.832,0.5660000000000001,Santa Cruz Do Sul,Brazil,29.74S,51.69W
1943-11-01,20.322000000000006,0.5329999999999999,Santa Cruz Do Sul,Brazil,29.74S,51.69W
1943-12-01,22.222,0.826,Santa Cruz Do Sul,Brazil,29.74S,51.69W
1944-01-01,23.394000000000002,0.605,Santa Cruz Do Sul,Brazil,29.74S,51.69W
1944-02-01,24.046999999999997,0.662,Santa Cruz Do Sul,Brazil,29.74S,51.69W
1944-03-01,21.92,0.591,Santa Cruz Do Sul,Brazil,29.74S,51.69W
1944-04-01,17.604,0.629,Santa Cruz Do Sul,Brazil,29.74S,51.69W
1944-05-01,15.537,0.603,Santa Cruz Do Sul,Brazil,29.74S,51.69W
1944-06-01,13.512,0.65,Santa Cruz Do Sul,Brazil,29.74S,51.69W
1944-07-01,12.754000000000001,0.672,Santa Cruz Do Sul,Brazil,29.74S,51.69W
1944-08-01,15.545,0.5760000000000001,Santa Cruz Do Sul,Brazil,29.74S,51.69W
1944-09-01,17.374000000000002,0.551,Santa Cruz Do Sul,Brazil,29.74S,51.69W
1944-10-01,19.704,0.675,Santa Cruz Do Sul,Brazil,29.74S,51.69W
1944-11-01,20.104000000000006,0.643,Santa Cruz Do Sul,Brazil,29.74S,51.69W
1944-12-01,22.958000000000002,0.777,Santa Cruz Do Sul,Brazil,29.74S,51.69W
1945-01-01,24.194000000000003,0.556,Santa Cruz Do Sul,Brazil,29.74S,51.69W
1945-02-01,24.079,0.607,Santa Cruz Do Sul,Brazil,29.74S,51.69W
1945-03-01,22.073,0.578,Santa Cruz Do Sul,Brazil,29.74S,51.69W
1945-04-01,19.728,0.601,Santa Cruz Do Sul,Brazil,29.74S,51.69W
1945-05-01,14.744000000000002,0.599,Santa Cruz Do Sul,Brazil,29.74S,51.69W
1945-06-01,11.398,0.736,Santa Cruz Do Sul,Brazil,29.74S,51.69W
1945-07-01,12.797,0.61,Santa Cruz Do Sul,Brazil,29.74S,51.69W
1945-08-01,16.23,0.672,Santa Cruz Do Sul,Brazil,29.74S,51.69W
1945-09-01,15.970999999999998,0.698,Santa Cruz Do Sul,Brazil,29.74S,51.69W
1945-10-01,19.555,0.55,Santa Cruz Do Sul,Brazil,29.74S,51.69W
1945-11-01,20.535999999999998,0.708,Santa Cruz Do Sul,Brazil,29.74S,51.69W
1945-12-01,21.91,0.623,Santa Cruz Do Sul,Brazil,29.74S,51.69W
1946-01-01,22.784000000000002,0.637,Santa Cruz Do Sul,Brazil,29.74S,51.69W
1946-02-01,23.996,0.521,Santa Cruz Do Sul,Brazil,29.74S,51.69W
1946-03-01,21.338,0.56,Santa Cruz Do Sul,Brazil,29.74S,51.69W
1946-04-01,18.25,0.623,Santa Cruz Do Sul,Brazil,29.74S,51.69W
1946-05-01,16.032,0.652,Santa Cruz Do Sul,Brazil,29.74S,51.69W
1946-06-01,12.404000000000002,0.6509999999999999,Santa Cruz Do Sul,Brazil,29.74S,51.69W
1946-07-01,11.1,0.6779999999999999,Santa Cruz Do Sul,Brazil,29.74S,51.69W
1946-08-01,14.871,0.607,Santa Cruz Do Sul,Brazil,29.74S,51.69W
1946-09-01,17.000999999999998,0.527,Santa Cruz Do Sul,Brazil,29.74S,51.69W
1946-10-01,17.724999999999994,0.606,Santa Cruz Do Sul,Brazil,29.74S,51.69W
1946-11-01,21.493,0.519,Santa Cruz Do Sul,Brazil,29.74S,51.69W
1946-12-01,21.596999999999998,0.535,Santa Cruz Do Sul,Brazil,29.74S,51.69W
1947-01-01,23.542,0.562,Santa Cruz Do Sul,Brazil,29.74S,51.69W
1947-02-01,24.218000000000004,0.85,Santa Cruz Do Sul,Brazil,29.74S,51.69W
1947-03-01,21.555999999999997,0.507,Santa Cruz Do Sul,Brazil,29.74S,51.69W
1947-04-01,18.482,0.6659999999999999,Santa Cruz Do Sul,Brazil,29.74S,51.69W
1947-05-01,15.722000000000001,0.5670000000000001,Santa Cruz Do Sul,Brazil,29.74S,51.69W
1947-06-01,14.692,0.867,Santa Cruz Do Sul,Brazil,29.74S,51.69W
1947-07-01,11.521999999999998,0.667,Santa Cruz Do Sul,Brazil,29.74S,51.69W
1947-08-01,12.969000000000001,0.745,Santa Cruz Do Sul,Brazil,29.74S,51.69W
1947-09-01,15.212,0.544,Santa Cruz Do Sul,Brazil,29.74S,51.69W
1947-10-01,16.750999999999998,0.57,Santa Cruz Do Sul,Brazil,29.74S,51.69W
1947-11-01,20.614,0.677,Santa Cruz Do Sul,Brazil,29.74S,51.69W
1947-12-01,21.748,0.626,Santa Cruz Do Sul,Brazil,29.74S,51.69W
1948-01-01,24.558000000000003,0.7659999999999999,Santa Cruz Do Sul,Brazil,29.74S,51.69W
1948-02-01,23.018,0.541,Santa Cruz Do Sul,Brazil,29.74S,51.69W
1948-03-01,21.104,0.71,Santa Cruz Do Sul,Brazil,29.74S,51.69W
1948-04-01,18.354,0.508,Santa Cruz Do Sul,Brazil,29.74S,51.69W
1948-05-01,15.020999999999999,0.5670000000000001,Santa Cruz Do Sul,Brazil,29.74S,51.69W
1948-06-01,14.463,0.639,Santa Cruz Do Sul,Brazil,29.74S,51.69W
1948-07-01,13.353,0.613,Santa Cruz Do Sul,Brazil,29.74S,51.69W
1948-08-01,12.112,0.665,Santa Cruz Do Sul,Brazil,29.74S,51.69W
1948-09-01,16.265,0.523,Santa Cruz Do Sul,Brazil,29.74S,51.69W
1948-10-01,17.532,0.883,Santa Cruz Do Sul,Brazil,29.74S,51.69W
1948-11-01,20.08,0.727,Santa Cruz Do Sul,Brazil,29.74S,51.69W
1948-12-01,24.359,0.852,Santa Cruz Do Sul,Brazil,29.74S,51.69W
1949-01-01,23.608,0.389,Santa Cruz Do Sul,Brazil,29.74S,51.69W
1949-02-01,23.445,0.45799999999999996,Santa Cruz Do Sul,Brazil,29.74S,51.69W
1949-03-01,22.927,0.489,Santa Cruz Do Sul,Brazil,29.74S,51.69W
1949-04-01,17.945,0.5820000000000001,Santa Cruz Do Sul,Brazil,29.74S,51.69W
1949-05-01,15.245999999999999,0.45299999999999996,Santa Cruz Do Sul,Brazil,29.74S,51.69W
1949-06-01,14.805,0.865,Santa Cruz Do Sul,Brazil,29.74S,51.69W
1949-07-01,13.178999999999998,0.544,Santa Cruz Do Sul,Brazil,29.74S,51.69W
1949-08-01,13.805,0.40700000000000003,Santa Cruz Do Sul,Brazil,29.74S,51.69W
1949-09-01,15.272,0.466,Santa Cruz Do Sul,Brazil,29.74S,51.69W
1949-10-01,16.623,0.507,Santa Cruz Do Sul,Brazil,29.74S,51.69W
1949-11-01,21.121,0.41600000000000004,Santa Cruz Do Sul,Brazil,29.74S,51.69W
1949-12-01,22.689,0.418,Santa Cruz Do Sul,Brazil,29.74S,51.69W
1950-01-01,22.799,0.431,Santa Cruz Do Sul,Brazil,29.74S,51.69W
1950-02-01,23.306,0.518,Santa Cruz Do Sul,Brazil,29.74S,51.69W
1950-03-01,22.081999999999997,0.609,Santa Cruz Do Sul,Brazil,29.74S,51.69W
1950-04-01,19.681,0.371,Santa Cruz Do Sul,Brazil,29.74S,51.69W
1950-05-01,17.18,0.39299999999999996,Santa Cruz Do Sul,Brazil,29.74S,51.69W
1950-06-01,14.052,0.758,Santa Cruz Do Sul,Brazil,29.74S,51.69W
1950-07-01,12.138,0.903,Santa Cruz Do Sul,Brazil,29.74S,51.69W
1950-08-01,14.579,1.177,Santa Cruz Do Sul,Brazil,29.74S,51.69W
1950-09-01,15.431,0.397,Santa Cruz Do Sul,Brazil,29.74S,51.69W
1950-10-01,17.027,0.529,Santa Cruz Do Sul,Brazil,29.74S,51.69W
1950-11-01,19.721,0.41100000000000003,Santa Cruz Do Sul,Brazil,29.74S,51.69W
1950-12-01,22.848000000000003,0.304,Santa Cruz Do Sul,Brazil,29.74S,51.69W
1951-01-01,23.568,0.41,Santa Cruz Do Sul,Brazil,29.74S,51.69W
1951-02-01,22.374000000000002,0.462,Santa Cruz Do Sul,Brazil,29.74S,51.69W
1951-03-01,20.660999999999998,0.36700000000000005,Santa Cruz Do Sul,Brazil,29.74S,51.69W
1951-04-01,16.679000000000002,0.41700000000000004,Santa Cruz Do Sul,Brazil,29.74S,51.69W
1951-05-01,16.329,0.484,Santa Cruz Do Sul,Brazil,29.74S,51.69W
1951-06-01,14.288,0.522,Santa Cruz Do Sul,Brazil,29.74S,51.69W
1951-07-01,13.591,0.441,Santa Cruz Do Sul,Brazil,29.74S,51.69W
1951-08-01,14.321,0.498,Santa Cruz Do Sul,Brazil,29.74S,51.69W
1951-09-01,16.465,0.42200000000000004,Santa Cruz Do Sul,Brazil,29.74S,51.69W
1951-10-01,17.237000000000002,0.322,Santa Cruz Do Sul,Brazil,29.74S,51.69W
1951-11-01,20.631999999999998,0.48700000000000004,Santa Cruz Do Sul,Brazil,29.74S,51.69W
1951-12-01,21.976999999999997,0.544,Santa Cruz Do Sul,Brazil,29.74S,51.69W
1952-01-01,24.373,0.664,Santa Cruz Do Sul,Brazil,29.74S,51.69W
1952-02-01,23.794,0.465,Santa Cruz Do Sul,Brazil,29.74S,51.69W
1952-03-01,23.764,0.478,Santa Cruz Do Sul,Brazil,29.74S,51.69W
1952-04-01,16.563,0.815,Santa Cruz Do Sul,Brazil,29.74S,51.69W
1952-05-01,16.903,0.445,Santa Cruz Do Sul,Brazil,29.74S,51.69W
1952-06-01,11.632,0.767,Santa Cruz Do Sul,Brazil,29.74S,51.69W
1952-07-01,13.602,0.385,Santa Cruz Do Sul,Brazil,29.74S,51.69W
1952-08-01,15.171,0.685,Santa Cruz Do Sul,Brazil,29.74S,51.69W
1952-09-01,14.799000000000001,0.446,Santa Cruz Do Sul,Brazil,29.74S,51.69W
1952-10-01,17.445999999999998,0.359,Santa Cruz Do Sul,Brazil,29.74S,51.69W
1952-11-01,20.361,0.515,Santa Cruz Do Sul,Brazil,29.74S,51.69W
1952-12-01,22.465,0.366,Santa Cruz Do Sul,Brazil,29.74S,51.69W
1953-01-01,24.693,0.664,Santa Cruz Do Sul,Brazil,29.74S,51.69W
1953-02-01,23.61,0.698,Santa Cruz Do Sul,Brazil,29.74S,51.69W
1953-03-01,23.826999999999998,0.41600000000000004,Santa Cruz Do Sul,Brazil,29.74S,51.69W
1953-04-01,17.438,1.2830000000000001,Santa Cruz Do Sul,Brazil,29.74S,51.69W
1953-05-01,16.734,0.7390000000000001,Santa Cruz Do Sul,Brazil,29.74S,51.69W
1953-06-01,13.841,0.429,Santa Cruz Do Sul,Brazil,29.74S,51.69W
1953-07-01,10.005,0.33399999999999996,Santa Cruz Do Sul,Brazil,29.74S,51.69W
1953-08-01,15.684000000000001,0.502,Santa Cruz Do Sul,Brazil,29.74S,51.69W
1953-09-01,16.907,0.523,Santa Cruz Do Sul,Brazil,29.74S,51.69W
1953-10-01,17.33,0.289,Santa Cruz Do Sul,Brazil,29.74S,51.69W
1953-11-01,20.209000000000003,0.405,Santa Cruz Do Sul,Brazil,29.74S,51.69W
1953-12-01,22.7,0.342,Santa Cruz Do Sul,Brazil,29.74S,51.69W
1954-01-01,24.013,0.418,Santa Cruz Do Sul,Brazil,29.74S,51.69W
1954-02-01,23.911,0.8590000000000001,Santa Cruz Do Sul,Brazil,29.74S,51.69W
1954-03-01,22.574,0.34700000000000003,Santa Cruz Do Sul,Brazil,29.74S,51.69W
1954-04-01,18.708,0.6409999999999999,Santa Cruz Do Sul,Brazil,29.74S,51.69W
1954-05-01,14.099,0.325,Santa Cruz Do Sul,Brazil,29.74S,51.69W
1954-06-01,13.574000000000002,0.446,Santa Cruz Do Sul,Brazil,29.74S,51.69W
1954-07-01,12.213,0.603,Santa Cruz Do Sul,Brazil,29.74S,51.69W
1954-08-01,14.939,0.551,Santa Cruz Do Sul,Brazil,29.74S,51.69W
1954-09-01,15.549000000000001,0.457,Santa Cruz Do Sul,Brazil,29.74S,51.69W
1954-10-01,16.662,0.693,Santa Cruz Do Sul,Brazil,29.74S,51.69W
1954-11-01,21.065,0.5720000000000001,Santa Cruz Do Sul,Brazil,29.74S,51.69W
1954-12-01,22.526999999999997,0.38799999999999996,Santa Cruz Do Sul,Brazil,29.74S,51.69W
1955-01-01,24.393,0.314,Santa Cruz Do Sul,Brazil,29.74S,51.69W
1955-02-01,24.437,0.5,Santa Cruz Do Sul,Brazil,29.74S,51.69W
1955-03-01,21.906999999999996,0.609,Santa Cruz Do Sul,Brazil,29.74S,51.69W
1955-04-01,18.146,0.36,Santa Cruz Do Sul,Brazil,29.74S,51.69W
1955-05-01,14.084000000000001,0.41100000000000003,Santa Cruz Do Sul,Brazil,29.74S,51.69W
1955-06-01,12.126,0.743,Santa Cruz Do Sul,Brazil,29.74S,51.69W
1955-07-01,10.029,0.7979999999999999,Santa Cruz Do Sul,Brazil,29.74S,51.69W
1955-08-01,13.492,0.513,Santa Cruz Do Sul,Brazil,29.74S,51.69W
1955-09-01,15.529000000000002,0.451,Santa Cruz Do Sul,Brazil,29.74S,51.69W
1955-10-01,16.024,0.708,Santa Cruz Do Sul,Brazil,29.74S,51.69W
1955-11-01,21.180000000000003,0.36,Santa Cruz Do Sul,Brazil,29.74S,51.69W
1955-12-01,23.055999999999997,0.35100000000000003,Santa Cruz Do Sul,Brazil,29.74S,51.69W
1956-01-01,23.478,0.38,Santa Cruz Do Sul,Brazil,29.74S,51.69W
1956-02-01,23.186,0.446,Santa Cruz Do Sul,Brazil,29.74S,51.69W
1956-03-01,21.877,0.368,Santa Cruz Do Sul,Brazil,29.74S,51.69W
1956-04-01,16.811999999999998,0.37,Santa Cruz Do Sul,Brazil,29.74S,51.69W
1956-05-01,11.661,0.838,Santa Cruz Do Sul,Brazil,29.74S,51.69W
1956-06-01,12.225,0.414,Santa Cruz Do Sul,Brazil,29.74S,51.69W
1956-07-01,11.392000000000001,0.506,Santa Cruz Do Sul,Brazil,29.74S,51.69W
1956-08-01,13.693,0.784,Santa Cruz Do Sul,Brazil,29.74S,51.69W
1956-09-01,15.97,0.406,Santa Cruz Do Sul,Brazil,29.74S,51.69W
1956-10-01,18.44,0.32299999999999995,Santa Cruz Do Sul,Brazil,29.74S,51.69W
1956-11-01,20.07,0.596,Santa Cruz Do Sul,Brazil,29.74S,51.69W
1956-12-01,21.767,0.718,Santa Cruz Do Sul,Brazil,29.74S,51.69W
1957-01-01,24.68,0.45299999999999996,Santa Cruz Do Sul,Brazil,29.74S,51.69W
1957-02-01,22.291,0.49,Santa Cruz Do Sul,Brazil,29.74S,51.69W
1957-03-01,22.388,0.379,Santa Cruz Do Sul,Brazil,29.74S,51.69W
1957-04-01,17.939,0.499,Santa Cruz Do Sul,Brazil,29.74S,51.69W
1957-05-01,18.082,0.43700000000000006,Santa Cruz Do Sul,Brazil,29.74S,51.69W
1957-06-01,13.196000000000002,0.5429999999999999,Santa Cruz Do Sul,Brazil,29.74S,51.69W
1957-07-01,12.212,0.467,Santa Cruz Do Sul,Brazil,29.74S,51.69W
1957-08-01,13.478,0.611,Santa Cruz Do Sul,Brazil,29.74S,51.69W
1957-09-01,14.231,0.583,Santa Cruz Do Sul,Brazil,29.74S,51.69W
1957-10-01,18.886,0.44799999999999995,Santa Cruz Do Sul,Brazil,29.74S,51.69W
1957-11-01,20.39,0.474,Santa Cruz Do Sul,Brazil,29.74S,51.69W
1957-12-01,23.39,0.39299999999999996,Santa Cruz Do Sul,Brazil,29.74S,51.69W
1958-01-01,24.617,0.43700000000000006,Santa Cruz Do Sul,Brazil,29.74S,51.69W
1958-02-01,23.758000000000003,0.596,Santa Cruz Do Sul,Brazil,29.74S,51.69W
1958-03-01,21.643,0.349,Santa Cruz Do Sul,Brazil,29.74S,51.69W
1958-04-01,18.49,0.44799999999999995,Santa Cruz Do Sul,Brazil,29.74S,51.69W
1958-05-01,15.432,0.6709999999999999,Santa Cruz Do Sul,Brazil,29.74S,51.69W
1958-06-01,14.482,0.637,Santa Cruz Do Sul,Brazil,29.74S,51.69W
1958-07-01,16.213,0.36200000000000004,Santa Cruz Do Sul,Brazil,29.74S,51.69W
1958-08-01,13.689,0.415,Santa Cruz Do Sul,Brazil,29.74S,51.69W
1958-09-01,15.773,1.921,Santa Cruz Do Sul,Brazil,29.74S,51.69W
1958-10-01,17.709,1.473,Santa Cruz Do Sul,Brazil,29.74S,51.69W
1958-11-01,20.901000000000003,0.46799999999999997,Santa Cruz Do Sul,Brazil,29.74S,51.69W
1958-12-01,22.524,0.46,Santa Cruz Do Sul,Brazil,29.74S,51.69W
1959-01-01,23.422,0.377,Santa Cruz Do Sul,Brazil,29.74S,51.69W
1959-02-01,23.978,0.345,Santa Cruz Do Sul,Brazil,29.74S,51.69W
1959-03-01,22.266,0.6829999999999999,Santa Cruz Do Sul,Brazil,29.74S,51.69W
1959-04-01,19.814,0.40299999999999997,Santa Cruz Do Sul,Brazil,29.74S,51.69W
1959-05-01,14.922,0.5529999999999999,Santa Cruz Do Sul,Brazil,29.74S,51.69W
1959-06-01,12.509,0.49,Santa Cruz Do Sul,Brazil,29.74S,51.69W
1959-07-01,15.167,0.507,Santa Cruz Do Sul,Brazil,29.74S,51.69W
1959-08-01,13.754000000000001,0.531,Santa Cruz Do Sul,Brazil,29.74S,51.69W
1959-09-01,16.032,0.34,Santa Cruz Do Sul,Brazil,29.74S,51.69W
1959-10-01,19.018,0.423,Santa Cruz Do Sul,Brazil,29.74S,51.69W
1959-11-01,20.540000000000006,0.655,Santa Cruz Do Sul,Brazil,29.74S,51.69W
1959-12-01,22.078000000000003,0.324,Santa Cruz Do Sul,Brazil,29.74S,51.69W
1960-01-01,23.973000000000003,0.354,Santa Cruz Do Sul,Brazil,29.74S,51.69W
1960-02-01,23.154,0.568,Santa Cruz Do Sul,Brazil,29.74S,51.69W
1960-03-01,22.146,0.501,Santa Cruz Do Sul,Brazil,29.74S,51.69W
1960-04-01,17.895,0.32799999999999996,Santa Cruz Do Sul,Brazil,29.74S,51.69W
1960-05-01,13.368,0.46,Santa Cruz Do Sul,Brazil,29.74S,51.69W
1960-06-01,13.254,0.397,Santa Cruz Do Sul,Brazil,29.74S,51.69W
1960-07-01,13.653,0.365,Santa Cruz Do Sul,Brazil,29.74S,51.69W
1960-08-01,14.11,0.5720000000000001,Santa Cruz Do Sul,Brazil,29.74S,51.69W
1960-09-01,15.637,0.37799999999999995,Santa Cruz Do Sul,Brazil,29.74S,51.69W
1960-10-01,19.485,0.41600000000000004,Santa Cruz Do Sul,Brazil,29.74S,51.69W
1960-11-01,20.570999999999998,0.33399999999999996,Santa Cruz Do Sul,Brazil,29.74S,51.69W
1960-12-01,22.680999999999997,0.42200000000000004,Santa Cruz Do Sul,Brazil,29.74S,51.69W
1961-01-01,24.347,0.588,Santa Cruz Do Sul,Brazil,29.74S,51.69W
1961-02-01,23.933000000000003,0.71,Santa Cruz Do Sul,Brazil,29.74S,51.69W
1961-03-01,21.435,0.525,Santa Cruz Do Sul,Brazil,29.74S,51.69W
1961-04-01,18.069000000000003,0.528,Santa Cruz Do Sul,Brazil,29.74S,51.69W
1961-05-01,16.340999999999998,0.424,Santa Cruz Do Sul,Brazil,29.74S,51.69W
1961-06-01,13.952,0.42100000000000004,Santa Cruz Do Sul,Brazil,29.74S,51.69W
1961-07-01,13.714,0.542,Santa Cruz Do Sul,Brazil,29.74S,51.69W
1961-08-01,16.395,0.525,Santa Cruz Do Sul,Brazil,29.74S,51.69W
1961-09-01,16.463,0.387,Santa Cruz Do Sul,Brazil,29.74S,51.69W
1961-10-01,19.967,0.29100000000000004,Santa Cruz Do Sul,Brazil,29.74S,51.69W
1961-11-01,21.688,0.405,Santa Cruz Do Sul,Brazil,29.74S,51.69W
1961-12-01,23.084,0.359,Santa Cruz Do Sul,Brazil,29.74S,51.69W
1962-01-01,23.026,0.428,Santa Cruz Do Sul,Brazil,29.74S,51.69W
1962-02-01,22.257,0.41600000000000004,Santa Cruz Do Sul,Brazil,29.74S,51.69W
1962-03-01,22.592,0.35,Santa Cruz Do Sul,Brazil,29.74S,51.69W
1962-04-01,17.991,0.631,Santa Cruz Do Sul,Brazil,29.74S,51.69W
1962-05-01,13.828,0.304,Santa Cruz Do Sul,Brazil,29.74S,51.69W
1962-06-01,12.685,0.8420000000000001,Santa Cruz Do Sul,Brazil,29.74S,51.69W
1962-07-01,10.996,0.616,Santa Cruz Do Sul,Brazil,29.74S,51.69W
1962-08-01,13.409,0.601,Santa Cruz Do Sul,Brazil,29.74S,51.69W
1962-09-01,16.042,0.41600000000000004,Santa Cruz Do Sul,Brazil,29.74S,51.69W
1962-10-01,16.820999999999998,0.509,Santa Cruz Do Sul,Brazil,29.74S,51.69W
1962-11-01,21.425,0.597,Santa Cruz Do Sul,Brazil,29.74S,51.69W
1962-12-01,23.295,0.6779999999999999,Santa Cruz Do Sul,Brazil,29.74S,51.69W
1963-01-01,23.966,0.373,Santa Cruz Do Sul,Brazil,29.74S,51.69W
1963-02-01,23.979,0.34,Santa Cruz Do Sul,Brazil,29.74S,51.69W
1963-03-01,23.098000000000003,0.369,Santa Cruz Do Sul,Brazil,29.74S,51.69W
1963-04-01,19.118,0.368,Santa Cruz Do Sul,Brazil,29.74S,51.69W
1963-05-01,15.842,0.377,Santa Cruz Do Sul,Brazil,29.74S,51.69W
1963-06-01,13.54,0.562,Santa Cruz Do Sul,Brazil,29.74S,51.69W
1963-07-01,14.423,0.423,Santa Cruz Do Sul,Brazil,29.74S,51.69W
1963-08-01,14.198,0.562,Santa Cruz Do Sul,Brazil,29.74S,51.69W
1963-09-01,17.114,0.562,Santa Cruz Do Sul,Brazil,29.74S,51.69W
1963-10-01,18.1,0.401,Santa Cruz Do Sul,Brazil,29.74S,51.69W
1963-11-01,20.017000000000003,0.55,Santa Cruz Do Sul,Brazil,29.74S,51.69W
1963-12-01,21.973000000000003,0.397,Santa Cruz Do Sul,Brazil,29.74S,51.69W
1964-01-01,23.741,0.54,Santa Cruz Do Sul,Brazil,29.74S,51.69W
1964-02-01,23.173000000000002,0.35700000000000004,Santa Cruz Do Sul,Brazil,29.74S,51.69W
1964-03-01,21.815,0.647,Santa Cruz Do Sul,Brazil,29.74S,51.69W
1964-04-01,18.849,0.778,Santa Cruz Do Sul,Brazil,29.74S,51.69W
1964-05-01,15.854,0.42200000000000004,Santa Cruz Do Sul,Brazil,29.74S,51.69W
1964-06-01,11.315999999999999,0.7490000000000001,Santa Cruz Do Sul,Brazil,29.74S,51.69W
1964-07-01,11.178,0.545,Santa Cruz Do Sul,Brazil,29.74S,51.69W
1964-08-01,14.022,0.358,Santa Cruz Do Sul,Brazil,29.74S,51.69W
1964-09-01,15.669,0.28300000000000003,Santa Cruz Do Sul,Brazil,29.74S,51.69W
1964-10-01,16.868,0.429,Santa Cruz Do Sul,Brazil,29.74S,51.69W
1964-11-01,19.369,0.332,Santa Cruz Do Sul,Brazil,29.74S,51.69W
1964-12-01,21.596,0.364,Santa Cruz Do Sul,Brazil,29.74S,51.69W
1965-01-01,23.771,0.284,Santa Cruz Do Sul,Brazil,29.74S,51.69W
1965-02-01,24.559,0.52,Santa Cruz Do Sul,Brazil,29.74S,51.69W
1965-03-01,20.344,0.563,Santa Cruz Do Sul,Brazil,29.74S,51.69W
1965-04-01,18.38,0.34600000000000003,Santa Cruz Do Sul,Brazil,29.74S,51.69W
1965-05-01,14.720999999999998,0.47,Santa Cruz Do Sul,Brazil,29.74S,51.69W
1965-06-01,15.470999999999998,0.945,Santa Cruz Do Sul,Brazil,29.74S,51.69W
1965-07-01,13.222000000000001,1.538,Santa Cruz Do Sul,Brazil,29.74S,51.69W
1965-08-01,14.067,1.5030000000000001,Santa Cruz Do Sul,Brazil,29.74S,51.69W
1965-09-01,15.636,0.365,Santa Cruz Do Sul,Brazil,29.74S,51.69W
1965-10-01,18.498,0.449,Santa Cruz Do Sul,Brazil,29.74S,51.69W
1965-11-01,20.721,0.452,Santa Cruz Do Sul,Brazil,29.74S,51.69W
1965-12-01,22.526,0.376,Santa Cruz Do Sul,Brazil,29.74S,51.69W
1966-01-01,23.67,0.33799999999999997,Santa Cruz Do Sul,Brazil,29.74S,51.69W
1966-02-01,22.79,0.34600000000000003,Santa Cruz Do Sul,Brazil,29.74S,51.69W
1966-03-01,21.921999999999997,0.35100000000000003,Santa Cruz Do Sul,Brazil,29.74S,51.69W
1966-04-01,19.278,0.479,Santa Cruz Do Sul,Brazil,29.74S,51.69W
1966-05-01,16.03,0.507,Santa Cruz Do Sul,Brazil,29.74S,51.69W
1966-06-01,14.364,0.434,Santa Cruz Do Sul,Brazil,29.74S,51.69W
1966-07-01,13.98,0.7390000000000001,Santa Cruz Do Sul,Brazil,29.74S,51.69W
1966-08-01,12.542,0.594,Santa Cruz Do Sul,Brazil,29.74S,51.69W
1966-09-01,14.529000000000002,0.35100000000000003,Santa Cruz Do Sul,Brazil,29.74S,51.69W
1966-10-01,17.378,0.387,Santa Cruz Do Sul,Brazil,29.74S,51.69W
1966-11-01,20.879,0.243,Santa Cruz Do Sul,Brazil,29.74S,51.69W
1966-12-01,22.225,0.376,Santa Cruz Do Sul,Brazil,29.74S,51.69W
1967-01-01,23.223000000000003,0.434,Santa Cruz Do Sul,Brazil,29.74S,51.69W
1967-02-01,23.187,0.465,Santa Cruz Do Sul,Brazil,29.74S,51.69W
1967-03-01,20.936,0.35,Santa Cruz Do Sul,Brazil,29.74S,51.69W
1967-04-01,18.71,0.413,Santa Cruz Do Sul,Brazil,29.74S,51.69W
1967-05-01,17.901,0.924,Santa Cruz Do Sul,Brazil,29.74S,51.69W
1967-06-01,11.682,0.434,Santa Cruz Do Sul,Brazil,29.74S,51.69W
1967-07-01,13.759,0.5920000000000001,Santa Cruz Do Sul,Brazil,29.74S,51.69W
1967-08-01,15.545,0.532,Santa Cruz Do Sul,Brazil,29.74S,51.69W
1967-09-01,16.823,0.307,Santa Cruz Do Sul,Brazil,29.74S,51.69W
1967-10-01,20.029,0.387,Santa Cruz Do Sul,Brazil,29.74S,51.69W
1967-11-01,20.816999999999997,0.307,Santa Cruz Do Sul,Brazil,29.74S,51.69W
1967-12-01,23.384,0.426,Santa Cruz Do Sul,Brazil,29.74S,51.69W
1968-01-01,23.887,0.381,Santa Cruz Do Sul,Brazil,29.74S,51.69W
1968-02-01,23.695,0.677,Santa Cruz Do Sul,Brazil,29.74S,51.69W
1968-03-01,22.443,0.408,Santa Cruz Do Sul,Brazil,29.74S,51.69W
1968-04-01,15.86,0.506,Santa Cruz Do Sul,Brazil,29.74S,51.69W
1968-05-01,13.126,0.616,Santa Cruz Do Sul,Brazil,29.74S,51.69W
1968-06-01,13.325999999999999,0.544,Santa Cruz Do Sul,Brazil,29.74S,51.69W
1968-07-01,14.11,0.579,Santa Cruz Do Sul,Brazil,29.74S,51.69W
1968-08-01,15.047,0.78,Santa Cruz Do Sul,Brazil,29.74S,51.69W
1968-09-01,15.355,0.45899999999999996,Santa Cruz Do Sul,Brazil,29.74S,51.69W
1968-10-01,18.4,0.35100000000000003,Santa Cruz Do Sul,Brazil,29.74S,51.69W
1968-11-01,22.759,0.304,Santa Cruz Do Sul,Brazil,29.74S,51.69W
1968-12-01,23.053,0.40399999999999997,Santa Cruz Do Sul,Brazil,29.74S,51.69W
1969-01-01,23.08,0.441,Santa Cruz Do Sul,Brazil,29.74S,51.69W
1969-02-01,23.866,0.39899999999999997,Santa Cruz Do Sul,Brazil,29.74S,51.69W
1969-03-01,21.888,0.312,Santa Cruz Do Sul,Brazil,29.74S,51.69W
1969-04-01,18.991,0.418,Santa Cruz Do Sul,Brazil,29.74S,51.69W
1969-05-01,16.357,0.32899999999999996,Santa Cruz Do Sul,Brazil,29.74S,51.69W
1969-06-01,13.912,0.45399999999999996,Santa Cruz Do Sul,Brazil,29.74S,51.69W
1969-07-01,13.559000000000001,0.61,Santa Cruz Do Sul,Brazil,29.74S,51.69W
1969-08-01,13.127,0.442,Santa Cruz Do Sul,Brazil,29.74S,51.69W
1969-09-01,16.242,0.298,Santa Cruz Do Sul,Brazil,29.74S,51.69W
1969-10-01,16.88,0.32899999999999996,Santa Cruz Do Sul,Brazil,29.74S,51.69W
1969-11-01,20.616000000000003,0.307,Santa Cruz Do Sul,Brazil,29.74S,51.69W
1969-12-01,22.53,0.34700000000000003,Santa Cruz Do Sul,Brazil,29.74S,51.69W
1970-01-01,23.87,0.605,Santa Cruz Do Sul,Brazil,29.74S,51.69W
1970-02-01,24.405,0.41600000000000004,Santa Cruz Do Sul,Brazil,29.74S,51.69W
1970-03-01,22.886999999999997,0.5589999999999999,Santa Cruz Do Sul,Brazil,29.74S,51.69W
1970-04-01,20.154,0.58,Santa Cruz Do Sul,Brazil,29.74S,51.69W
1970-05-01,16.525,0.409,Santa Cruz Do Sul,Brazil,29.74S,51.69W
1970-06-01,13.842,0.6,Santa Cruz Do Sul,Brazil,29.74S,51.69W
1970-07-01,13.380999999999998,0.504,Santa Cruz Do Sul,Brazil,29.74S,51.69W
1970-08-01,14.228,0.483,Santa Cruz Do Sul,Brazil,29.74S,51.69W
1970-09-01,16.162,0.48200000000000004,Santa Cruz Do Sul,Brazil,29.74S,51.69W
1970-10-01,17.413,0.442,Santa Cruz Do Sul,Brazil,29.74S,51.69W
1970-11-01,18.766,0.34600000000000003,Santa Cruz Do Sul,Brazil,29.74S,51.69W
1970-12-01,22.671999999999997,0.573,Santa Cruz Do Sul,Brazil,29.74S,51.69W
1971-01-01,23.973000000000003,0.8009999999999999,Santa Cruz Do Sul,Brazil,29.74S,51.69W
1971-02-01,23.554000000000002,0.495,Santa Cruz Do Sul,Brazil,29.74S,51.69W
1971-03-01,21.607,0.40399999999999997,Santa Cruz Do Sul,Brazil,29.74S,51.69W
1971-04-01,16.875999999999998,0.33299999999999996,Santa Cruz Do Sul,Brazil,29.74S,51.69W
1971-05-01,13.722999999999999,0.6409999999999999,Santa Cruz Do Sul,Brazil,29.74S,51.69W
1971-06-01,10.960999999999999,0.44299999999999995,Santa Cruz Do Sul,Brazil,29.74S,51.69W
1971-07-01,13.442,0.493,Santa Cruz Do Sul,Brazil,29.74S,51.69W
1971-08-01,14.262,0.556,Santa Cruz Do Sul,Brazil,29.74S,51.69W
1971-09-01,17.75,0.887,Santa Cruz Do Sul,Brazil,29.74S,51.69W
1971-10-01,18.044,0.391,Santa Cruz Do Sul,Brazil,29.74S,51.69W
1971-11-01,20.744000000000003,0.31,Santa Cruz Do Sul,Brazil,29.74S,51.69W
1971-12-01,23.271,0.505,Santa Cruz Do Sul,Brazil,29.74S,51.69W
1972-01-01,23.376,0.39399999999999996,Santa Cruz Do Sul,Brazil,29.74S,51.69W
1972-02-01,22.717,0.293,Santa Cruz Do Sul,Brazil,29.74S,51.69W
1972-03-01,21.804,0.475,Santa Cruz Do Sul,Brazil,29.74S,51.69W
1972-04-01,17.676,0.514,Santa Cruz Do Sul,Brazil,29.74S,51.69W
1972-05-01,17.564,0.354,Santa Cruz Do Sul,Brazil,29.74S,51.69W
1972-06-01,16.177,0.392,Santa Cruz Do Sul,Brazil,29.74S,51.69W
1972-07-01,13.034,0.41,Santa Cruz Do Sul,Brazil,29.74S,51.69W
1972-08-01,13.869000000000002,0.57,Santa Cruz Do Sul,Brazil,29.74S,51.69W
1972-09-01,16.468,0.537,Santa Cruz Do Sul,Brazil,29.74S,51.69W
1972-10-01,17.05,0.439,Santa Cruz Do Sul,Brazil,29.74S,51.69W
1972-11-01,19.677000000000003,0.41100000000000003,Santa Cruz Do Sul,Brazil,29.74S,51.69W
1972-12-01,22.585,0.782,Santa Cruz Do Sul,Brazil,29.74S,51.69W
1973-01-01,24.13,0.29100000000000004,Santa Cruz Do Sul,Brazil,29.74S,51.69W
1973-02-01,23.916,0.278,Santa Cruz Do Sul,Brazil,29.74S,51.69W
1973-03-01,22.169,0.24100000000000002,Santa Cruz Do Sul,Brazil,29.74S,51.69W
1973-04-01,20.202,0.344,Santa Cruz Do Sul,Brazil,29.74S,51.69W
1973-05-01,16.1,0.418,Santa Cruz Do Sul,Brazil,29.74S,51.69W
1973-06-01,14.325999999999999,0.375,Santa Cruz Do Sul,Brazil,29.74S,51.69W
1973-07-01,13.220999999999998,0.451,Santa Cruz Do Sul,Brazil,29.74S,51.69W
1973-08-01,12.36,0.5379999999999999,Santa Cruz Do Sul,Brazil,29.74S,51.69W
1973-09-01,14.967,0.23600000000000002,Santa Cruz Do Sul,Brazil,29.74S,51.69W
1973-10-01,18.057000000000002,0.32899999999999996,Santa Cruz Do Sul,Brazil,29.74S,51.69W
1973-11-01,19.783,0.312,Santa Cruz Do Sul,Brazil,29.74S,51.69W
1973-12-01,22.651999999999997,0.248,Santa Cruz Do Sul,Brazil,29.74S,51.69W
1974-01-01,24.297,0.32899999999999996,Santa Cruz Do Sul,Brazil,29.74S,51.69W
1974-02-01,23.335,0.34600000000000003,Santa Cruz Do Sul,Brazil,29.74S,51.69W
1974-03-01,22.18,0.35200000000000004,Santa Cruz Do Sul,Brazil,29.74S,51.69W
1974-04-01,19.022000000000002,0.248,Santa Cruz Do Sul,Brazil,29.74S,51.69W
1974-05-01,16.73,0.305,Santa Cruz Do Sul,Brazil,29.74S,51.69W
1974-06-01,11.693,0.27,Santa Cruz Do Sul,Brazil,29.74S,51.69W
1974-07-01,14.785,0.405,Santa Cruz Do Sul,Brazil,29.74S,51.69W
1974-08-01,13.935,0.40399999999999997,Santa Cruz Do Sul,Brazil,29.74S,51.69W
1974-09-01,15.536,0.336,Santa Cruz Do Sul,Brazil,29.74S,51.69W
1974-10-01,17.387,0.32899999999999996,Santa Cruz Do Sul,Brazil,29.74S,51.69W
1974-11-01,19.91,0.35200000000000004,Santa Cruz Do Sul,Brazil,29.74S,51.69W
1974-12-01,21.351,0.21100000000000002,Santa Cruz Do Sul,Brazil,29.74S,51.69W
1975-01-01,22.982,0.20600000000000002,Santa Cruz Do Sul,Brazil,29.74S,51.69W
1975-02-01,23.377,0.271,Santa Cruz Do Sul,Brazil,29.74S,51.69W
1975-03-01,22.075,0.204,Santa Cruz Do Sul,Brazil,29.74S,51.69W
1975-04-01,18.61,0.16,Santa Cruz Do Sul,Brazil,29.74S,51.69W
1975-05-01,15.933,0.26,Santa Cruz Do Sul,Brazil,29.74S,51.69W
1975-06-01,13.889,0.23399999999999999,Santa Cruz Do Sul,Brazil,29.74S,51.69W
1975-07-01,12.258,0.43200000000000005,Santa Cruz Do Sul,Brazil,29.74S,51.69W
1975-08-01,14.834000000000001,0.48,Santa Cruz Do Sul,Brazil,29.74S,51.69W
1975-09-01,16.256,0.317,Santa Cruz Do Sul,Brazil,29.74S,51.69W
1975-10-01,17.522000000000002,0.34,Santa Cruz Do Sul,Brazil,29.74S,51.69W
1975-11-01,20.225,0.20800000000000002,Santa Cruz Do Sul,Brazil,29.74S,51.69W
1975-12-01,22.843000000000004,0.17300000000000001,Santa Cruz Do Sul,Brazil,29.74S,51.69W
1976-01-01,23.89,0.177,Santa Cruz Do Sul,Brazil,29.74S,51.69W
1976-02-01,22.931,0.292,Santa Cruz Do Sul,Brazil,29.74S,51.69W
1976-03-01,20.774,0.311,Santa Cruz Do Sul,Brazil,29.74S,51.69W
1976-04-01,17.595,0.221,Santa Cruz Do Sul,Brazil,29.74S,51.69W
1976-05-01,15.484000000000002,0.35700000000000004,Santa Cruz Do Sul,Brazil,29.74S,51.69W
1976-06-01,12.280999999999999,0.24,Santa Cruz Do Sul,Brazil,29.74S,51.69W
1976-07-01,12.815,0.379,Santa Cruz Do Sul,Brazil,29.74S,51.69W
1976-08-01,13.505999999999998,0.39,Santa Cruz Do Sul,Brazil,29.74S,51.69W
1976-09-01,15.265,0.257,Santa Cruz Do Sul,Brazil,29.74S,51.69W
1976-10-01,17.593,0.331,Santa Cruz Do Sul,Brazil,29.74S,51.69W
1976-11-01,20.039,0.254,Santa Cruz Do Sul,Brazil,29.74S,51.69W
1976-12-01,22.619,0.23600000000000002,Santa Cruz Do Sul,Brazil,29.74S,51.69W
1977-01-01,24.123,0.414,Santa Cruz Do Sul,Brazil,29.74S,51.69W
1977-02-01,25.02,0.37,Santa Cruz Do Sul,Brazil,29.74S,51.69W
1977-03-01,22.816999999999997,0.36,Santa Cruz Do Sul,Brazil,29.74S,51.69W
1977-04-01,18.645,0.42700000000000005,Santa Cruz Do Sul,Brazil,29.74S,51.69W
1977-05-01,15.424000000000001,0.489,Santa Cruz Do Sul,Brazil,29.74S,51.69W
1977-06-01,14.222999999999999,0.523,Santa Cruz Do Sul,Brazil,29.74S,51.69W
1977-07-01,16.156,0.397,Santa Cruz Do Sul,Brazil,29.74S,51.69W
1977-08-01,14.065,0.369,Santa Cruz Do Sul,Brazil,29.74S,51.69W
1977-09-01,18.233,0.182,Santa Cruz Do Sul,Brazil,29.74S,51.69W
1977-10-01,20.227,0.242,Santa Cruz Do Sul,Brazil,29.74S,51.69W
1977-11-01,21.197000000000006,0.23800000000000002,Santa Cruz Do Sul,Brazil,29.74S,51.69W
1977-12-01,23.025,0.44799999999999995,Santa Cruz Do Sul,Brazil,29.74S,51.69W
1978-01-01,24.042,0.267,Santa Cruz Do Sul,Brazil,29.74S,51.69W
1978-02-01,23.498,0.9079999999999999,Santa Cruz Do Sul,Brazil,29.74S,51.69W
1978-03-01,22.781,0.341,Santa Cruz Do Sul,Brazil,29.74S,51.69W
1978-04-01,17.4,0.445,Santa Cruz Do Sul,Brazil,29.74S,51.69W
1978-05-01,14.015999999999998,0.337,Santa Cruz Do Sul,Brazil,29.74S,51.69W
1978-06-01,12.999,0.434,Santa Cruz Do Sul,Brazil,29.74S,51.69W
1978-07-01,14.652000000000001,0.335,Santa Cruz Do Sul,Brazil,29.74S,51.69W
1978-08-01,14.384,0.74,Santa Cruz Do Sul,Brazil,29.74S,51.69W
1978-09-01,16.789,0.29600000000000004,Santa Cruz Do Sul,Brazil,29.74S,51.69W
1978-10-01,19.435,0.384,Santa Cruz Do Sul,Brazil,29.74S,51.69W
1978-11-01,20.46,0.4,Santa Cruz Do Sul,Brazil,29.74S,51.69W
1978-12-01,23.092,0.40399999999999997,Santa Cruz Do Sul,Brazil,29.74S,51.69W
1979-01-01,23.049,0.5579999999999999,Santa Cruz Do Sul,Brazil,29.74S,51.69W
1979-02-01,23.757,0.36700000000000005,Santa Cruz Do Sul,Brazil,29.74S,51.69W
1979-03-01,21.090999999999998,0.42,Santa Cruz Do Sul,Brazil,29.74S,51.69W
1979-04-01,17.753999999999994,0.34299999999999997,Santa Cruz Do Sul,Brazil,29.74S,51.69W
1979-05-01,13.989,0.259,Santa Cruz Do Sul,Brazil,29.74S,51.69W
1979-06-01,11.902999999999999,0.669,Santa Cruz Do Sul,Brazil,29.74S,51.69W
1979-07-01,13.088,0.386,Santa Cruz Do Sul,Brazil,29.74S,51.69W
1979-08-01,15.414000000000001,0.35200000000000004,Santa Cruz Do Sul,Brazil,29.74S,51.69W
1979-09-01,15.068,0.303,Santa Cruz Do Sul,Brazil,29.74S,51.69W
1979-10-01,18.61,0.313,Santa Cruz Do Sul,Brazil,29.74S,51.69W
1979-11-01,19.948,0.185,Santa Cruz Do Sul,Brazil,29.74S,51.69W
1979-12-01,22.502,0.284,Santa Cruz Do Sul,Brazil,29.74S,51.69W
1980-01-01,23.245,0.295,Santa Cruz Do Sul,Brazil,29.74S,51.69W
1980-02-01,23.759,0.337,Santa Cruz Do Sul,Brazil,29.74S,51.69W
1980-03-01,24.488000000000003,0.382,Santa Cruz Do Sul,Brazil,29.74S,51.69W
1980-04-01,21.035,0.251,Santa Cruz Do Sul,Brazil,29.74S,51.69W
1980-05-01,17.599,0.314,Santa Cruz Do Sul,Brazil,29.74S,51.69W
1980-06-01,12.931,0.47,Santa Cruz Do Sul,Brazil,29.74S,51.69W
1980-07-01,12.151,0.28,Santa Cruz Do Sul,Brazil,29.74S,51.69W
1980-08-01,14.159,0.302,Santa Cruz Do Sul,Brazil,29.74S,51.69W
1980-09-01,14.042,0.295,Santa Cruz Do Sul,Brazil,29.74S,51.69W
1980-10-01,18.085,0.23399999999999999,Santa Cruz Do Sul,Brazil,29.74S,51.69W
1980-11-01,20.342,0.195,Santa Cruz Do Sul,Brazil,29.74S,51.69W
1980-12-01,22.857,0.21,Santa Cruz Do Sul,Brazil,29.74S,51.69W
1981-01-01,23.707,0.366,Santa Cruz Do Sul,Brazil,29.74S,51.69W
1981-02-01,24.535,0.287,Santa Cruz Do Sul,Brazil,29.74S,51.69W
1981-03-01,21.726999999999997,0.228,Santa Cruz Do Sul,Brazil,29.74S,51.69W
1981-04-01,19.098,0.278,Santa Cruz Do Sul,Brazil,29.74S,51.69W
1981-05-01,19.093,0.273,Santa Cruz Do Sul,Brazil,29.74S,51.69W
1981-06-01,12.341,0.364,Santa Cruz Do Sul,Brazil,29.74S,51.69W
1981-07-01,13.287999999999998,0.27399999999999997,Santa Cruz Do Sul,Brazil,29.74S,51.69W
1981-08-01,15.505999999999998,0.303,Santa Cruz Do Sul,Brazil,29.74S,51.69W
1981-09-01,15.765999999999998,0.369,Santa Cruz Do Sul,Brazil,29.74S,51.69W
1981-10-01,18.039,1.011,Santa Cruz Do Sul,Brazil,29.74S,51.69W
1981-11-01,21.275,0.292,Santa Cruz Do Sul,Brazil,29.74S,51.69W
1981-12-01,21.97,0.48200000000000004,Santa Cruz Do Sul,Brazil,29.74S,51.69W
1982-01-01,23.238000000000003,0.32299999999999995,Santa Cruz Do Sul,Brazil,29.74S,51.69W
1982-02-01,23.616,0.228,Santa Cruz Do Sul,Brazil,29.74S,51.69W
1982-03-01,22.685,0.299,Santa Cruz Do Sul,Brazil,29.74S,51.69W
1982-04-01,19.817,0.203,Santa Cruz Do Sul,Brazil,29.74S,51.69W
1982-05-01,16.489,0.26,Santa Cruz Do Sul,Brazil,29.74S,51.69W
1982-06-01,14.414,0.314,Santa Cruz Do Sul,Brazil,29.74S,51.69W
1982-07-01,14.034,0.256,Santa Cruz Do Sul,Brazil,29.74S,51.69W
1982-08-01,15.86,0.408,Santa Cruz Do Sul,Brazil,29.74S,51.69W
1982-09-01,17.719,0.33299999999999996,Santa Cruz Do Sul,Brazil,29.74S,51.69W
1982-10-01,17.779,0.278,Santa Cruz Do Sul,Brazil,29.74S,51.69W
1982-11-01,19.771,0.301,Santa Cruz Do Sul,Brazil,29.74S,51.69W
1982-12-01,22.523000000000003,0.36,Santa Cruz Do Sul,Brazil,29.74S,51.69W
1983-01-01,24.518,0.28,Santa Cruz Do Sul,Brazil,29.74S,51.69W
1983-02-01,23.446,0.28,Santa Cruz Do Sul,Brazil,29.74S,51.69W
1983-03-01,21.162,0.348,Santa Cruz Do Sul,Brazil,29.74S,51.69W
1983-04-01,19.126,1.034,Santa Cruz Do Sul,Brazil,29.74S,51.69W
1983-05-01,16.486,0.24600000000000002,Santa Cruz Do Sul,Brazil,29.74S,51.69W
1983-06-01,11.765,0.312,Santa Cruz Do Sul,Brazil,29.74S,51.69W
1983-07-01,12.308,0.22399999999999998,Santa Cruz Do Sul,Brazil,29.74S,51.69W
1983-08-01,14.339,0.355,Santa Cruz Do Sul,Brazil,29.74S,51.69W
1983-09-01,14.065999999999999,0.46799999999999997,Santa Cruz Do Sul,Brazil,29.74S,51.69W
1983-10-01,18.722,0.28800000000000003,Santa Cruz Do Sul,Brazil,29.74S,51.69W
1983-11-01,21.44,0.23600000000000002,Santa Cruz Do Sul,Brazil,29.74S,51.69W
1983-12-01,23.869,0.247,Santa Cruz Do Sul,Brazil,29.74S,51.69W
1984-01-01,25.098000000000003,0.42100000000000004,Santa Cruz Do Sul,Brazil,29.74S,51.69W
1984-02-01,25.879,0.27699999999999997,Santa Cruz Do Sul,Brazil,29.74S,51.69W
1984-03-01,22.744,0.228,Santa Cruz Do Sul,Brazil,29.74S,51.69W
1984-04-01,18.423,0.21899999999999997,Santa Cruz Do Sul,Brazil,29.74S,51.69W
1984-05-01,16.735,0.365,Santa Cruz Do Sul,Brazil,29.74S,51.69W
1984-06-01,13.104,0.344,Santa Cruz Do Sul,Brazil,29.74S,51.69W
1984-07-01,13.328,0.366,Santa Cruz Do Sul,Brazil,29.74S,51.69W
1984-08-01,12.14,0.371,Santa Cruz Do Sul,Brazil,29.74S,51.69W
1984-09-01,15.530999999999999,0.315,Santa Cruz Do Sul,Brazil,29.74S,51.69W
1984-10-01,19.541,0.5,Santa Cruz Do Sul,Brazil,29.74S,51.69W
1984-11-01,20.365,0.299,Santa Cruz Do Sul,Brazil,29.74S,51.69W
1984-12-01,21.206,0.228,Santa Cruz Do Sul,Brazil,29.74S,51.69W
1985-01-01,23.644000000000002,0.27399999999999997,Santa Cruz Do Sul,Brazil,29.74S,51.69W
1985-02-01,24.058000000000003,0.261,Santa Cruz Do Sul,Brazil,29.74S,51.69W
1985-03-01,22.629,0.381,Santa Cruz Do Sul,Brazil,29.74S,51.69W
1985-04-01,19.454,0.4,Santa Cruz Do Sul,Brazil,29.74S,51.69W
1985-05-01,15.436,0.39299999999999996,Santa Cruz Do Sul,Brazil,29.74S,51.69W
1985-06-01,13.757,0.46,Santa Cruz Do Sul,Brazil,29.74S,51.69W
1985-07-01,13.704,0.376,Santa Cruz Do Sul,Brazil,29.74S,51.69W
1985-08-01,14.946,0.408,Santa Cruz Do Sul,Brazil,29.74S,51.69W
1985-09-01,16.812,0.314,Santa Cruz Do Sul,Brazil,29.74S,51.69W
1985-10-01,19.427,0.355,Santa Cruz Do Sul,Brazil,29.74S,51.69W
1985-11-01,23.014000000000006,0.545,Santa Cruz Do Sul,Brazil,29.74S,51.69W
1985-12-01,23.883000000000003,0.637,Santa Cruz Do Sul,Brazil,29.74S,51.69W
1986-01-01,25.536,0.254,Santa Cruz Do Sul,Brazil,29.74S,51.69W
1986-02-01,23.884,0.517,Santa Cruz Do Sul,Brazil,29.74S,51.69W
1986-03-01,21.925,0.384,Santa Cruz Do Sul,Brazil,29.74S,51.69W
1986-04-01,20.133,0.377,Santa Cruz Do Sul,Brazil,29.74S,51.69W
1986-05-01,16.337,0.5660000000000001,Santa Cruz Do Sul,Brazil,29.74S,51.69W
1986-06-01,15.546,0.502,Santa Cruz Do Sul,Brazil,29.74S,51.69W
1986-07-01,13.71,0.29600000000000004,Santa Cruz Do Sul,Brazil,29.74S,51.69W
1986-08-01,15.06,0.214,Santa Cruz Do Sul,Brazil,29.74S,51.69W
1986-09-01,16.59,0.325,Santa Cruz Do Sul,Brazil,29.74S,51.69W
1986-10-01,18.173,0.344,Santa Cruz Do Sul,Brazil,29.74S,51.69W
1986-11-01,21.212000000000003,0.414,Santa Cruz Do Sul,Brazil,29.74S,51.69W
1986-12-01,22.956,0.379,Santa Cruz Do Sul,Brazil,29.74S,51.69W
1987-01-01,23.807,0.512,Santa Cruz Do Sul,Brazil,29.74S,51.69W
1987-02-01,24.216,1.268,Santa Cruz Do Sul,Brazil,29.74S,51.69W
1987-03-01,22.886999999999997,0.32799999999999996,Santa Cruz Do Sul,Brazil,29.74S,51.69W
1987-04-01,19.722,0.395,Santa Cruz Do Sul,Brazil,29.74S,51.69W
1987-05-01,13.707,0.36200000000000004,Santa Cruz Do Sul,Brazil,29.74S,51.69W
1987-06-01,12.2,0.5870000000000001,Santa Cruz Do Sul,Brazil,29.74S,51.69W
1987-07-01,15.543,0.233,Santa Cruz Do Sul,Brazil,29.74S,51.69W
1987-08-01,13.314,0.309,Santa Cruz Do Sul,Brazil,29.74S,51.69W
1987-09-01,14.652999999999999,0.315,Santa Cruz Do Sul,Brazil,29.74S,51.69W
1987-10-01,17.951999999999995,0.349,Santa Cruz Do Sul,Brazil,29.74S,51.69W
1987-11-01,21.046000000000006,0.327,Santa Cruz Do Sul,Brazil,29.74S,51.69W
1987-12-01,22.611,0.34600000000000003,Santa Cruz Do Sul,Brazil,29.74S,51.69W
1988-01-01,24.228,0.33399999999999996,Santa Cruz Do Sul,Brazil,29.74S,51.69W
1988-02-01,22.939,0.7929999999999999,Santa Cruz Do Sul,Brazil,29.74S,51.69W
1988-03-01,24.296999999999997,0.47,Santa Cruz Do Sul,Brazil,29.74S,51.69W
1988-04-01,17.973,0.597,Santa Cruz Do Sul,Brazil,29.74S,51.69W
1988-05-01,13.071,0.47100000000000003,Santa Cruz Do Sul,Brazil,29.74S,51.69W
1988-06-01,11.054,0.502,Santa Cruz Do Sul,Brazil,29.74S,51.69W
1988-07-01,11.933,0.262,Santa Cruz Do Sul,Brazil,29.74S,51.69W
1988-08-01,14.796,0.355,Santa Cruz Do Sul,Brazil,29.74S,51.69W
1988-09-01,15.302999999999999,0.429,Santa Cruz Do Sul,Brazil,29.74S,51.69W
1988-10-01,17.608999999999995,0.39899999999999997,Santa Cruz Do Sul,Brazil,29.74S,51.69W
1988-11-01,20.593000000000004,0.465,Santa Cruz Do Sul,Brazil,29.74S,51.69W
1988-12-01,23.078000000000003,1.359,Santa Cruz Do Sul,Brazil,29.74S,51.69W
1989-01-01,23.921,0.405,Santa Cruz Do Sul,Brazil,29.74S,51.69W
1989-02-01,24.263,0.35700000000000004,Santa Cruz Do Sul,Brazil,29.74S,51.69W
1989-03-01,22.557,0.26899999999999996,Santa Cruz Do Sul,Brazil,29.74S,51.69W
1989-04-01,19.614,0.424,Santa Cruz Do Sul,Brazil,29.74S,51.69W
1989-05-01,15.515999999999998,0.33299999999999996,Santa Cruz Do Sul,Brazil,29.74S,51.69W
1989-06-01,13.517,0.679,Santa Cruz Do Sul,Brazil,29.74S,51.69W
1989-07-01,11.523,0.6759999999999999,Santa Cruz Do Sul,Brazil,29.74S,51.69W
1989-08-01,15.081,0.524,Santa Cruz Do Sul,Brazil,29.74S,51.69W
1989-09-01,15.068,0.311,Santa Cruz Do Sul,Brazil,29.74S,51.69W
1989-10-01,17.519000000000002,0.479,Santa Cruz Do Sul,Brazil,29.74S,51.69W
1989-11-01,20.87,0.36200000000000004,Santa Cruz Do Sul,Brazil,29.74S,51.69W
1989-12-01,23.872,0.563,Santa Cruz Do Sul,Brazil,29.74S,51.69W
1990-01-01,24.261,0.524,Santa Cruz Do Sul,Brazil,29.74S,51.69W
1990-02-01,23.418000000000003,0.7120000000000001,Santa Cruz Do Sul,Brazil,29.74S,51.69W
1990-03-01,21.999,0.762,Santa Cruz Do Sul,Brazil,29.74S,51.69W
1990-04-01,20.066,0.522,Santa Cruz Do Sul,Brazil,29.74S,51.69W
1990-05-01,14.479,0.387,Santa Cruz Do Sul,Brazil,29.74S,51.69W
1990-06-01,11.66,0.53,Santa Cruz Do Sul,Brazil,29.74S,51.69W
1990-07-01,11.414000000000001,0.335,Santa Cruz Do Sul,Brazil,29.74S,51.69W
1990-08-01,14.883,0.287,Santa Cruz Do Sul,Brazil,29.74S,51.69W
1990-09-01,14.806,0.7709999999999999,Santa Cruz Do Sul,Brazil,29.74S,51.69W
1990-10-01,20.241,1.087,Santa Cruz Do Sul,Brazil,29.74S,51.69W
1990-11-01,22.377,0.428,Santa Cruz Do Sul,Brazil,29.74S,51.69W
1990-12-01,22.039,0.675,Santa Cruz Do Sul,Brazil,29.74S,51.69W
1991-01-01,23.121,0.625,Santa Cruz Do Sul,Brazil,29.74S,51.69W
1991-02-01,23.094,0.741,Santa Cruz Do Sul,Brazil,29.74S,51.69W
1991-03-01,22.953000000000003,0.995,Santa Cruz Do Sul,Brazil,29.74S,51.69W
1991-04-01,19.342,0.882,Santa Cruz Do Sul,Brazil,29.74S,51.69W
1991-05-01,17.65,0.87,Santa Cruz Do Sul,Brazil,29.74S,51.69W
1991-06-01,13.578,1.087,Santa Cruz Do Sul,Brazil,29.74S,51.69W
1991-07-01,12.54,0.696,Santa Cruz Do Sul,Brazil,29.74S,51.69W
1991-08-01,15.617,0.5379999999999999,Santa Cruz Do Sul,Brazil,29.74S,51.69W
1991-09-01,17.167,0.17800000000000002,Santa Cruz Do Sul,Brazil,29.74S,51.69W
1991-10-01,19.166,0.609,Santa Cruz Do Sul,Brazil,29.74S,51.69W
1991-11-01,20.889000000000006,0.341,Santa Cruz Do Sul,Brazil,29.74S,51.69W
1991-12-01,24.166,0.302,Santa Cruz Do Sul,Brazil,29.74S,51.69W
1992-01-01,24.187,0.521,Santa Cruz Do Sul,Brazil,29.74S,51.69W
1992-02-01,24.695,0.7859999999999999,Santa Cruz Do Sul,Brazil,29.74S,51.69W
1992-03-01,23.096999999999998,0.39899999999999997,Santa Cruz Do Sul,Brazil,29.74S,51.69W
1992-04-01,19.448,0.35700000000000004,Santa Cruz Do Sul,Brazil,29.74S,51.69W
1992-05-01,15.716,0.389,Santa Cruz Do Sul,Brazil,29.74S,51.69W
1992-06-01,15.527999999999999,0.354,Santa Cruz Do Sul,Brazil,29.74S,51.69W
1992-07-01,11.034,0.642,Santa Cruz Do Sul,Brazil,29.74S,51.69W
1992-08-01,13.455,0.525,Santa Cruz Do Sul,Brazil,29.74S,51.69W
1992-09-01,15.898,0.41600000000000004,Santa Cruz Do Sul,Brazil,29.74S,51.69W
1992-10-01,18.525,0.27699999999999997,Santa Cruz Do Sul,Brazil,29.74S,51.69W
1992-11-01,20.202,0.28600000000000003,Santa Cruz Do Sul,Brazil,29.74S,51.69W
1992-12-01,22.892,0.4,Santa Cruz Do Sul,Brazil,29.74S,51.69W
1993-01-01,24.413,0.245,Santa Cruz Do Sul,Brazil,29.74S,51.69W
1993-02-01,22.838,0.377,Santa Cruz Do Sul,Brazil,29.74S,51.69W
1993-03-01,22.503,0.337,Santa Cruz Do Sul,Brazil,29.74S,51.69W
1993-04-01,20.617,0.33799999999999997,Santa Cruz Do Sul,Brazil,29.74S,51.69W
1993-05-01,16.168,0.552,Santa Cruz Do Sul,Brazil,29.74S,51.69W
1993-06-01,13.1,0.607,Santa Cruz Do Sul,Brazil,29.74S,51.69W
1993-07-01,12.204,0.545,Santa Cruz Do Sul,Brazil,29.74S,51.69W
1993-08-01,13.621,0.4,Santa Cruz Do Sul,Brazil,29.74S,51.69W
1993-09-01,15.022,0.263,Santa Cruz Do Sul,Brazil,29.74S,51.69W
1993-10-01,19.547,0.253,Santa Cruz Do Sul,Brazil,29.74S,51.69W
1993-11-01,21.339,0.609,Santa Cruz Do Sul,Brazil,29.74S,51.69W
1993-12-01,22.914,0.29,Santa Cruz Do Sul,Brazil,29.74S,51.69W
1994-01-01,23.465,0.298,Santa Cruz Do Sul,Brazil,29.74S,51.69W
1994-02-01,23.233,0.429,Santa Cruz Do Sul,Brazil,29.74S,51.69W
1994-03-01,21.85,0.25,Santa Cruz Do Sul,Brazil,29.74S,51.69W
1994-04-01,18.632,0.379,Santa Cruz Do Sul,Brazil,29.74S,51.69W
1994-05-01,18.113,0.426,Santa Cruz Do Sul,Brazil,29.74S,51.69W
1994-06-01,13.729,0.5539999999999999,Santa Cruz Do Sul,Brazil,29.74S,51.69W
1994-07-01,13.962,0.313,Santa Cruz Do Sul,Brazil,29.74S,51.69W
1994-08-01,14.345999999999998,0.284,Santa Cruz Do Sul,Brazil,29.74S,51.69W
1994-09-01,17.59,0.376,Santa Cruz Do Sul,Brazil,29.74S,51.69W
1994-10-01,19.076,0.192,Santa Cruz Do Sul,Brazil,29.74S,51.69W
1994-11-01,20.893,0.293,Santa Cruz Do Sul,Brazil,29.74S,51.69W
1994-12-01,24.93,0.491,Santa Cruz Do Sul,Brazil,29.74S,51.69W
1995-01-01,24.382,0.289,Santa Cruz Do Sul,Brazil,29.74S,51.69W
1995-02-01,23.03,0.276,Santa Cruz Do Sul,Brazil,29.74S,51.69W
1995-03-01,22.135,0.255,Santa Cruz Do Sul,Brazil,29.74S,51.69W
1995-04-01,19.052,0.853,Santa Cruz Do Sul,Brazil,29.74S,51.69W
1995-05-01,15.024,0.387,Santa Cruz Do Sul,Brazil,29.74S,51.69W
1995-06-01,13.42,0.326,Santa Cruz Do Sul,Brazil,29.74S,51.69W
1995-07-01,15.314,0.626,Santa Cruz Do Sul,Brazil,29.74S,51.69W
1995-08-01,14.878,0.397,Santa Cruz Do Sul,Brazil,29.74S,51.69W
1995-09-01,16.049,0.425,Santa Cruz Do Sul,Brazil,29.74S,51.69W
1995-10-01,17.519000000000002,0.303,Santa Cruz Do Sul,Brazil,29.74S,51.69W
1995-11-01,22.076999999999998,0.36,Santa Cruz Do Sul,Brazil,29.74S,51.69W
1995-12-01,23.819000000000003,0.49,Santa Cruz Do Sul,Brazil,29.74S,51.69W
1996-01-01,23.936,0.259,Santa Cruz Do Sul,Brazil,29.74S,51.69W
1996-02-01,23.583000000000002,0.263,Santa Cruz Do Sul,Brazil,29.74S,51.69W
1996-03-01,22.32,0.223,Santa Cruz Do Sul,Brazil,29.74S,51.69W
1996-04-01,20.147000000000002,0.37,Santa Cruz Do Sul,Brazil,29.74S,51.69W
1996-05-01,15.966,0.264,Santa Cruz Do Sul,Brazil,29.74S,51.69W
1996-06-01,11.362,0.5429999999999999,Santa Cruz Do Sul,Brazil,29.74S,51.69W
1996-07-01,10.578,0.42200000000000004,Santa Cruz Do Sul,Brazil,29.74S,51.69W
1996-08-01,15.31,0.38299999999999995,Santa Cruz Do Sul,Brazil,29.74S,51.69W
1996-09-01,15.433,0.344,Santa Cruz Do Sul,Brazil,29.74S,51.69W
1996-10-01,19.19,0.33799999999999997,Santa Cruz Do Sul,Brazil,29.74S,51.69W
1996-11-01,21.945999999999998,0.441,Santa Cruz Do Sul,Brazil,29.74S,51.69W
1996-12-01,23.771,0.561,Santa Cruz Do Sul,Brazil,29.74S,51.69W
1997-01-01,25.179000000000002,0.542,Santa Cruz Do Sul,Brazil,29.74S,51.69W
1997-02-01,23.624000000000002,0.29100000000000004,Santa Cruz Do Sul,Brazil,29.74S,51.69W
1997-03-01,21.906999999999996,0.249,Santa Cruz Do Sul,Brazil,29.74S,51.69W
1997-04-01,19.114,0.17600000000000002,Santa Cruz Do Sul,Brazil,29.74S,51.69W
1997-05-01,16.073,0.29,Santa Cruz Do Sul,Brazil,29.74S,51.69W
1997-06-01,13.478000000000002,0.45899999999999996,Santa Cruz Do Sul,Brazil,29.74S,51.69W
1997-07-01,14.521,0.33,Santa Cruz Do Sul,Brazil,29.74S,51.69W
1997-08-01,15.902000000000001,0.38,Santa Cruz Do Sul,Brazil,29.74S,51.69W
1997-09-01,16.665,0.354,Santa Cruz Do Sul,Brazil,29.74S,51.69W
1997-10-01,18.395,0.256,Santa Cruz Do Sul,Brazil,29.74S,51.69W
1997-11-01,21.086,0.34299999999999997,Santa Cruz Do Sul,Brazil,29.74S,51.69W
1997-12-01,23.445,0.879,Santa Cruz Do Sul,Brazil,29.74S,51.69W
1998-01-01,23.303,0.439,Santa Cruz Do Sul,Brazil,29.74S,51.69W
1998-02-01,23.144000000000002,0.306,Santa Cruz Do Sul,Brazil,29.74S,51.69W
1998-03-01,21.53,0.308,Santa Cruz Do Sul,Brazil,29.74S,51.69W
1998-04-01,18.914,0.20800000000000002,Santa Cruz Do Sul,Brazil,29.74S,51.69W
1998-05-01,15.620999999999999,0.336,Santa Cruz Do Sul,Brazil,29.74S,51.69W
1998-06-01,12.755,0.27399999999999997,Santa Cruz Do Sul,Brazil,29.74S,51.69W
1998-07-01,14.484000000000002,0.374,Santa Cruz Do Sul,Brazil,29.74S,51.69W
1998-08-01,14.858,0.248,Santa Cruz Do Sul,Brazil,29.74S,51.69W
1998-09-01,15.552999999999999,0.562,Santa Cruz Do Sul,Brazil,29.74S,51.69W
1998-10-01,18.606,0.36700000000000005,Santa Cruz Do Sul,Brazil,29.74S,51.69W
1998-11-01,20.877,0.40299999999999997,Santa Cruz Do Sul,Brazil,29.74S,51.69W
1998-12-01,22.283,0.6709999999999999,Santa Cruz Do Sul,Brazil,29.74S,51.69W
1999-01-01,23.695,0.6679999999999999,Santa Cruz Do Sul,Brazil,29.74S,51.69W
1999-02-01,23.269000000000002,0.42700000000000005,Santa Cruz Do Sul,Brazil,29.74S,51.69W
1999-03-01,24.158,0.235,Santa Cruz Do Sul,Brazil,29.74S,51.69W
1999-04-01,17.869999999999994,0.355,Santa Cruz Do Sul,Brazil,29.74S,51.69W
1999-05-01,14.779000000000002,0.47700000000000004,Santa Cruz Do Sul,Brazil,29.74S,51.69W
1999-06-01,12.623,0.245,Santa Cruz Do Sul,Brazil,29.74S,51.69W
1999-07-01,13.033,0.39799999999999996,Santa Cruz Do Sul,Brazil,29.74S,51.69W
1999-08-01,14.569,0.462,Santa Cruz Do Sul,Brazil,29.74S,51.69W
1999-09-01,16.435,0.525,Santa Cruz Do Sul,Brazil,29.74S,51.69W
1999-10-01,17.34,0.486,Santa Cruz Do Sul,Brazil,29.74S,51.69W
1999-11-01,20.145000000000003,0.484,Santa Cruz Do Sul,Brazil,29.74S,51.69W
1999-12-01,22.737,0.387,Santa Cruz Do Sul,Brazil,29.74S,51.69W
2000-01-01,24.216,0.377,Santa Cruz Do Sul,Brazil,29.74S,51.69W
2000-02-01,23.578000000000003,0.6709999999999999,Santa Cruz Do Sul,Brazil,29.74S,51.69W
2000-03-01,21.843000000000004,0.5670000000000001,Santa Cruz Do Sul,Brazil,29.74S,51.69W
2000-04-01,19.977,0.243,Santa Cruz Do Sul,Brazil,29.74S,51.69W
2000-05-01,15.478,0.311,Santa Cruz Do Sul,Brazil,29.74S,51.69W
2000-06-01,15.418,0.542,Santa Cruz Do Sul,Brazil,29.74S,51.69W
2000-07-01,10.636,0.389,Santa Cruz Do Sul,Brazil,29.74S,51.69W
2000-08-01,13.636,0.353,Santa Cruz Do Sul,Brazil,29.74S,51.69W
2000-09-01,15.965,0.45799999999999996,Santa Cruz Do Sul,Brazil,29.74S,51.69W
2000-10-01,19.034000000000002,0.415,Santa Cruz Do Sul,Brazil,29.74S,51.69W
2000-11-01,20.678,0.528,Santa Cruz Do Sul,Brazil,29.74S,51.69W
2000-12-01,23.333000000000002,0.284,Santa Cruz Do Sul,Brazil,29.74S,51.69W
2001-01-01,24.585,0.292,Santa Cruz Do Sul,Brazil,29.74S,51.69W
2001-02-01,25.21,0.364,Santa Cruz Do Sul,Brazil,29.74S,51.69W
2001-03-01,24.505000000000006,0.359,Santa Cruz Do Sul,Brazil,29.74S,51.69W
2001-04-01,20.286,0.156,Santa Cruz Do Sul,Brazil,29.74S,51.69W
2001-05-01,15.275,0.395,Santa Cruz Do Sul,Brazil,29.74S,51.69W
2001-06-01,14.788,0.396,Santa Cruz Do Sul,Brazil,29.74S,51.69W
2001-07-01,13.989999999999998,0.27899999999999997,Santa Cruz Do Sul,Brazil,29.74S,51.69W
2001-08-01,17.680999999999997,0.35700000000000004,Santa Cruz Do Sul,Brazil,29.74S,51.69W
2001-09-01,16.669,0.348,Santa Cruz Do Sul,Brazil,29.74S,51.69W
2001-10-01,20.047,0.34,Santa Cruz Do Sul,Brazil,29.74S,51.69W
2001-11-01,21.375999999999998,0.295,Santa Cruz Do Sul,Brazil,29.74S,51.69W
2001-12-01,22.351999999999997,0.226,Santa Cruz Do Sul,Brazil,29.74S,51.69W
2002-01-01,24.005,0.33399999999999996,Santa Cruz Do Sul,Brazil,29.74S,51.69W
2002-02-01,23.098000000000003,0.36700000000000005,Santa Cruz Do Sul,Brazil,29.74S,51.69W
2002-03-01,24.775,0.278,Santa Cruz Do Sul,Brazil,29.74S,51.69W
2002-04-01,19.987000000000002,0.37799999999999995,Santa Cruz Do Sul,Brazil,29.74S,51.69W
2002-05-01,17.952,0.242,Santa Cruz Do Sul,Brazil,29.74S,51.69W
2002-06-01,13.863,0.365,Santa Cruz Do Sul,Brazil,29.74S,51.69W
2002-07-01,13.582999999999998,0.293,Santa Cruz Do Sul,Brazil,29.74S,51.69W
2002-08-01,15.951,0.38799999999999996,Santa Cruz Do Sul,Brazil,29.74S,51.69W
2002-09-01,15.265999999999998,0.33799999999999997,Santa Cruz Do Sul,Brazil,29.74S,51.69W
2002-10-01,20.375,0.42100000000000004,Santa Cruz Do Sul,Brazil,29.74S,51.69W
2002-11-01,21.769,0.214,Santa Cruz Do Sul,Brazil,29.74S,51.69W
2002-12-01,23.201,0.35200000000000004,Santa Cruz Do Sul,Brazil,29.74S,51.69W
2003-01-01,24.662,0.258,Santa Cruz Do Sul,Brazil,29.74S,51.69W
2003-02-01,24.761999999999997,0.33,Santa Cruz Do Sul,Brazil,29.74S,51.69W
2003-03-01,22.921999999999997,0.509,Santa Cruz Do Sul,Brazil,29.74S,51.69W
2003-04-01,19.008,0.449,Santa Cruz Do Sul,Brazil,29.74S,51.69W
2003-05-01,16.415,0.534,Santa Cruz Do Sul,Brazil,29.74S,51.69W
2003-06-01,15.543,0.626,Santa Cruz Do Sul,Brazil,29.74S,51.69W
2003-07-01,13.88,0.654,Santa Cruz Do Sul,Brazil,29.74S,51.69W
2003-08-01,13.445,0.7909999999999999,Santa Cruz Do Sul,Brazil,29.74S,51.69W
2003-09-01,15.86,0.401,Santa Cruz Do Sul,Brazil,29.74S,51.69W
2003-10-01,19.443,0.498,Santa Cruz Do Sul,Brazil,29.74S,51.69W
2003-11-01,21.174000000000003,0.39,Santa Cruz Do Sul,Brazil,29.74S,51.69W
2003-12-01,21.748,0.532,Santa Cruz Do Sul,Brazil,29.74S,51.69W
2004-01-01,23.889,0.486,Santa Cruz Do Sul,Brazil,29.74S,51.69W
2004-02-01,22.901,0.45799999999999996,Santa Cruz Do Sul,Brazil,29.74S,51.69W
2004-03-01,22.319000000000003,0.583,Santa Cruz Do Sul,Brazil,29.74S,51.69W
2004-04-01,20.956999999999997,0.33299999999999996,Santa Cruz Do Sul,Brazil,29.74S,51.69W
2004-05-01,14.585999999999999,0.43200000000000005,Santa Cruz Do Sul,Brazil,29.74S,51.69W
2004-06-01,14.572,0.456,Santa Cruz Do Sul,Brazil,29.74S,51.69W
2004-07-01,12.835,0.41,Santa Cruz Do Sul,Brazil,29.74S,51.69W
2004-08-01,14.573,0.40299999999999997,Santa Cruz Do Sul,Brazil,29.74S,51.69W
2004-09-01,17.6,0.495,Santa Cruz Do Sul,Brazil,29.74S,51.69W
2004-10-01,17.918,0.45399999999999996,Santa Cruz Do Sul,Brazil,29.74S,51.69W
2004-11-01,20.348000000000006,0.581,Santa Cruz Do Sul,Brazil,29.74S,51.69W
2004-12-01,22.559,0.565,Santa Cruz Do Sul,Brazil,29.74S,51.69W
2005-01-01,24.786,0.622,Santa Cruz Do Sul,Brazil,29.74S,51.69W
2005-02-01,23.953000000000003,0.222,Santa Cruz Do Sul,Brazil,29.74S,51.69W
2005-03-01,22.866,0.542,Santa Cruz Do Sul,Brazil,29.74S,51.69W
2005-04-01,19.272000000000002,0.261,Santa Cruz Do Sul,Brazil,29.74S,51.69W
2005-05-01,17.235,0.32,Santa Cruz Do Sul,Brazil,29.74S,51.69W
2005-06-01,17.035,0.41200000000000003,Santa Cruz Do Sul,Brazil,29.74S,51.69W
2005-07-01,13.899000000000001,0.386,Santa Cruz Do Sul,Brazil,29.74S,51.69W
2005-08-01,16.041999999999998,0.401,Santa Cruz Do Sul,Brazil,29.74S,51.69W
2005-09-01,14.849,0.359,Santa Cruz Do Sul,Brazil,29.74S,51.69W
2005-10-01,18.396,0.299,Santa Cruz Do Sul,Brazil,29.74S,51.69W
2005-11-01,22.026999999999997,0.26899999999999996,Santa Cruz Do Sul,Brazil,29.74S,51.69W
2005-12-01,22.733,0.466,Santa Cruz Do Sul,Brazil,29.74S,51.69W
2006-01-01,25.041,0.371,Santa Cruz Do Sul,Brazil,29.74S,51.69W
2006-02-01,24.007,0.364,Santa Cruz Do Sul,Brazil,29.74S,51.69W
2006-03-01,23.33,0.294,Santa Cruz Do Sul,Brazil,29.74S,51.69W
2006-04-01,19.269000000000002,0.41700000000000004,Santa Cruz Do Sul,Brazil,29.74S,51.69W
2006-05-01,14.475999999999999,0.513,Santa Cruz Do Sul,Brazil,29.74S,51.69W
2006-06-01,14.831,0.579,Santa Cruz Do Sul,Brazil,29.74S,51.69W
2006-07-01,16.107,0.5329999999999999,Santa Cruz Do Sul,Brazil,29.74S,51.69W
2006-08-01,14.402000000000001,0.42100000000000004,Santa Cruz Do Sul,Brazil,29.74S,51.69W
2006-09-01,15.475999999999999,0.308,Santa Cruz Do Sul,Brazil,29.74S,51.69W
2006-10-01,19.866,0.384,Santa Cruz Do Sul,Brazil,29.74S,51.69W
2006-11-01,20.894,0.37,Santa Cruz Do Sul,Brazil,29.74S,51.69W
2006-12-01,24.518,0.28,Santa Cruz Do Sul,Brazil,29.74S,51.69W
2007-01-01,24.438000000000002,0.465,Santa Cruz Do Sul,Brazil,29.74S,51.69W
2007-02-01,24.299,0.247,Santa Cruz Do Sul,Brazil,29.74S,51.69W
2007-03-01,24.081999999999997,0.23199999999999998,Santa Cruz Do Sul,Brazil,29.74S,51.69W
2007-04-01,20.635,0.537,Santa Cruz Do Sul,Brazil,29.74S,51.69W
2007-05-01,14.18,0.564,Santa Cruz Do Sul,Brazil,29.74S,51.69W
2007-06-01,13.599,0.763,Santa Cruz Do Sul,Brazil,29.74S,51.69W
2007-07-01,11.241,0.765,Santa Cruz Do Sul,Brazil,29.74S,51.69W
2007-08-01,13.491,0.525,Santa Cruz Do Sul,Brazil,29.74S,51.69W
2007-09-01,18.393,0.78,Santa Cruz Do Sul,Brazil,29.74S,51.69W
2007-10-01,20.008,0.457,Santa Cruz Do Sul,Brazil,29.74S,51.69W
2007-11-01,20.408,0.23199999999999998,Santa Cruz Do Sul,Brazil,29.74S,51.69W
2007-12-01,23.793000000000003,0.49700000000000005,Santa Cruz Do Sul,Brazil,29.74S,51.69W
2008-01-01,24.054000000000002,0.42,Santa Cruz Do Sul,Brazil,29.74S,51.69W
2008-02-01,23.675,0.284,Santa Cruz Do Sul,Brazil,29.74S,51.69W
2008-03-01,22.980999999999998,0.23399999999999999,Santa Cruz Do Sul,Brazil,29.74S,51.69W
2008-04-01,18.834,0.203,Santa Cruz Do Sul,Brazil,29.74S,51.69W
2008-05-01,15.812000000000001,0.276,Santa Cruz Do Sul,Brazil,29.74S,51.69W
2008-06-01,12.048,0.43799999999999994,Santa Cruz Do Sul,Brazil,29.74S,51.69W
2008-07-01,15.405,0.275,Santa Cruz Do Sul,Brazil,29.74S,51.69W
2008-08-01,14.737,0.531,Santa Cruz Do Sul,Brazil,29.74S,51.69W
2008-09-01,15.229000000000001,0.278,Santa Cruz Do Sul,Brazil,29.74S,51.69W
2008-10-01,18.502,0.358,Santa Cruz Do Sul,Brazil,29.74S,51.69W
2008-11-01,21.62,0.201,Santa Cruz Do Sul,Brazil,29.74S,51.69W
2008-12-01,22.72,0.289,Santa Cruz Do Sul,Brazil,29.74S,51.69W
2009-01-01,22.91,0.429,Santa Cruz Do Sul,Brazil,29.74S,51.69W
2009-02-01,23.835,0.242,Santa Cruz Do Sul,Brazil,29.74S,51.69W
2009-03-01,22.881,0.302,Santa Cruz Do Sul,Brazil,29.74S,51.69W
2009-04-01,19.955,0.249,Santa Cruz Do Sul,Brazil,29.74S,51.69W
2009-05-01,16.78,0.259,Santa Cruz Do Sul,Brazil,29.74S,51.69W
2009-06-01,12.102,0.284,Santa Cruz Do Sul,Brazil,29.74S,51.69W
2009-07-01,11.192,0.257,Santa Cruz Do Sul,Brazil,29.74S,51.69W
2009-08-01,15.77,0.51,Santa Cruz Do Sul,Brazil,29.74S,51.69W
2009-09-01,15.999,0.264,Santa Cruz Do Sul,Brazil,29.74S,51.69W
2009-10-01,18.318,0.316,Santa Cruz Do Sul,Brazil,29.74S,51.69W
2009-11-01,22.871,0.499,Santa Cruz Do Sul,Brazil,29.74S,51.69W
2009-12-01,23.406999999999996,0.363,Santa Cruz Do Sul,Brazil,29.74S,51.69W
2010-01-01,24.374000000000002,0.272,Santa Cruz Do Sul,Brazil,29.74S,51.69W
2010-02-01,25.511999999999997,0.29600000000000004,Santa Cruz Do Sul,Brazil,29.74S,51.69W
2010-03-01,23.016,0.5329999999999999,Santa Cruz Do Sul,Brazil,29.74S,51.69W
2010-04-01,19.12,0.261,Santa Cruz Do Sul,Brazil,29.74S,51.69W
2010-05-01,15.890999999999998,0.28300000000000003,Santa Cruz Do Sul,Brazil,29.74S,51.69W
2010-06-01,14.228000000000002,0.48700000000000004,Santa Cruz Do Sul,Brazil,29.74S,51.69W
2010-07-01,13.441,0.24600000000000002,Santa Cruz Do Sul,Brazil,29.74S,51.69W
2010-08-01,13.966,0.45299999999999996,Santa Cruz Do Sul,Brazil,29.74S,51.69W
2010-09-01,16.644000000000002,0.325,Santa Cruz Do Sul,Brazil,29.74S,51.69W
2010-10-01,17.807000000000002,0.285,Santa Cruz Do Sul,Brazil,29.74S,51.69W
2010-11-01,20.768,0.32299999999999995,Santa Cruz Do Sul,Brazil,29.74S,51.69W
2010-12-01,23.397,0.418,Santa Cruz Do Sul,Brazil,29.74S,51.69W
2011-01-01,25.493000000000002,0.363,Santa Cruz Do Sul,Brazil,29.74S,51.69W
2011-02-01,24.254,0.41200000000000003,Santa Cruz Do Sul,Brazil,29.74S,51.69W
2011-03-01,22.455,0.20600000000000002,Santa Cruz Do Sul,Brazil,29.74S,51.69W
2011-04-01,19.835,0.358,Santa Cruz Do Sul,Brazil,29.74S,51.69W
2011-05-01,15.638,0.23399999999999999,Santa Cruz Do Sul,Brazil,29.74S,51.69W
2011-06-01,12.86,0.303,Santa Cruz Do Sul,Brazil,29.74S,51.69W
2011-07-01,12.591,0.307,Santa Cruz Do Sul,Brazil,29.74S,51.69W
2011-08-01,13.856,0.252,Santa Cruz Do Sul,Brazil,29.74S,51.69W
2011-09-01,16.063,0.38,Santa Cruz Do Sul,Brazil,29.74S,51.69W
2011-10-01,19.035999999999998,0.639,Santa Cruz Do Sul,Brazil,29.74S,51.69W
2011-11-01,21.308000000000003,0.414,Santa Cruz Do Sul,Brazil,29.74S,51.69W
2011-12-01,22.44,0.45399999999999996,Santa Cruz Do Sul,Brazil,29.74S,51.69W
2012-01-01,24.11,0.34600000000000003,Santa Cruz Do Sul,Brazil,29.74S,51.69W
2012-02-01,25.581999999999997,0.41,Santa Cruz Do Sul,Brazil,29.74S,51.69W
2012-03-01,22.764,0.278,Santa Cruz Do Sul,Brazil,29.74S,51.69W
2012-04-01,18.786,0.562,Santa Cruz Do Sul,Brazil,29.74S,51.69W
2012-05-01,17.244,0.685,Santa Cruz Do Sul,Brazil,29.74S,51.69W
2012-06-01,13.094,1.032,Santa Cruz Do Sul,Brazil,29.74S,51.69W
2012-07-01,12.217,0.45399999999999996,Santa Cruz Do Sul,Brazil,29.74S,51.69W
2012-08-01,17.512,1.127,Santa Cruz Do Sul,Brazil,29.74S,51.69W
2012-09-01,17.567,0.381,Santa Cruz Do Sul,Brazil,29.74S,51.69W
2012-10-01,20.231,0.495,Santa Cruz Do Sul,Brazil,29.74S,51.69W
2012-11-01,22.729000000000006,0.654,Santa Cruz Do Sul,Brazil,29.74S,51.69W
2012-12-01,24.851,0.657,Santa Cruz Do Sul,Brazil,29.74S,51.69W
2013-01-01,23.434,0.544,Santa Cruz Do Sul,Brazil,29.74S,51.69W
2013-02-01,23.785,0.434,Santa Cruz Do Sul,Brazil,29.74S,51.69W
2013-03-01,21.061,0.489,Santa Cruz Do Sul,Brazil,29.74S,51.69W
2013-04-01,19.21,0.519,Santa Cruz Do Sul,Brazil,29.74S,51.69W
2013-05-01,15.562000000000001,0.377,Santa Cruz Do Sul,Brazil,29.74S,51.69W
2013-06-01,13.77,0.46,Santa Cruz Do Sul,Brazil,29.74S,51.69W
2013-07-01,12.808,0.361,Santa Cruz Do Sul,Brazil,29.74S,51.69W
2013-08-01,13.071,0.56,Santa Cruz Do Sul,Brazil,29.74S,51.69W
2013-09-01,,,Santa Cruz Do Sul,Brazil,29.74S,51.69W
1855-05-01,15.197,1.406,Santa Fe,Argentina,31.35S,60.31W
1855-06-01,11.575,2.4,Santa Fe,Argentina,31.35S,60.31W
1855-07-01,11.43,1.639,Santa Fe,Argentina,31.35S,60.31W
1855-08-01,13.374,1.329,Santa Fe,Argentina,31.35S,60.31W
1855-09-01,15.12,1.171,Santa Fe,Argentina,31.35S,60.31W
1855-10-01,17.284000000000002,1.7630000000000001,Santa Fe,Argentina,31.35S,60.31W
1855-11-01,20.816,1.157,Santa Fe,Argentina,31.35S,60.31W
1855-12-01,21.271,2.91,Santa Fe,Argentina,31.35S,60.31W
1856-01-01,25.055,0.9159999999999999,Santa Fe,Argentina,31.35S,60.31W
1856-02-01,23.081,0.945,Santa Fe,Argentina,31.35S,60.31W
1856-03-01,21.087,2.842,Santa Fe,Argentina,31.35S,60.31W
1856-04-01,17.999000000000002,1.835,Santa Fe,Argentina,31.35S,60.31W
1856-05-01,13.828,0.866,Santa Fe,Argentina,31.35S,60.31W
1856-06-01,13.44,0.703,Santa Fe,Argentina,31.35S,60.31W
1856-07-01,12.169,1.1,Santa Fe,Argentina,31.35S,60.31W
1856-08-01,12.964,2.235,Santa Fe,Argentina,31.35S,60.31W
1856-09-01,15.075999999999999,1.76,Santa Fe,Argentina,31.35S,60.31W
1856-10-01,17.758,1.148,Santa Fe,Argentina,31.35S,60.31W
1856-11-01,21.947,1.462,Santa Fe,Argentina,31.35S,60.31W
1856-12-01,23.367,2.0380000000000003,Santa Fe,Argentina,31.35S,60.31W
1857-01-01,24.787,1.59,Santa Fe,Argentina,31.35S,60.31W
1857-02-01,23.27,1.3530000000000002,Santa Fe,Argentina,31.35S,60.31W
1857-03-01,22.886,3.227,Santa Fe,Argentina,31.35S,60.31W
1857-04-01,16.802,2.435,Santa Fe,Argentina,31.35S,60.31W
1857-05-01,15.135,2.234,Santa Fe,Argentina,31.35S,60.31W
1857-06-01,14.483,3.108,Santa Fe,Argentina,31.35S,60.31W
1857-07-01,13.485999999999999,3.4539999999999997,Santa Fe,Argentina,31.35S,60.31W
1857-08-01,13.495999999999999,2.924,Santa Fe,Argentina,31.35S,60.31W
1857-09-01,15.703,3.2289999999999996,Santa Fe,Argentina,31.35S,60.31W
1857-10-01,17.55,2.6180000000000003,Santa Fe,Argentina,31.35S,60.31W
1857-11-01,23.033,2.399,Santa Fe,Argentina,31.35S,60.31W
1857-12-01,22.96,0.919,Santa Fe,Argentina,31.35S,60.31W
1858-01-01,25.84,3.741,Santa Fe,Argentina,31.35S,60.31W
1858-02-01,24.914,1.979,Santa Fe,Argentina,31.35S,60.31W
1858-03-01,21.906999999999996,1.073,Santa Fe,Argentina,31.35S,60.31W
1858-04-01,19.231,1.7009999999999998,Santa Fe,Argentina,31.35S,60.31W
1858-05-01,14.408,1.4769999999999999,Santa Fe,Argentina,31.35S,60.31W
1858-06-01,11.63,1.442,Santa Fe,Argentina,31.35S,60.31W
1858-07-01,10.477,1.406,Santa Fe,Argentina,31.35S,60.31W
1858-08-01,14.067,1.3019999999999998,Santa Fe,Argentina,31.35S,60.31W
1858-09-01,16.355,2.471,Santa Fe,Argentina,31.35S,60.31W
1858-10-01,16.724,2.0669999999999997,Santa Fe,Argentina,31.35S,60.31W
1858-11-01,19.322,2.87,Santa Fe,Argentina,31.35S,60.31W
1858-12-01,21.357,1.42,Santa Fe,Argentina,31.35S,60.31W
1859-01-01,22.964000000000002,2.332,Santa Fe,Argentina,31.35S,60.31W
1859-02-01,22.642,2.451,Santa Fe,Argentina,31.35S,60.31W
1859-03-01,21.903,1.963,Santa Fe,Argentina,31.35S,60.31W
1859-04-01,18.757,1.135,Santa Fe,Argentina,31.35S,60.31W
1859-05-01,15.491,1.158,Santa Fe,Argentina,31.35S,60.31W
1859-06-01,13.436,1.507,Santa Fe,Argentina,31.35S,60.31W
1859-07-01,13.535,2.0580000000000003,Santa Fe,Argentina,31.35S,60.31W
1859-08-01,13.434000000000001,1.716,Santa Fe,Argentina,31.35S,60.31W
1859-09-01,15.290999999999999,0.929,Santa Fe,Argentina,31.35S,60.31W
1859-10-01,19.267,2.199,Santa Fe,Argentina,31.35S,60.31W
1859-11-01,20.680999999999997,0.885,Santa Fe,Argentina,31.35S,60.31W
1859-12-01,23.525,1.561,Santa Fe,Argentina,31.35S,60.31W
1860-01-01,25.322,1.615,Santa Fe,Argentina,31.35S,60.31W
1860-02-01,23.927,1.15,Santa Fe,Argentina,31.35S,60.31W
1860-03-01,20.448,1.528,Santa Fe,Argentina,31.35S,60.31W
1860-04-01,17.208,3.178,Santa Fe,Argentina,31.35S,60.31W
1860-05-01,13.34,1.818,Santa Fe,Argentina,31.35S,60.31W
1860-06-01,11.674000000000001,1.028,Santa Fe,Argentina,31.35S,60.31W
1860-07-01,12.923,1.037,Santa Fe,Argentina,31.35S,60.31W
1860-08-01,14.779000000000002,1.827,Santa Fe,Argentina,31.35S,60.31W
1860-09-01,16.035999999999998,1.425,Santa Fe,Argentina,31.35S,60.31W
1860-10-01,18.558,0.9359999999999999,Santa Fe,Argentina,31.35S,60.31W
1860-11-01,20.551,0.688,Santa Fe,Argentina,31.35S,60.31W
1860-12-01,22.134,0.883,Santa Fe,Argentina,31.35S,60.31W
1861-01-01,23.796,1.088,Santa Fe,Argentina,31.35S,60.31W
1861-02-01,24.135,0.888,Santa Fe,Argentina,31.35S,60.31W
1861-03-01,22.014,1.2670000000000001,Santa Fe,Argentina,31.35S,60.31W
1861-04-01,19.28,0.6,Santa Fe,Argentina,31.35S,60.31W
1861-05-01,13.452,0.47,Santa Fe,Argentina,31.35S,60.31W
1861-06-01,11.696,1.4409999999999998,Santa Fe,Argentina,31.35S,60.31W
1861-07-01,10.901,1.1,Santa Fe,Argentina,31.35S,60.31W
1861-08-01,15.662,2.249,Santa Fe,Argentina,31.35S,60.31W
1861-09-01,15.39,0.418,Santa Fe,Argentina,31.35S,60.31W
1861-10-01,16.439999999999998,0.502,Santa Fe,Argentina,31.35S,60.31W
1861-11-01,20.666,1.4609999999999999,Santa Fe,Argentina,31.35S,60.31W
1861-12-01,23.583000000000002,2.415,Santa Fe,Argentina,31.35S,60.31W
1862-01-01,24.842,1.253,Santa Fe,Argentina,31.35S,60.31W
1862-02-01,23.379,1.1340000000000001,Santa Fe,Argentina,31.35S,60.31W
1862-03-01,22.811,0.985,Santa Fe,Argentina,31.35S,60.31W
1862-04-01,19.672,1.506,Santa Fe,Argentina,31.35S,60.31W
1862-05-01,16.145,2.656,Santa Fe,Argentina,31.35S,60.31W
1862-06-01,13.909,2.806,Santa Fe,Argentina,31.35S,60.31W
1862-07-01,10.164,1.2830000000000001,Santa Fe,Argentina,31.35S,60.31W
1862-08-01,11.76,1.526,Santa Fe,Argentina,31.35S,60.31W
1862-09-01,14.128,1.18,Santa Fe,Argentina,31.35S,60.31W
1862-10-01,17.473,1.07,Santa Fe,Argentina,31.35S,60.31W
1862-11-01,20.522,1.3780000000000001,Santa Fe,Argentina,31.35S,60.31W
1862-12-01,23.079,1.474,Santa Fe,Argentina,31.35S,60.31W
1863-01-01,23.937,1.52,Santa Fe,Argentina,31.35S,60.31W
1863-02-01,23.635,3.281,Santa Fe,Argentina,31.35S,60.31W
1863-03-01,20.325,0.462,Santa Fe,Argentina,31.35S,60.31W
1863-04-01,17.669,1.526,Santa Fe,Argentina,31.35S,60.31W
1863-05-01,13.502,1.399,Santa Fe,Argentina,31.35S,60.31W
1863-06-01,12.13,2.5269999999999997,Santa Fe,Argentina,31.35S,60.31W
1863-07-01,11.095,1.6840000000000002,Santa Fe,Argentina,31.35S,60.31W
1863-08-01,12.579,1.3119999999999998,Santa Fe,Argentina,31.35S,60.31W
1863-09-01,14.925999999999998,1.6540000000000001,Santa Fe,Argentina,31.35S,60.31W
1863-10-01,17.535,0.96,Santa Fe,Argentina,31.35S,60.31W
1863-11-01,21.235,1.318,Santa Fe,Argentina,31.35S,60.31W
1863-12-01,23.801,1.423,Santa Fe,Argentina,31.35S,60.31W
1864-01-01,23.673000000000002,1.251,Santa Fe,Argentina,31.35S,60.31W
1864-02-01,24.246,1.479,Santa Fe,Argentina,31.35S,60.31W
1864-03-01,22.514,1.8659999999999999,Santa Fe,Argentina,31.35S,60.31W
1864-04-01,17.867,1.3619999999999999,Santa Fe,Argentina,31.35S,60.31W
1864-05-01,15.433,1.147,Santa Fe,Argentina,31.35S,60.31W
1864-06-01,12.985,1.511,Santa Fe,Argentina,31.35S,60.31W
1864-07-01,11.562,1.246,Santa Fe,Argentina,31.35S,60.31W
1864-08-01,12.234000000000002,2.119,Santa Fe,Argentina,31.35S,60.31W
1864-09-01,14.905,1.56,Santa Fe,Argentina,31.35S,60.31W
1864-10-01,18.189,0.701,Santa Fe,Argentina,31.35S,60.31W
1864-11-01,21.458000000000002,1.22,Santa Fe,Argentina,31.35S,60.31W
1864-12-01,23.499000000000002,1.25,Santa Fe,Argentina,31.35S,60.31W
1865-01-01,24.153000000000002,1.5930000000000002,Santa Fe,Argentina,31.35S,60.31W
1865-02-01,24.372,1.148,Santa Fe,Argentina,31.35S,60.31W
1865-03-01,22.013,0.9179999999999999,Santa Fe,Argentina,31.35S,60.31W
1865-04-01,18.271,1.254,Santa Fe,Argentina,31.35S,60.31W
1865-05-01,14.520999999999999,1.47,Santa Fe,Argentina,31.35S,60.31W
1865-06-01,14.101,2.9960000000000004,Santa Fe,Argentina,31.35S,60.31W
1865-07-01,12.661,1.136,Santa Fe,Argentina,31.35S,60.31W
1865-08-01,12.931,1.0270000000000001,Santa Fe,Argentina,31.35S,60.31W
1865-09-01,15.65,0.773,Santa Fe,Argentina,31.35S,60.31W
1865-10-01,19.784000000000002,1.431,Santa Fe,Argentina,31.35S,60.31W
1865-11-01,22.121,1.239,Santa Fe,Argentina,31.35S,60.31W
1865-12-01,24.547,0.968,Santa Fe,Argentina,31.35S,60.31W
1866-01-01,25.345,1.284,Santa Fe,Argentina,31.35S,60.31W
1866-02-01,23.535999999999998,1.4280000000000002,Santa Fe,Argentina,31.35S,60.31W
1866-03-01,23.076,2.295,Santa Fe,Argentina,31.35S,60.31W
1866-04-01,18.131,1.396,Santa Fe,Argentina,31.35S,60.31W
1866-05-01,15.790999999999999,1.314,Santa Fe,Argentina,31.35S,60.31W
1866-06-01,11.653,0.875,Santa Fe,Argentina,31.35S,60.31W
1866-07-01,12.887,1.6869999999999998,Santa Fe,Argentina,31.35S,60.31W
1866-08-01,13.215,1.02,Santa Fe,Argentina,31.35S,60.31W
1866-09-01,16.277,0.767,Santa Fe,Argentina,31.35S,60.31W
1866-10-01,17.95,0.78,Santa Fe,Argentina,31.35S,60.31W
1866-11-01,20.511999999999997,1.003,Santa Fe,Argentina,31.35S,60.31W
1866-12-01,23.584,1.626,Santa Fe,Argentina,31.35S,60.31W
1867-01-01,24.694000000000003,1.405,Santa Fe,Argentina,31.35S,60.31W
1867-02-01,23.81,1.34,Santa Fe,Argentina,31.35S,60.31W
1867-03-01,21.791999999999998,1.317,Santa Fe,Argentina,31.35S,60.31W
1867-04-01,16.578,2.082,Santa Fe,Argentina,31.35S,60.31W
1867-05-01,15.427,1.618,Santa Fe,Argentina,31.35S,60.31W
1867-06-01,12.114,0.941,Santa Fe,Argentina,31.35S,60.31W
1867-07-01,11.232999999999999,1.294,Santa Fe,Argentina,31.35S,60.31W
1867-08-01,13.081,2.171,Santa Fe,Argentina,31.35S,60.31W
1867-09-01,15.642,0.899,Santa Fe,Argentina,31.35S,60.31W
1867-10-01,18.416,0.6970000000000001,Santa Fe,Argentina,31.35S,60.31W
1867-11-01,22.228,1.804,Santa Fe,Argentina,31.35S,60.31W
1867-12-01,23.956,1.69,Santa Fe,Argentina,31.35S,60.31W
1868-01-01,25.548000000000002,1.23,Santa Fe,Argentina,31.35S,60.31W
1868-02-01,24.328000000000003,1.4069999999999998,Santa Fe,Argentina,31.35S,60.31W
1868-03-01,21.968000000000004,1.3840000000000001,Santa Fe,Argentina,31.35S,60.31W
1868-04-01,17.983,1.3090000000000002,Santa Fe,Argentina,31.35S,60.31W
1868-05-01,15.902999999999999,1.431,Santa Fe,Argentina,31.35S,60.31W
1868-06-01,13.618,1.286,Santa Fe,Argentina,31.35S,60.31W
1868-07-01,11.514,0.941,Santa Fe,Argentina,31.35S,60.31W
1868-08-01,13.909,1.119,Santa Fe,Argentina,31.35S,60.31W
1868-09-01,15.714,1.083,Santa Fe,Argentina,31.35S,60.31W
1868-10-01,19.723,2.229,Santa Fe,Argentina,31.35S,60.31W
1868-11-01,21.194000000000003,0.9109999999999999,Santa Fe,Argentina,31.35S,60.31W
1868-12-01,22.911,1.692,Santa Fe,Argentina,31.35S,60.31W
1869-01-01,25.388,1.829,Santa Fe,Argentina,31.35S,60.31W
1869-02-01,23.409000000000002,1.423,Santa Fe,Argentina,31.35S,60.31W
1869-03-01,21.528,1.433,Santa Fe,Argentina,31.35S,60.31W
1869-04-01,18.668,1.7380000000000002,Santa Fe,Argentina,31.35S,60.31W
1869-05-01,16.842,3.6919999999999997,Santa Fe,Argentina,31.35S,60.31W
1869-06-01,11.493,1.9280000000000002,Santa Fe,Argentina,31.35S,60.31W
1869-07-01,10.181,1.8619999999999999,Santa Fe,Argentina,31.35S,60.31W
1869-08-01,13.424000000000001,1.517,Santa Fe,Argentina,31.35S,60.31W
1869-09-01,16.508,1.181,Santa Fe,Argentina,31.35S,60.31W
1869-10-01,17.378,0.843,Santa Fe,Argentina,31.35S,60.31W
1869-11-01,20.744,0.818,Santa Fe,Argentina,31.35S,60.31W
1869-12-01,23.225,1.0090000000000001,Santa Fe,Argentina,31.35S,60.31W
1870-01-01,24.311,1.297,Santa Fe,Argentina,31.35S,60.31W
1870-02-01,24.921,1.371,Santa Fe,Argentina,31.35S,60.31W
1870-03-01,22.385,1.0979999999999999,Santa Fe,Argentina,31.35S,60.31W
1870-04-01,17.439,1.365,Santa Fe,Argentina,31.35S,60.31W
1870-05-01,15.155999999999999,1.123,Santa Fe,Argentina,31.35S,60.31W
1870-06-01,12.409,1.385,Santa Fe,Argentina,31.35S,60.31W
1870-07-01,12.159,0.925,Santa Fe,Argentina,31.35S,60.31W
1870-08-01,12.17,0.882,Santa Fe,Argentina,31.35S,60.31W
1870-09-01,15.383,0.83,Santa Fe,Argentina,31.35S,60.31W
1870-10-01,18.478,1.329,Santa Fe,Argentina,31.35S,60.31W
1870-11-01,20.383,1.183,Santa Fe,Argentina,31.35S,60.31W
1870-12-01,24.462,1.653,Santa Fe,Argentina,31.35S,60.31W
1871-01-01,24.846,1.104,Santa Fe,Argentina,31.35S,60.31W
1871-02-01,24.228,1.506,Santa Fe,Argentina,31.35S,60.31W
1871-03-01,21.505000000000006,1.621,Santa Fe,Argentina,31.35S,60.31W
1871-04-01,16.99,0.861,Santa Fe,Argentina,31.35S,60.31W
1871-05-01,14.245,0.858,Santa Fe,Argentina,31.35S,60.31W
1871-06-01,11.875,0.71,Santa Fe,Argentina,31.35S,60.31W
1871-07-01,11.367,0.92,Santa Fe,Argentina,31.35S,60.31W
1871-08-01,13.345999999999998,0.7040000000000001,Santa Fe,Argentina,31.35S,60.31W
1871-09-01,14.27,0.885,Santa Fe,Argentina,31.35S,60.31W
1871-10-01,17.247,0.7390000000000001,Santa Fe,Argentina,31.35S,60.31W
1871-11-01,21.175,1.443,Santa Fe,Argentina,31.35S,60.31W
1871-12-01,23.221,1.004,Santa Fe,Argentina,31.35S,60.31W
1872-01-01,24.523000000000003,2.093,Santa Fe,Argentina,31.35S,60.31W
1872-02-01,23.642,1.3090000000000002,Santa Fe,Argentina,31.35S,60.31W
1872-03-01,20.732,1.094,Santa Fe,Argentina,31.35S,60.31W
1872-04-01,17.595,1.367,Santa Fe,Argentina,31.35S,60.31W
1872-05-01,13.401,0.919,Santa Fe,Argentina,31.35S,60.31W
1872-06-01,12.296,1.631,Santa Fe,Argentina,31.35S,60.31W
1872-07-01,11.565999999999999,1.011,Santa Fe,Argentina,31.35S,60.31W
1872-08-01,13.928,1.5330000000000001,Santa Fe,Argentina,31.35S,60.31W
1872-09-01,15.83,1.317,Santa Fe,Argentina,31.35S,60.31W
1872-10-01,20.036,2.552,Santa Fe,Argentina,31.35S,60.31W
1872-11-01,21.198,1.124,Santa Fe,Argentina,31.35S,60.31W
1872-12-01,23.251,1.6230000000000002,Santa Fe,Argentina,31.35S,60.31W
1873-01-01,25.585,1.776,Santa Fe,Argentina,31.35S,60.31W
1873-02-01,23.677,1.724,Santa Fe,Argentina,31.35S,60.31W
1873-03-01,21.04,2.108,Santa Fe,Argentina,31.35S,60.31W
1873-04-01,17.273,0.667,Santa Fe,Argentina,31.35S,60.31W
1873-05-01,15.501,0.542,Santa Fe,Argentina,31.35S,60.31W
1873-06-01,13.139000000000001,0.971,Santa Fe,Argentina,31.35S,60.31W
1873-07-01,10.427999999999999,0.9079999999999999,Santa Fe,Argentina,31.35S,60.31W
1873-08-01,13.526,0.727,Santa Fe,Argentina,31.35S,60.31W
1873-09-01,16.538,1.47,Santa Fe,Argentina,31.35S,60.31W
1873-10-01,18.219,1.026,Santa Fe,Argentina,31.35S,60.31W
1873-11-01,21.699,1.128,Santa Fe,Argentina,31.35S,60.31W
1873-12-01,23.267,1.166,Santa Fe,Argentina,31.35S,60.31W
1874-01-01,22.767,1.305,Santa Fe,Argentina,31.35S,60.31W
1874-02-01,23.355999999999998,0.982,Santa Fe,Argentina,31.35S,60.31W
1874-03-01,20.367,1.815,Santa Fe,Argentina,31.35S,60.31W
1874-04-01,17.518,2.556,Santa Fe,Argentina,31.35S,60.31W
1874-05-01,12.950999999999999,1.7280000000000002,Santa Fe,Argentina,31.35S,60.31W
1874-06-01,11.939,2.126,Santa Fe,Argentina,31.35S,60.31W
1874-07-01,10.959000000000001,1.617,Santa Fe,Argentina,31.35S,60.31W
1874-08-01,14.34,1.554,Santa Fe,Argentina,31.35S,60.31W
1874-09-01,15.7,0.768,Santa Fe,Argentina,31.35S,60.31W
1874-10-01,16.427,0.6829999999999999,Santa Fe,Argentina,31.35S,60.31W
1874-11-01,20.319000000000003,0.8059999999999999,Santa Fe,Argentina,31.35S,60.31W
1874-12-01,23.133000000000003,1.16,Santa Fe,Argentina,31.35S,60.31W
1875-01-01,24.048000000000002,1.0759999999999998,Santa Fe,Argentina,31.35S,60.31W
1875-02-01,24.803,0.6459999999999999,Santa Fe,Argentina,31.35S,60.31W
1875-03-01,20.857,1.3359999999999999,Santa Fe,Argentina,31.35S,60.31W
1875-04-01,17.899,1.131,Santa Fe,Argentina,31.35S,60.31W
1875-05-01,15.625,0.6659999999999999,Santa Fe,Argentina,31.35S,60.31W
1875-06-01,9.849,1.9280000000000002,Santa Fe,Argentina,31.35S,60.31W
1875-07-01,11.418,1.004,Santa Fe,Argentina,31.35S,60.31W
1875-08-01,13.002,1.089,Santa Fe,Argentina,31.35S,60.31W
1875-09-01,16.269000000000002,0.537,Santa Fe,Argentina,31.35S,60.31W
1875-10-01,18.045,0.36,Santa Fe,Argentina,31.35S,60.31W
1875-11-01,21.058000000000003,0.353,Santa Fe,Argentina,31.35S,60.31W
1875-12-01,22.919,1.101,Santa Fe,Argentina,31.35S,60.31W
1876-01-01,23.287,1.2409999999999999,Santa Fe,Argentina,31.35S,60.31W
1876-02-01,23.846999999999998,0.929,Santa Fe,Argentina,31.35S,60.31W
1876-03-01,22.511999999999997,1.589,Santa Fe,Argentina,31.35S,60.31W
1876-04-01,18.534000000000002,1.324,Santa Fe,Argentina,31.35S,60.31W
1876-05-01,15.883,0.722,Santa Fe,Argentina,31.35S,60.31W
1876-06-01,11.789000000000001,0.7509999999999999,Santa Fe,Argentina,31.35S,60.31W
1876-07-01,14.254,1.1740000000000002,Santa Fe,Argentina,31.35S,60.31W
1876-08-01,13.005999999999998,1.649,Santa Fe,Argentina,31.35S,60.31W
1876-09-01,17.314,1.187,Santa Fe,Argentina,31.35S,60.31W
1876-10-01,17.678,0.93,Santa Fe,Argentina,31.35S,60.31W
1876-11-01,19.007,1.31,Santa Fe,Argentina,31.35S,60.31W
1876-12-01,21.831,0.92,Santa Fe,Argentina,31.35S,60.31W
1877-01-01,26.806,1.371,Santa Fe,Argentina,31.35S,60.31W
1877-02-01,25.343000000000004,1.65,Santa Fe,Argentina,31.35S,60.31W
1877-03-01,24.975,1.188,Santa Fe,Argentina,31.35S,60.31W
1877-04-01,19.502,1.047,Santa Fe,Argentina,31.35S,60.31W
1877-05-01,14.546,1.376,Santa Fe,Argentina,31.35S,60.31W
1877-06-01,12.878,2.108,Santa Fe,Argentina,31.35S,60.31W
1877-07-01,14.407,1.012,Santa Fe,Argentina,31.35S,60.31W
1877-08-01,13.568,1.238,Santa Fe,Argentina,31.35S,60.31W
1877-09-01,15.710999999999999,0.708,Santa Fe,Argentina,31.35S,60.31W
1877-10-01,20.266,0.789,Santa Fe,Argentina,31.35S,60.31W
1877-11-01,21.259,0.9259999999999999,Santa Fe,Argentina,31.35S,60.31W
1877-12-01,23.237,2.1719999999999997,Santa Fe,Argentina,31.35S,60.31W
1878-01-01,23.453000000000003,1.327,Santa Fe,Argentina,31.35S,60.31W
1878-02-01,23.358,1.411,Santa Fe,Argentina,31.35S,60.31W
1878-03-01,22.831999999999997,0.8029999999999999,Santa Fe,Argentina,31.35S,60.31W
1878-04-01,18.035,1.018,Santa Fe,Argentina,31.35S,60.31W
1878-05-01,13.978,1.6219999999999999,Santa Fe,Argentina,31.35S,60.31W
1878-06-01,11.937000000000001,1.094,Santa Fe,Argentina,31.35S,60.31W
1878-07-01,11.134,1.4480000000000002,Santa Fe,Argentina,31.35S,60.31W
1878-08-01,12.392000000000001,1.4669999999999999,Santa Fe,Argentina,31.35S,60.31W
1878-09-01,15.739,0.691,Santa Fe,Argentina,31.35S,60.31W
1878-10-01,17.685,1.105,Santa Fe,Argentina,31.35S,60.31W
1878-11-01,21.86,1.3880000000000001,Santa Fe,Argentina,31.35S,60.31W
1878-12-01,21.17,2.109,Santa Fe,Argentina,31.35S,60.31W
1879-01-01,23.489,1.8219999999999998,Santa Fe,Argentina,31.35S,60.31W
1879-02-01,23.464000000000002,1.026,Santa Fe,Argentina,31.35S,60.31W
1879-03-01,21.593000000000004,0.545,Santa Fe,Argentina,31.35S,60.31W
1879-04-01,17.683,0.682,Santa Fe,Argentina,31.35S,60.31W
1879-05-01,14.950999999999999,0.768,Santa Fe,Argentina,31.35S,60.31W
1879-06-01,12.53,1.217,Santa Fe,Argentina,31.35S,60.31W
1879-07-01,13.745999999999999,1.706,Santa Fe,Argentina,31.35S,60.31W
1879-08-01,13.462,0.9940000000000001,Santa Fe,Argentina,31.35S,60.31W
1879-09-01,15.415999999999999,1.0659999999999998,Santa Fe,Argentina,31.35S,60.31W
1879-10-01,18.294,0.87,Santa Fe,Argentina,31.35S,60.31W
1879-11-01,21.88,0.67,Santa Fe,Argentina,31.35S,60.31W
1879-12-01,23.382,0.621,Santa Fe,Argentina,31.35S,60.31W
1880-01-01,23.973000000000003,0.995,Santa Fe,Argentina,31.35S,60.31W
1880-02-01,24.171,1.324,Santa Fe,Argentina,31.35S,60.31W
1880-03-01,21.293000000000003,1.0979999999999999,Santa Fe,Argentina,31.35S,60.31W
1880-04-01,17.503999999999998,1.026,Santa Fe,Argentina,31.35S,60.31W
1880-05-01,14.534,0.527,Santa Fe,Argentina,31.35S,60.31W
1880-06-01,14.327,0.507,Santa Fe,Argentina,31.35S,60.31W
1880-07-01,11.922,0.733,Santa Fe,Argentina,31.35S,60.31W
1880-08-01,14.763,0.335,Santa Fe,Argentina,31.35S,60.31W
1880-09-01,13.790999999999999,1.476,Santa Fe,Argentina,31.35S,60.31W
1880-10-01,16.555999999999997,0.847,Santa Fe,Argentina,31.35S,60.31W
1880-11-01,21.066999999999997,1.6769999999999998,Santa Fe,Argentina,31.35S,60.31W
1880-12-01,24.915,1.442,Santa Fe,Argentina,31.35S,60.31W
1881-01-01,23.058000000000003,0.856,Santa Fe,Argentina,31.35S,60.31W
1881-02-01,24.44,0.977,Santa Fe,Argentina,31.35S,60.31W
1881-03-01,22.023000000000003,0.618,Santa Fe,Argentina,31.35S,60.31W
1881-04-01,17.268,0.53,Santa Fe,Argentina,31.35S,60.31W
1881-05-01,14.557,0.444,Santa Fe,Argentina,31.35S,60.31W
1881-06-01,11.784,0.9520000000000001,Santa Fe,Argentina,31.35S,60.31W
1881-07-01,10.462,0.546,Santa Fe,Argentina,31.35S,60.31W
1881-08-01,12.755,0.773,Santa Fe,Argentina,31.35S,60.31W
1881-09-01,16.483,0.47100000000000003,Santa Fe,Argentina,31.35S,60.31W
1881-10-01,18.436,0.396,Santa Fe,Argentina,31.35S,60.31W
1881-11-01,21.388,1.104,Santa Fe,Argentina,31.35S,60.31W
1881-12-01,24.553,0.649,Santa Fe,Argentina,31.35S,60.31W
1882-01-01,24.649,0.83,Santa Fe,Argentina,31.35S,60.31W
1882-02-01,24.06,0.595,Santa Fe,Argentina,31.35S,60.31W
1882-03-01,20.660999999999998,0.637,Santa Fe,Argentina,31.35S,60.31W
1882-04-01,16.894000000000002,0.42700000000000005,Santa Fe,Argentina,31.35S,60.31W
1882-05-01,14.37,1.19,Santa Fe,Argentina,31.35S,60.31W
1882-06-01,11.246,0.9670000000000001,Santa Fe,Argentina,31.35S,60.31W
1882-07-01,10.542,1.504,Santa Fe,Argentina,31.35S,60.31W
1882-08-01,14.025,1.048,Santa Fe,Argentina,31.35S,60.31W
1882-09-01,15.204,1.382,Santa Fe,Argentina,31.35S,60.31W
1882-10-01,19.954,0.82,Santa Fe,Argentina,31.35S,60.31W
1882-11-01,20.78,0.88,Santa Fe,Argentina,31.35S,60.31W
1882-12-01,22.653000000000002,2.7489999999999997,Santa Fe,Argentina,31.35S,60.31W
1883-01-01,24.336,1.11,Santa Fe,Argentina,31.35S,60.31W
1883-02-01,23.869,1.001,Santa Fe,Argentina,31.35S,60.31W
1883-03-01,22.489,1.215,Santa Fe,Argentina,31.35S,60.31W
1883-04-01,16.458,0.52,Santa Fe,Argentina,31.35S,60.31W
1883-05-01,14.752,0.35200000000000004,Santa Fe,Argentina,31.35S,60.31W
1883-06-01,13.341,0.623,Santa Fe,Argentina,31.35S,60.31W
1883-07-01,11.825,0.54,Santa Fe,Argentina,31.35S,60.31W
1883-08-01,12.683,0.948,Santa Fe,Argentina,31.35S,60.31W
1883-09-01,15.104,0.522,Santa Fe,Argentina,31.35S,60.31W
1883-10-01,18.335,0.516,Santa Fe,Argentina,31.35S,60.31W
1883-11-01,21.421999999999997,0.494,Santa Fe,Argentina,31.35S,60.31W
1883-12-01,23.503,0.943,Santa Fe,Argentina,31.35S,60.31W
1884-01-01,25.603,0.81,Santa Fe,Argentina,31.35S,60.31W
1884-02-01,24.160999999999998,0.765,Santa Fe,Argentina,31.35S,60.31W
1884-03-01,23.662,1.159,Santa Fe,Argentina,31.35S,60.31W
1884-04-01,17.65,0.604,Santa Fe,Argentina,31.35S,60.31W
1884-05-01,12.859000000000002,0.609,Santa Fe,Argentina,31.35S,60.31W
1884-06-01,10.404000000000002,0.48,Santa Fe,Argentina,31.35S,60.31W
1884-07-01,11.23,0.836,Santa Fe,Argentina,31.35S,60.31W
1884-08-01,17.108,1.305,Santa Fe,Argentina,31.35S,60.31W
1884-09-01,16.012999999999998,0.449,Santa Fe,Argentina,31.35S,60.31W
1884-10-01,17.884,0.8540000000000001,Santa Fe,Argentina,31.35S,60.31W
1884-11-01,20.921,0.66,Santa Fe,Argentina,31.35S,60.31W
1884-12-01,23.644000000000002,0.762,Santa Fe,Argentina,31.35S,60.31W
1885-01-01,24.952,0.998,Santa Fe,Argentina,31.35S,60.31W
1885-02-01,23.081999999999997,1.125,Santa Fe,Argentina,31.35S,60.31W
1885-03-01,21.146,0.596,Santa Fe,Argentina,31.35S,60.31W
1885-04-01,16.374000000000002,0.5760000000000001,Santa Fe,Argentina,31.35S,60.31W
1885-05-01,13.565,0.508,Santa Fe,Argentina,31.35S,60.31W
1885-06-01,10.562000000000001,0.414,Santa Fe,Argentina,31.35S,60.31W
1885-07-01,9.574,0.983,Santa Fe,Argentina,31.35S,60.31W
1885-08-01,12.48,0.7859999999999999,Santa Fe,Argentina,31.35S,60.31W
1885-09-01,16.201,0.35,Santa Fe,Argentina,31.35S,60.31W
1885-10-01,18.585,0.684,Santa Fe,Argentina,31.35S,60.31W
1885-11-01,22.34,1.024,Santa Fe,Argentina,31.35S,60.31W
1885-12-01,22.946,0.71,Santa Fe,Argentina,31.35S,60.31W
1886-01-01,25.214000000000002,0.861,Santa Fe,Argentina,31.35S,60.31W
1886-02-01,23.844,0.955,Santa Fe,Argentina,31.35S,60.31W
1886-03-01,22.144,0.861,Santa Fe,Argentina,31.35S,60.31W
1886-04-01,17.267,0.371,Santa Fe,Argentina,31.35S,60.31W
1886-05-01,14.469,0.593,Santa Fe,Argentina,31.35S,60.31W
1886-06-01,10.777000000000001,0.628,Santa Fe,Argentina,31.35S,60.31W
1886-07-01,11.227,1.173,Santa Fe,Argentina,31.35S,60.31W
1886-08-01,12.84,1.1,Santa Fe,Argentina,31.35S,60.31W
1886-09-01,14.949000000000002,0.8140000000000001,Santa Fe,Argentina,31.35S,60.31W
1886-10-01,17.361,0.897,Santa Fe,Argentina,31.35S,60.31W
1886-11-01,20.67,1.073,Santa Fe,Argentina,31.35S,60.31W
1886-12-01,23.965,1.66,Santa Fe,Argentina,31.35S,60.31W
1887-01-01,24.225,1.171,Santa Fe,Argentina,31.35S,60.31W
1887-02-01,22.965,1.3519999999999999,Santa Fe,Argentina,31.35S,60.31W
1887-03-01,21.358,1.168,Santa Fe,Argentina,31.35S,60.31W
1887-04-01,16.743,0.943,Santa Fe,Argentina,31.35S,60.31W
1887-05-01,13.647,0.93,Santa Fe,Argentina,31.35S,60.31W
1887-06-01,14.300999999999998,0.762,Santa Fe,Argentina,31.35S,60.31W
1887-07-01,11.925,0.753,Santa Fe,Argentina,31.35S,60.31W
1887-08-01,16.454,0.7929999999999999,Santa Fe,Argentina,31.35S,60.31W
1887-09-01,14.995999999999999,1.195,Santa Fe,Argentina,31.35S,60.31W
1887-10-01,17.745,1.119,Santa Fe,Argentina,31.35S,60.31W
1887-11-01,20.590999999999998,1.581,Santa Fe,Argentina,31.35S,60.31W
1887-12-01,22.997,1.371,Santa Fe,Argentina,31.35S,60.31W
1888-01-01,25.964000000000002,1.739,Santa Fe,Argentina,31.35S,60.31W
1888-02-01,24.91,0.6629999999999999,Santa Fe,Argentina,31.35S,60.31W
1888-03-01,21.967,1.016,Santa Fe,Argentina,31.35S,60.31W
1888-04-01,18.675,0.853,Santa Fe,Argentina,31.35S,60.31W
1888-05-01,13.463,1.102,Santa Fe,Argentina,31.35S,60.31W
1888-06-01,9.808,1.008,Santa Fe,Argentina,31.35S,60.31W
1888-07-01,14.062999999999999,0.9470000000000001,Santa Fe,Argentina,31.35S,60.31W
1888-08-01,14.710999999999999,0.7809999999999999,Santa Fe,Argentina,31.35S,60.31W
1888-09-01,16.424,0.536,Santa Fe,Argentina,31.35S,60.31W
1888-10-01,18.246,1.272,Santa Fe,Argentina,31.35S,60.31W
1888-11-01,20.599,1.405,Santa Fe,Argentina,31.35S,60.31W
1888-12-01,23.98,1.176,Santa Fe,Argentina,31.35S,60.31W
1889-01-01,24.146,0.539,Santa Fe,Argentina,31.35S,60.31W
1889-02-01,22.956999999999997,1.004,Santa Fe,Argentina,31.35S,60.31W
1889-03-01,22.268,0.701,Santa Fe,Argentina,31.35S,60.31W
1889-04-01,16.997999999999998,0.945,Santa Fe,Argentina,31.35S,60.31W
1889-05-01,14.950999999999999,0.519,Santa Fe,Argentina,31.35S,60.31W
1889-06-01,11.685,0.384,Santa Fe,Argentina,31.35S,60.31W
1889-07-01,11.963,0.7879999999999999,Santa Fe,Argentina,31.35S,60.31W
1889-08-01,11.309000000000001,1.169,Santa Fe,Argentina,31.35S,60.31W
1889-09-01,14.863,0.746,Santa Fe,Argentina,31.35S,60.31W
1889-10-01,17.939999999999994,0.31,Santa Fe,Argentina,31.35S,60.31W
1889-11-01,20.799,0.968,Santa Fe,Argentina,31.35S,60.31W
1889-12-01,23.066,1.185,Santa Fe,Argentina,31.35S,60.31W
1890-01-01,23.636,1.023,Santa Fe,Argentina,31.35S,60.31W
1890-02-01,23.526,1.067,Santa Fe,Argentina,31.35S,60.31W
1890-03-01,20.776999999999997,0.919,Santa Fe,Argentina,31.35S,60.31W
1890-04-01,19.311,0.871,Santa Fe,Argentina,31.35S,60.31W
1890-05-01,13.384,0.9309999999999999,Santa Fe,Argentina,31.35S,60.31W
1890-06-01,10.781,0.748,Santa Fe,Argentina,31.35S,60.31W
1890-07-01,12.697,0.943,Santa Fe,Argentina,31.35S,60.31W
1890-08-01,11.583,1.203,Santa Fe,Argentina,31.35S,60.31W
1890-09-01,14.062,0.645,Santa Fe,Argentina,31.35S,60.31W
1890-10-01,17.875999999999994,0.484,Santa Fe,Argentina,31.35S,60.31W
1890-11-01,22.559,1.272,Santa Fe,Argentina,31.35S,60.31W
1890-12-01,24.423000000000002,0.6829999999999999,Santa Fe,Argentina,31.35S,60.31W
1891-01-01,24.199,1.232,Santa Fe,Argentina,31.35S,60.31W
1891-02-01,24.515,0.63,Santa Fe,Argentina,31.35S,60.31W
1891-03-01,21.909000000000002,0.387,Santa Fe,Argentina,31.35S,60.31W
1891-04-01,17.656,0.634,Santa Fe,Argentina,31.35S,60.31W
1891-05-01,14.947,0.72,Santa Fe,Argentina,31.35S,60.31W
1891-06-01,12.623,0.654,Santa Fe,Argentina,31.35S,60.31W
1891-07-01,11.593,0.7090000000000001,Santa Fe,Argentina,31.35S,60.31W
1891-08-01,13.603,0.537,Santa Fe,Argentina,31.35S,60.31W
1891-09-01,15.478,0.748,Santa Fe,Argentina,31.35S,60.31W
1891-10-01,18.197,0.457,Santa Fe,Argentina,31.35S,60.31W
1891-11-01,21.555,0.873,Santa Fe,Argentina,31.35S,60.31W
1891-12-01,22.713,1.5530000000000002,Santa Fe,Argentina,31.35S,60.31W
1892-01-01,24.9,1.141,Santa Fe,Argentina,31.35S,60.31W
1892-02-01,25.116,0.846,Santa Fe,Argentina,31.35S,60.31W
1892-03-01,21.423,0.879,Santa Fe,Argentina,31.35S,60.31W
1892-04-01,18.195,0.7040000000000001,Santa Fe,Argentina,31.35S,60.31W
1892-05-01,13.759,0.612,Santa Fe,Argentina,31.35S,60.31W
1892-06-01,9.973,1.217,Santa Fe,Argentina,31.35S,60.31W
1892-07-01,12.789000000000001,0.727,Santa Fe,Argentina,31.35S,60.31W
1892-08-01,12.079,0.584,Santa Fe,Argentina,31.35S,60.31W
1892-09-01,14.668,0.483,Santa Fe,Argentina,31.35S,60.31W
1892-10-01,18.566,0.647,Santa Fe,Argentina,31.35S,60.31W
1892-11-01,20.794,0.535,Santa Fe,Argentina,31.35S,60.31W
1892-12-01,23.182,1.074,Santa Fe,Argentina,31.35S,60.31W
1893-01-01,24.834,2.1959999999999997,Santa Fe,Argentina,31.35S,60.31W
1893-02-01,22.838,0.728,Santa Fe,Argentina,31.35S,60.31W
1893-03-01,23.085,0.7090000000000001,Santa Fe,Argentina,31.35S,60.31W
1893-04-01,17.217,0.271,Santa Fe,Argentina,31.35S,60.31W
1893-05-01,13.505999999999998,0.507,Santa Fe,Argentina,31.35S,60.31W
1893-06-01,10.182,0.5379999999999999,Santa Fe,Argentina,31.35S,60.31W
1893-07-01,13.439,0.8740000000000001,Santa Fe,Argentina,31.35S,60.31W
1893-08-01,11.777000000000001,0.512,Santa Fe,Argentina,31.35S,60.31W
1893-09-01,13.412,0.8079999999999999,Santa Fe,Argentina,31.35S,60.31W
1893-10-01,16.092,0.8909999999999999,Santa Fe,Argentina,31.35S,60.31W
1893-11-01,21.345,1.474,Santa Fe,Argentina,31.35S,60.31W
1893-12-01,25.538,1.21,Santa Fe,Argentina,31.35S,60.31W
1894-01-01,25.348000000000003,1.033,Santa Fe,Argentina,31.35S,60.31W
1894-02-01,24.971999999999998,0.614,Santa Fe,Argentina,31.35S,60.31W
1894-03-01,20.933000000000003,0.934,Santa Fe,Argentina,31.35S,60.31W
1894-04-01,17.785999999999994,0.764,Santa Fe,Argentina,31.35S,60.31W
1894-05-01,15.412,0.42200000000000004,Santa Fe,Argentina,31.35S,60.31W
1894-06-01,10.585,0.45299999999999996,Santa Fe,Argentina,31.35S,60.31W
1894-07-01,11.569,0.348,Santa Fe,Argentina,31.35S,60.31W
1894-08-01,13.105,0.509,Santa Fe,Argentina,31.35S,60.31W
1894-09-01,15.117,0.925,Santa Fe,Argentina,31.35S,60.31W
1894-10-01,17.343,0.9179999999999999,Santa Fe,Argentina,31.35S,60.31W
1894-11-01,21.982,0.993,Santa Fe,Argentina,31.35S,60.31W
1894-12-01,23.02,0.57,Santa Fe,Argentina,31.35S,60.31W
1895-01-01,23.368000000000002,0.9890000000000001,Santa Fe,Argentina,31.35S,60.31W
1895-02-01,24.889,0.5770000000000001,Santa Fe,Argentina,31.35S,60.31W
1895-03-01,22.933000000000003,0.364,Santa Fe,Argentina,31.35S,60.31W
1895-04-01,18.672,0.447,Santa Fe,Argentina,31.35S,60.31W
1895-05-01,15.34,0.642,Santa Fe,Argentina,31.35S,60.31W
1895-06-01,14.85,0.7559999999999999,Santa Fe,Argentina,31.35S,60.31W
1895-07-01,13.105,0.669,Santa Fe,Argentina,31.35S,60.31W
1895-08-01,14.671,0.586,Santa Fe,Argentina,31.35S,60.31W
1895-09-01,16.090999999999998,0.315,Santa Fe,Argentina,31.35S,60.31W
1895-10-01,17.78,0.439,Santa Fe,Argentina,31.35S,60.31W
1895-11-01,20.149,0.515,Santa Fe,Argentina,31.35S,60.31W
1895-12-01,23.953000000000003,0.485,Santa Fe,Argentina,31.35S,60.31W
1896-01-01,23.843000000000004,0.48200000000000004,Santa Fe,Argentina,31.35S,60.31W
1896-02-01,23.601999999999997,0.457,Santa Fe,Argentina,31.35S,60.31W
1896-03-01,21.750999999999998,0.5429999999999999,Santa Fe,Argentina,31.35S,60.31W
1896-04-01,18.628,0.575,Santa Fe,Argentina,31.35S,60.31W
1896-05-01,16.060000000000002,0.289,Santa Fe,Argentina,31.35S,60.31W
1896-06-01,11.594000000000001,0.431,Santa Fe,Argentina,31.35S,60.31W
1896-07-01,14.674000000000001,0.774,Santa Fe,Argentina,31.35S,60.31W
1896-08-01,17.149,0.556,Santa Fe,Argentina,31.35S,60.31W
1896-09-01,18.224,0.373,Santa Fe,Argentina,31.35S,60.31W
1896-10-01,19.334,0.401,Santa Fe,Argentina,31.35S,60.31W
1896-11-01,22.701,0.619,Santa Fe,Argentina,31.35S,60.31W
1896-12-01,23.633000000000003,0.773,Santa Fe,Argentina,31.35S,60.31W
1897-01-01,24.702,1.182,Santa Fe,Argentina,31.35S,60.31W
1897-02-01,24.982,0.514,Santa Fe,Argentina,31.35S,60.31W
1897-03-01,24.114,0.649,Santa Fe,Argentina,31.35S,60.31W
1897-04-01,19.557000000000002,0.466,Santa Fe,Argentina,31.35S,60.31W
1897-05-01,15.999,0.508,Santa Fe,Argentina,31.35S,60.31W
1897-06-01,12.747,0.41700000000000004,Santa Fe,Argentina,31.35S,60.31W
1897-07-01,9.936,0.239,Santa Fe,Argentina,31.35S,60.31W
1897-08-01,11.823,0.478,Santa Fe,Argentina,31.35S,60.31W
1897-09-01,14.720999999999998,0.5770000000000001,Santa Fe,Argentina,31.35S,60.31W
1897-10-01,19.335,0.506,Santa Fe,Argentina,31.35S,60.31W
1897-11-01,21.665,0.9390000000000001,Santa Fe,Argentina,31.35S,60.31W
1897-12-01,25.281999999999996,1.067,Santa Fe,Argentina,31.35S,60.31W
1898-01-01,25.494,1.23,Santa Fe,Argentina,31.35S,60.31W
1898-02-01,25.659000000000002,0.81,Santa Fe,Argentina,31.35S,60.31W
1898-03-01,20.954,0.65,Santa Fe,Argentina,31.35S,60.31W
1898-04-01,17.319000000000003,0.53,Santa Fe,Argentina,31.35S,60.31W
1898-05-01,14.58,0.762,Santa Fe,Argentina,31.35S,60.31W
1898-06-01,14.585,0.9159999999999999,Santa Fe,Argentina,31.35S,60.31W
1898-07-01,10.554,0.41200000000000003,Santa Fe,Argentina,31.35S,60.31W
1898-08-01,10.942,0.5329999999999999,Santa Fe,Argentina,31.35S,60.31W
1898-09-01,14.823,0.53,Santa Fe,Argentina,31.35S,60.31W
1898-10-01,16.561999999999998,0.943,Santa Fe,Argentina,31.35S,60.31W
1898-11-01,19.621,0.511,Santa Fe,Argentina,31.35S,60.31W
1898-12-01,23.736,0.937,Santa Fe,Argentina,31.35S,60.31W
1899-01-01,25.266,0.9690000000000001,Santa Fe,Argentina,31.35S,60.31W
1899-02-01,23.476,0.8390000000000001,Santa Fe,Argentina,31.35S,60.31W
1899-03-01,22.524,0.7879999999999999,Santa Fe,Argentina,31.35S,60.31W
1899-04-01,18.961,0.32299999999999995,Santa Fe,Argentina,31.35S,60.31W
1899-05-01,17.692999999999998,0.8859999999999999,Santa Fe,Argentina,31.35S,60.31W
1899-06-01,10.805,0.977,Santa Fe,Argentina,31.35S,60.31W
1899-07-01,15.394,0.89,Santa Fe,Argentina,31.35S,60.31W
1899-08-01,14.626,0.215,Santa Fe,Argentina,31.35S,60.31W
1899-09-01,14.92,0.5589999999999999,Santa Fe,Argentina,31.35S,60.31W
1899-10-01,17.465,0.319,Santa Fe,Argentina,31.35S,60.31W
1899-11-01,20.801,0.523,Santa Fe,Argentina,31.35S,60.31W
1899-12-01,24.787,0.735,Santa Fe,Argentina,31.35S,60.31W
1900-01-01,26.515,1.1179999999999999,Santa Fe,Argentina,31.35S,60.31W
1900-02-01,26.164,0.625,Santa Fe,Argentina,31.35S,60.31W
1900-03-01,22.409,0.314,Santa Fe,Argentina,31.35S,60.31W
1900-04-01,18.584,0.37799999999999995,Santa Fe,Argentina,31.35S,60.31W
1900-05-01,15.244000000000002,0.556,Santa Fe,Argentina,31.35S,60.31W
1900-06-01,13.717,0.505,Santa Fe,Argentina,31.35S,60.31W
1900-07-01,15.331,1.436,Santa Fe,Argentina,31.35S,60.31W
1900-08-01,13.763,0.677,Santa Fe,Argentina,31.35S,60.31W
1900-09-01,16.51,0.33799999999999997,Santa Fe,Argentina,31.35S,60.31W
1900-10-01,18.37,0.396,Santa Fe,Argentina,31.35S,60.31W
1900-11-01,22.009,0.652,Santa Fe,Argentina,31.35S,60.31W
1900-12-01,23.059,1.036,Santa Fe,Argentina,31.35S,60.31W
1901-01-01,23.48,0.625,Santa Fe,Argentina,31.35S,60.31W
1901-02-01,23.593000000000004,0.867,Santa Fe,Argentina,31.35S,60.31W
1901-03-01,22.346,0.802,Santa Fe,Argentina,31.35S,60.31W
1901-04-01,16.442999999999998,0.8,Santa Fe,Argentina,31.35S,60.31W
1901-05-01,16.268,0.758,Santa Fe,Argentina,31.35S,60.31W
1901-06-01,15.151,0.5820000000000001,Santa Fe,Argentina,31.35S,60.31W
1901-07-01,12.475,0.423,Santa Fe,Argentina,31.35S,60.31W
1901-08-01,12.890999999999998,0.28,Santa Fe,Argentina,31.35S,60.31W
1901-09-01,18.01,0.7,Santa Fe,Argentina,31.35S,60.31W
1901-10-01,19.853,0.7929999999999999,Santa Fe,Argentina,31.35S,60.31W
1901-11-01,21.514,0.619,Santa Fe,Argentina,31.35S,60.31W
1901-12-01,24.439,0.7120000000000001,Santa Fe,Argentina,31.35S,60.31W
1902-01-01,24.766,0.61,Santa Fe,Argentina,31.35S,60.31W
1902-02-01,26.635,0.722,Santa Fe,Argentina,31.35S,60.31W
1902-03-01,23.142,0.7190000000000001,Santa Fe,Argentina,31.35S,60.31W
1902-04-01,19.823,0.498,Santa Fe,Argentina,31.35S,60.31W
1902-05-01,17.38,0.36200000000000004,Santa Fe,Argentina,31.35S,60.31W
1902-06-01,14.873,0.489,Santa Fe,Argentina,31.35S,60.31W
1902-07-01,11.972999999999999,0.568,Santa Fe,Argentina,31.35S,60.31W
1902-08-01,10.39,0.541,Santa Fe,Argentina,31.35S,60.31W
1902-09-01,16.25,0.48200000000000004,Santa Fe,Argentina,31.35S,60.31W
1902-10-01,17.701999999999995,0.726,Santa Fe,Argentina,31.35S,60.31W
1902-11-01,21.108,1.2009999999999998,Santa Fe,Argentina,31.35S,60.31W
1902-12-01,23.575,0.588,Santa Fe,Argentina,31.35S,60.31W
1903-01-01,24.117,0.69,Santa Fe,Argentina,31.35S,60.31W
1903-02-01,24.199,0.667,Santa Fe,Argentina,31.35S,60.31W
1903-03-01,23.566000000000006,0.6579999999999999,Santa Fe,Argentina,31.35S,60.31W
1903-04-01,17.683,0.909,Santa Fe,Argentina,31.35S,60.31W
1903-05-01,15.245,0.264,Santa Fe,Argentina,31.35S,60.31W
1903-06-01,13.188,0.495,Santa Fe,Argentina,31.35S,60.31W
1903-07-01,12.257,0.609,Santa Fe,Argentina,31.35S,60.31W
1903-08-01,13.308,0.8340000000000001,Santa Fe,Argentina,31.35S,60.31W
1903-09-01,17.878,0.45899999999999996,Santa Fe,Argentina,31.35S,60.31W
1903-10-01,17.394000000000002,0.595,Santa Fe,Argentina,31.35S,60.31W
1903-11-01,20.946,1.018,Santa Fe,Argentina,31.35S,60.31W
1903-12-01,22.525,1.048,Santa Fe,Argentina,31.35S,60.31W
1904-01-01,23.604,0.8320000000000001,Santa Fe,Argentina,31.35S,60.31W
1904-02-01,22.276,0.777,Santa Fe,Argentina,31.35S,60.31W
1904-03-01,21.443,0.451,Santa Fe,Argentina,31.35S,60.31W
1904-04-01,19.501,0.295,Santa Fe,Argentina,31.35S,60.31W
1904-05-01,15.057,0.5489999999999999,Santa Fe,Argentina,31.35S,60.31W
1904-06-01,12.794,0.7,Santa Fe,Argentina,31.35S,60.31W
1904-07-01,13.914000000000001,0.41600000000000004,Santa Fe,Argentina,31.35S,60.31W
1904-08-01,12.674000000000001,0.561,Santa Fe,Argentina,31.35S,60.31W
1904-09-01,17.585,1.163,Santa Fe,Argentina,31.35S,60.31W
1904-10-01,17.959,0.228,Santa Fe,Argentina,31.35S,60.31W
1904-11-01,20.348,0.387,Santa Fe,Argentina,31.35S,60.31W
1904-12-01,21.763,0.316,Santa Fe,Argentina,31.35S,60.31W
1905-01-01,23.293000000000003,0.815,Santa Fe,Argentina,31.35S,60.31W
1905-02-01,22.928,0.5529999999999999,Santa Fe,Argentina,31.35S,60.31W
1905-03-01,22.221999999999998,0.344,Santa Fe,Argentina,31.35S,60.31W
1905-04-01,17.677,0.28,Santa Fe,Argentina,31.35S,60.31W
1905-05-01,14.116,0.41,Santa Fe,Argentina,31.35S,60.31W
1905-06-01,13.917,0.507,Santa Fe,Argentina,31.35S,60.31W
1905-07-01,10.922,0.522,Santa Fe,Argentina,31.35S,60.31W
1905-08-01,13.609000000000002,0.284,Santa Fe,Argentina,31.35S,60.31W
1905-09-01,16.352,0.8370000000000001,Santa Fe,Argentina,31.35S,60.31W
1905-10-01,18.936,0.402,Santa Fe,Argentina,31.35S,60.31W
1905-11-01,20.179000000000002,0.519,Santa Fe,Argentina,31.35S,60.31W
1905-12-01,22.333000000000002,0.47700000000000004,Santa Fe,Argentina,31.35S,60.31W
1906-01-01,24.91,0.57,Santa Fe,Argentina,31.35S,60.31W
1906-02-01,25.444000000000003,0.501,Santa Fe,Argentina,31.35S,60.31W
1906-03-01,23.93,0.579,Santa Fe,Argentina,31.35S,60.31W
1906-04-01,19.747,0.89,Santa Fe,Argentina,31.35S,60.31W
1906-05-01,17.406,0.44799999999999995,Santa Fe,Argentina,31.35S,60.31W
1906-06-01,10.233,1.255,Santa Fe,Argentina,31.35S,60.31W
1906-07-01,12.812,0.695,Santa Fe,Argentina,31.35S,60.31W
1906-08-01,13.473,0.313,Santa Fe,Argentina,31.35S,60.31W
1906-09-01,15.620999999999999,0.838,Santa Fe,Argentina,31.35S,60.31W
1906-10-01,19.32,0.33899999999999997,Santa Fe,Argentina,31.35S,60.31W
1906-11-01,21.419,0.77,Santa Fe,Argentina,31.35S,60.31W
1906-12-01,23.263,0.795,Santa Fe,Argentina,31.35S,60.31W
1907-01-01,25.547,0.29600000000000004,Santa Fe,Argentina,31.35S,60.31W
1907-02-01,24.811,0.873,Santa Fe,Argentina,31.35S,60.31W
1907-03-01,22.684,1.2690000000000001,Santa Fe,Argentina,31.35S,60.31W
1907-04-01,18.103,0.625,Santa Fe,Argentina,31.35S,60.31W
1907-05-01,13.114,0.958,Santa Fe,Argentina,31.35S,60.31W
1907-06-01,12.084000000000001,0.6609999999999999,Santa Fe,Argentina,31.35S,60.31W
1907-07-01,11.785,0.295,Santa Fe,Argentina,31.35S,60.31W
1907-08-01,11.661,0.299,Santa Fe,Argentina,31.35S,60.31W
1907-09-01,14.559,0.764,Santa Fe,Argentina,31.35S,60.31W
1907-10-01,17.419,0.544,Santa Fe,Argentina,31.35S,60.31W
1907-11-01,21.351,0.455,Santa Fe,Argentina,31.35S,60.31W
1907-12-01,23.837,1.109,Santa Fe,Argentina,31.35S,60.31W
1908-01-01,24.448,0.575,Santa Fe,Argentina,31.35S,60.31W
1908-02-01,23.444000000000003,0.9490000000000001,Santa Fe,Argentina,31.35S,60.31W
1908-03-01,22.758000000000003,0.603,Santa Fe,Argentina,31.35S,60.31W
1908-04-01,17.658,0.31,Santa Fe,Argentina,31.35S,60.31W
1908-05-01,14.627,0.3,Santa Fe,Argentina,31.35S,60.31W
1908-06-01,13.701,0.374,Santa Fe,Argentina,31.35S,60.31W
1908-07-01,12.255,0.843,Santa Fe,Argentina,31.35S,60.31W
1908-08-01,11.540999999999999,0.97,Santa Fe,Argentina,31.35S,60.31W
1908-09-01,15.386,0.47100000000000003,Santa Fe,Argentina,31.35S,60.31W
1908-10-01,18.382,0.341,Santa Fe,Argentina,31.35S,60.31W
1908-11-01,20.75,0.705,Santa Fe,Argentina,31.35S,60.31W
1908-12-01,23.275,0.43799999999999994,Santa Fe,Argentina,31.35S,60.31W
1909-01-01,25.29,0.777,Santa Fe,Argentina,31.35S,60.31W
1909-02-01,23.381,0.368,Santa Fe,Argentina,31.35S,60.31W
1909-03-01,21.864,0.603,Santa Fe,Argentina,31.35S,60.31W
1909-04-01,18.964000000000002,0.675,Santa Fe,Argentina,31.35S,60.31W
1909-05-01,13.074000000000002,0.38299999999999995,Santa Fe,Argentina,31.35S,60.31W
1909-06-01,10.961,0.418,Santa Fe,Argentina,31.35S,60.31W
1909-07-01,11.901,0.377,Santa Fe,Argentina,31.35S,60.31W
1909-08-01,15.148,0.647,Santa Fe,Argentina,31.35S,60.31W
1909-09-01,16.165,0.20800000000000002,Santa Fe,Argentina,31.35S,60.31W
1909-10-01,17.291999999999998,0.44,Santa Fe,Argentina,31.35S,60.31W
1909-11-01,19.899,1.104,Santa Fe,Argentina,31.35S,60.31W
1909-12-01,22.185,0.725,Santa Fe,Argentina,31.35S,60.31W
1910-01-01,24.542,0.55,Santa Fe,Argentina,31.35S,60.31W
1910-02-01,22.805,0.5529999999999999,Santa Fe,Argentina,31.35S,60.31W
1910-03-01,20.252,0.488,Santa Fe,Argentina,31.35S,60.31W
1910-04-01,17.677,0.541,Santa Fe,Argentina,31.35S,60.31W
1910-05-01,13.987,0.42200000000000004,Santa Fe,Argentina,31.35S,60.31W
1910-06-01,13.571,0.335,Santa Fe,Argentina,31.35S,60.31W
1910-07-01,11.343,0.584,Santa Fe,Argentina,31.35S,60.31W
1910-08-01,13.835,0.361,Santa Fe,Argentina,31.35S,60.31W
1910-09-01,15.409,0.743,Santa Fe,Argentina,31.35S,60.31W
1910-10-01,18.41,0.877,Santa Fe,Argentina,31.35S,60.31W
1910-11-01,21.807,0.565,Santa Fe,Argentina,31.35S,60.31W
1910-12-01,23.965,1.4,Santa Fe,Argentina,31.35S,60.31W
1911-01-01,25.199,0.256,Santa Fe,Argentina,31.35S,60.31W
1911-02-01,23.930999999999997,0.6890000000000001,Santa Fe,Argentina,31.35S,60.31W
1911-03-01,21.291,1.415,Santa Fe,Argentina,31.35S,60.31W
1911-04-01,17.463,0.42,Santa Fe,Argentina,31.35S,60.31W
1911-05-01,15.02,0.4,Santa Fe,Argentina,31.35S,60.31W
1911-06-01,10.335,1.092,Santa Fe,Argentina,31.35S,60.31W
1911-07-01,11.729,0.479,Santa Fe,Argentina,31.35S,60.31W
1911-08-01,11.637,0.861,Santa Fe,Argentina,31.35S,60.31W
1911-09-01,13.238,0.607,Santa Fe,Argentina,31.35S,60.31W
1911-10-01,17.079,0.6729999999999999,Santa Fe,Argentina,31.35S,60.31W
1911-11-01,20.889,0.595,Santa Fe,Argentina,31.35S,60.31W
1911-12-01,22.332,1.036,Santa Fe,Argentina,31.35S,60.31W
1912-01-01,24.891,0.873,Santa Fe,Argentina,31.35S,60.31W
1912-02-01,24.276,0.865,Santa Fe,Argentina,31.35S,60.31W
1912-03-01,23.173,0.606,Santa Fe,Argentina,31.35S,60.31W
1912-04-01,18.038,0.675,Santa Fe,Argentina,31.35S,60.31W
1912-05-01,14.686,0.48,Santa Fe,Argentina,31.35S,60.31W
1912-06-01,12.993,0.544,Santa Fe,Argentina,31.35S,60.31W
1912-07-01,10.62,0.532,Santa Fe,Argentina,31.35S,60.31W
1912-08-01,11.984000000000002,0.33799999999999997,Santa Fe,Argentina,31.35S,60.31W
1912-09-01,15.812,0.779,Santa Fe,Argentina,31.35S,60.31W
1912-10-01,19.103,0.664,Santa Fe,Argentina,31.35S,60.31W
1912-11-01,20.689,0.851,Santa Fe,Argentina,31.35S,60.31W
1912-12-01,24.288,0.601,Santa Fe,Argentina,31.35S,60.31W
1913-01-01,24.533,0.723,Santa Fe,Argentina,31.35S,60.31W
1913-02-01,25.947,0.965,Santa Fe,Argentina,31.35S,60.31W
1913-03-01,21.574,0.8690000000000001,Santa Fe,Argentina,31.35S,60.31W
1913-04-01,20.146,0.9520000000000001,Santa Fe,Argentina,31.35S,60.31W
1913-05-01,16.854,0.642,Santa Fe,Argentina,31.35S,60.31W
1913-06-01,13.066,1.063,Santa Fe,Argentina,31.35S,60.31W
1913-07-01,15.963,0.823,Santa Fe,Argentina,31.35S,60.31W
1913-08-01,14.457,0.715,Santa Fe,Argentina,31.35S,60.31W
1913-09-01,16.064,0.32299999999999995,Santa Fe,Argentina,31.35S,60.31W
1913-10-01,18.766,0.303,Santa Fe,Argentina,31.35S,60.31W
1913-11-01,22.138,0.518,Santa Fe,Argentina,31.35S,60.31W
1913-12-01,23.07,0.48200000000000004,Santa Fe,Argentina,31.35S,60.31W
1914-01-01,25.929000000000002,0.5820000000000001,Santa Fe,Argentina,31.35S,60.31W
1914-02-01,24.405,0.752,Santa Fe,Argentina,31.35S,60.31W
1914-03-01,20.951999999999998,0.6659999999999999,Santa Fe,Argentina,31.35S,60.31W
1914-04-01,17.999000000000002,0.39799999999999996,Santa Fe,Argentina,31.35S,60.31W
1914-05-01,16.328,0.653,Santa Fe,Argentina,31.35S,60.31W
1914-06-01,15.376,0.501,Santa Fe,Argentina,31.35S,60.31W
1914-07-01,14.939,0.711,Santa Fe,Argentina,31.35S,60.31W
1914-08-01,13.517000000000001,0.68,Santa Fe,Argentina,31.35S,60.31W
1914-09-01,15.210999999999999,0.5529999999999999,Santa Fe,Argentina,31.35S,60.31W
1914-10-01,18.035,0.35100000000000003,Santa Fe,Argentina,31.35S,60.31W
1914-11-01,20.054000000000002,0.517,Santa Fe,Argentina,31.35S,60.31W
1914-12-01,22.194000000000003,0.77,Santa Fe,Argentina,31.35S,60.31W
1915-01-01,24.009,0.624,Santa Fe,Argentina,31.35S,60.31W
1915-02-01,24.706,0.845,Santa Fe,Argentina,31.35S,60.31W
1915-03-01,20.35,0.8029999999999999,Santa Fe,Argentina,31.35S,60.31W
1915-04-01,19.763,0.39899999999999997,Santa Fe,Argentina,31.35S,60.31W
1915-05-01,16.404,0.5539999999999999,Santa Fe,Argentina,31.35S,60.31W
1915-06-01,9.674,0.8490000000000001,Santa Fe,Argentina,31.35S,60.31W
1915-07-01,13.005,0.484,Santa Fe,Argentina,31.35S,60.31W
1915-08-01,14.831,0.38799999999999996,Santa Fe,Argentina,31.35S,60.31W
1915-09-01,14.995999999999999,0.455,Santa Fe,Argentina,31.35S,60.31W
1915-10-01,18.619,0.441,Santa Fe,Argentina,31.35S,60.31W
1915-11-01,22.063000000000002,0.426,Santa Fe,Argentina,31.35S,60.31W
1915-12-01,24.284000000000002,0.278,Santa Fe,Argentina,31.35S,60.31W
1916-01-01,26.056,0.667,Santa Fe,Argentina,31.35S,60.31W
1916-02-01,24.436999999999998,0.8270000000000001,Santa Fe,Argentina,31.35S,60.31W
1916-03-01,21.619,0.7879999999999999,Santa Fe,Argentina,31.35S,60.31W
1916-04-01,20.391,0.525,Santa Fe,Argentina,31.35S,60.31W
1916-05-01,16.097,0.809,Santa Fe,Argentina,31.35S,60.31W
1916-06-01,8.238999999999999,1.146,Santa Fe,Argentina,31.35S,60.31W
1916-07-01,9.642000000000001,1.082,Santa Fe,Argentina,31.35S,60.31W
1916-08-01,13.312000000000001,0.65,Santa Fe,Argentina,31.35S,60.31W
1916-09-01,17.358,0.807,Santa Fe,Argentina,31.35S,60.31W
1916-10-01,19.945,0.503,Santa Fe,Argentina,31.35S,60.31W
1916-11-01,23.136,0.337,Santa Fe,Argentina,31.35S,60.31W
1916-12-01,23.52,0.449,Santa Fe,Argentina,31.35S,60.31W
1917-01-01,27.511,1.432,Santa Fe,Argentina,31.35S,60.31W
1917-02-01,24.695999999999998,0.973,Santa Fe,Argentina,31.35S,60.31W
1917-03-01,21.888,0.723,Santa Fe,Argentina,31.35S,60.31W
1917-04-01,18.689,0.552,Santa Fe,Argentina,31.35S,60.31W
1917-05-01,13.065999999999999,0.633,Santa Fe,Argentina,31.35S,60.31W
1917-06-01,13.35,0.29100000000000004,Santa Fe,Argentina,31.35S,60.31W
1917-07-01,11.11,0.58,Santa Fe,Argentina,31.35S,60.31W
1917-08-01,12.415,0.49700000000000005,Santa Fe,Argentina,31.35S,60.31W
1917-09-01,16.472,0.575,Santa Fe,Argentina,31.35S,60.31W
1917-10-01,18.147000000000002,1.048,Santa Fe,Argentina,31.35S,60.31W
1917-11-01,22.005,1.2690000000000001,Santa Fe,Argentina,31.35S,60.31W
1917-12-01,25.844,0.835,Santa Fe,Argentina,31.35S,60.31W
1918-01-01,25.526,0.682,Santa Fe,Argentina,31.35S,60.31W
1918-02-01,23.741999999999997,0.36700000000000005,Santa Fe,Argentina,31.35S,60.31W
1918-03-01,22.006999999999998,0.539,Santa Fe,Argentina,31.35S,60.31W
1918-04-01,19.321,0.287,Santa Fe,Argentina,31.35S,60.31W
1918-05-01,14.450999999999999,0.43700000000000006,Santa Fe,Argentina,31.35S,60.31W
1918-06-01,11.69,0.971,Santa Fe,Argentina,31.35S,60.31W
1918-07-01,12.589,0.31,Santa Fe,Argentina,31.35S,60.31W
1918-08-01,14.09,0.64,Santa Fe,Argentina,31.35S,60.31W
1918-09-01,14.96,0.425,Santa Fe,Argentina,31.35S,60.31W
1918-10-01,17.858,0.442,Santa Fe,Argentina,31.35S,60.31W
1918-11-01,21.81,0.449,Santa Fe,Argentina,31.35S,60.31W
1918-12-01,23.636,0.304,Santa Fe,Argentina,31.35S,60.31W
1919-01-01,26.365,1.016,Santa Fe,Argentina,31.35S,60.31W
1919-02-01,23.59,0.654,Santa Fe,Argentina,31.35S,60.31W
1919-03-01,22.671,0.569,Santa Fe,Argentina,31.35S,60.31W
1919-04-01,19.866,0.8240000000000001,Santa Fe,Argentina,31.35S,60.31W
1919-05-01,18.659000000000002,0.527,Santa Fe,Argentina,31.35S,60.31W
1919-06-01,12.537,0.444,Santa Fe,Argentina,31.35S,60.31W
1919-07-01,13.084000000000001,0.489,Santa Fe,Argentina,31.35S,60.31W
1919-08-01,12.7,0.46,Santa Fe,Argentina,31.35S,60.31W
1919-09-01,15.259,0.37799999999999995,Santa Fe,Argentina,31.35S,60.31W
1919-10-01,18.12,0.319,Santa Fe,Argentina,31.35S,60.31W
1919-11-01,20.903000000000002,0.385,Santa Fe,Argentina,31.35S,60.31W
1919-12-01,24.108,0.573,Santa Fe,Argentina,31.35S,60.31W
1920-01-01,25.558000000000003,0.469,Santa Fe,Argentina,31.35S,60.31W
1920-02-01,23.993,0.341,Santa Fe,Argentina,31.35S,60.31W
1920-03-01,23.151999999999997,0.505,Santa Fe,Argentina,31.35S,60.31W
1920-04-01,20.021,0.737,Santa Fe,Argentina,31.35S,60.31W
1920-05-01,16.942,0.539,Santa Fe,Argentina,31.35S,60.31W
1920-06-01,11.843,0.392,Santa Fe,Argentina,31.35S,60.31W
1920-07-01,10.329,0.451,Santa Fe,Argentina,31.35S,60.31W
1920-08-01,13.109000000000002,0.51,Santa Fe,Argentina,31.35S,60.31W
1920-09-01,16.793,0.44299999999999995,Santa Fe,Argentina,31.35S,60.31W
1920-10-01,18.079,0.556,Santa Fe,Argentina,31.35S,60.31W
1920-11-01,21.386,0.511,Santa Fe,Argentina,31.35S,60.31W
1920-12-01,23.663,0.802,Santa Fe,Argentina,31.35S,60.31W
1921-01-01,24.301,0.546,Santa Fe,Argentina,31.35S,60.31W
1921-02-01,24.165,0.632,Santa Fe,Argentina,31.35S,60.31W
1921-03-01,21.2,0.389,Santa Fe,Argentina,31.35S,60.31W
1921-04-01,18.757,0.418,Santa Fe,Argentina,31.35S,60.31W
1921-05-01,17.838,0.434,Santa Fe,Argentina,31.35S,60.31W
1921-06-01,9.741,1.127,Santa Fe,Argentina,31.35S,60.31W
1921-07-01,10.499,0.718,Santa Fe,Argentina,31.35S,60.31W
1921-08-01,13.277000000000001,0.335,Santa Fe,Argentina,31.35S,60.31W
1921-09-01,15.71,0.304,Santa Fe,Argentina,31.35S,60.31W
1921-10-01,17.848,0.425,Santa Fe,Argentina,31.35S,60.31W
1921-11-01,20.539,0.321,Santa Fe,Argentina,31.35S,60.31W
1921-12-01,24.924,0.379,Santa Fe,Argentina,31.35S,60.31W
1922-01-01,24.338,0.493,Santa Fe,Argentina,31.35S,60.31W
1922-02-01,23.406999999999996,0.45,Santa Fe,Argentina,31.35S,60.31W
1922-03-01,21.653,0.457,Santa Fe,Argentina,31.35S,60.31W
1922-04-01,17.264,0.758,Santa Fe,Argentina,31.35S,60.31W
1922-05-01,15.342,0.379,Santa Fe,Argentina,31.35S,60.31W
1922-06-01,10.661,0.565,Santa Fe,Argentina,31.35S,60.31W
1922-07-01,14.873,0.551,Santa Fe,Argentina,31.35S,60.31W
1922-08-01,12.735,0.653,Santa Fe,Argentina,31.35S,60.31W
1922-09-01,15.991,0.363,Santa Fe,Argentina,31.35S,60.31W
1922-10-01,16.555,0.355,Santa Fe,Argentina,31.35S,60.31W
1922-11-01,22.085,0.415,Santa Fe,Argentina,31.35S,60.31W
1922-12-01,23.07,0.361,Santa Fe,Argentina,31.35S,60.31W
1923-01-01,25.059,0.44799999999999995,Santa Fe,Argentina,31.35S,60.31W
1923-02-01,25.393,0.628,Santa Fe,Argentina,31.35S,60.31W
1923-03-01,24.063,0.726,Santa Fe,Argentina,31.35S,60.31W
1923-04-01,18.875,0.392,Santa Fe,Argentina,31.35S,60.31W
1923-05-01,13.118,0.541,Santa Fe,Argentina,31.35S,60.31W
1923-06-01,13.507,0.539,Santa Fe,Argentina,31.35S,60.31W
1923-07-01,10.096,0.534,Santa Fe,Argentina,31.35S,60.31W
1923-08-01,13.245999999999999,0.363,Santa Fe,Argentina,31.35S,60.31W
1923-09-01,16.122,0.5710000000000001,Santa Fe,Argentina,31.35S,60.31W
1923-10-01,16.160999999999998,0.9179999999999999,Santa Fe,Argentina,31.35S,60.31W
1923-11-01,21.375,0.304,Santa Fe,Argentina,31.35S,60.31W
1923-12-01,22.055,1.249,Santa Fe,Argentina,31.35S,60.31W
1924-01-01,23.723000000000003,0.5660000000000001,Santa Fe,Argentina,31.35S,60.31W
1924-02-01,23.819000000000003,1.012,Santa Fe,Argentina,31.35S,60.31W
1924-03-01,22.041999999999998,0.479,Santa Fe,Argentina,31.35S,60.31W
1924-04-01,17.012,0.619,Santa Fe,Argentina,31.35S,60.31W
1924-05-01,13.610999999999999,0.363,Santa Fe,Argentina,31.35S,60.31W
1924-06-01,12.701,0.273,Santa Fe,Argentina,31.35S,60.31W
1924-07-01,11.527999999999999,0.255,Santa Fe,Argentina,31.35S,60.31W
1924-08-01,11.559000000000001,0.264,Santa Fe,Argentina,31.35S,60.31W
1924-09-01,14.427999999999999,0.203,Santa Fe,Argentina,31.35S,60.31W
1924-10-01,17.866,0.34,Santa Fe,Argentina,31.35S,60.31W
1924-11-01,20.106,0.382,Santa Fe,Argentina,31.35S,60.31W
1924-12-01,25.292,0.785,Santa Fe,Argentina,31.35S,60.31W
1925-01-01,25.688000000000002,1.126,Santa Fe,Argentina,31.35S,60.31W
1925-02-01,26.088,0.452,Santa Fe,Argentina,31.35S,60.31W
1925-03-01,24.581999999999997,1.111,Santa Fe,Argentina,31.35S,60.31W
1925-04-01,18.696,0.312,Santa Fe,Argentina,31.35S,60.31W
1925-05-01,14.043,0.359,Santa Fe,Argentina,31.35S,60.31W
1925-06-01,11.023,0.41,Santa Fe,Argentina,31.35S,60.31W
1925-07-01,10.884,0.308,Santa Fe,Argentina,31.35S,60.31W
1925-08-01,14.936,0.32899999999999996,Santa Fe,Argentina,31.35S,60.31W
1925-09-01,16.079,0.425,Santa Fe,Argentina,31.35S,60.31W
1925-10-01,17.759,0.226,Santa Fe,Argentina,31.35S,60.31W
1925-11-01,22.019000000000002,0.225,Santa Fe,Argentina,31.35S,60.31W
1925-12-01,24.138,0.259,Santa Fe,Argentina,31.35S,60.31W
1926-01-01,26.582,0.991,Santa Fe,Argentina,31.35S,60.31W
1926-02-01,26.127,0.266,Santa Fe,Argentina,31.35S,60.31W
1926-03-01,24.759,0.691,Santa Fe,Argentina,31.35S,60.31W
1926-04-01,18.512,0.47600000000000003,Santa Fe,Argentina,31.35S,60.31W
1926-05-01,14.232999999999999,0.40399999999999997,Santa Fe,Argentina,31.35S,60.31W
1926-06-01,13.630999999999998,0.445,Santa Fe,Argentina,31.35S,60.31W
1926-07-01,11.607,0.218,Santa Fe,Argentina,31.35S,60.31W
1926-08-01,14.789000000000001,0.33,Santa Fe,Argentina,31.35S,60.31W
1926-09-01,16.299,0.237,Santa Fe,Argentina,31.35S,60.31W
1926-10-01,18.963,0.365,Santa Fe,Argentina,31.35S,60.31W
1926-11-01,22.177,1.192,Santa Fe,Argentina,31.35S,60.31W
1926-12-01,24.063000000000002,0.23199999999999998,Santa Fe,Argentina,31.35S,60.31W
1927-01-01,25.42,0.821,Santa Fe,Argentina,31.35S,60.31W
1927-02-01,26.741999999999997,0.785,Santa Fe,Argentina,31.35S,60.31W
1927-03-01,23.691000000000006,0.7929999999999999,Santa Fe,Argentina,31.35S,60.31W
1927-04-01,19.09,0.7020000000000001,Santa Fe,Argentina,31.35S,60.31W
1927-05-01,15.793,0.593,Santa Fe,Argentina,31.35S,60.31W
1927-06-01,11.558,0.8009999999999999,Santa Fe,Argentina,31.35S,60.31W
1927-07-01,13.118,0.55,Santa Fe,Argentina,31.35S,60.31W
1927-08-01,14.669,0.5479999999999999,Santa Fe,Argentina,31.35S,60.31W
1927-09-01,15.995999999999999,0.622,Santa Fe,Argentina,31.35S,60.31W
1927-10-01,18.291,0.29100000000000004,Santa Fe,Argentina,31.35S,60.31W
1927-11-01,21.691,0.867,Santa Fe,Argentina,31.35S,60.31W
1927-12-01,22.769000000000002,0.457,Santa Fe,Argentina,31.35S,60.31W
1928-01-01,24.17,0.591,Santa Fe,Argentina,31.35S,60.31W
1928-02-01,22.185,0.75,Santa Fe,Argentina,31.35S,60.31W
1928-03-01,22.557,0.8640000000000001,Santa Fe,Argentina,31.35S,60.31W
1928-04-01,20.437,0.904,Santa Fe,Argentina,31.35S,60.31W
1928-05-01,15.14,0.574,Santa Fe,Argentina,31.35S,60.31W
1928-06-01,11.45,0.6409999999999999,Santa Fe,Argentina,31.35S,60.31W
1928-07-01,12.386,0.46399999999999997,Santa Fe,Argentina,31.35S,60.31W
1928-08-01,12.963,0.5870000000000001,Santa Fe,Argentina,31.35S,60.31W
1928-09-01,15.2,0.648,Santa Fe,Argentina,31.35S,60.31W
1928-10-01,18.387,0.20199999999999999,Santa Fe,Argentina,31.35S,60.31W
1928-11-01,23.076,0.429,Santa Fe,Argentina,31.35S,60.31W
1928-12-01,23.71,0.455,Santa Fe,Argentina,31.35S,60.31W
1929-01-01,26.5,0.9990000000000001,Santa Fe,Argentina,31.35S,60.31W
1929-02-01,24.995,0.665,Santa Fe,Argentina,31.35S,60.31W
1929-03-01,22.143,0.33399999999999996,Santa Fe,Argentina,31.35S,60.31W
1929-04-01,20.045,0.903,Santa Fe,Argentina,31.35S,60.31W
1929-05-01,14.149,0.292,Santa Fe,Argentina,31.35S,60.31W
1929-06-01,11.172,0.496,Santa Fe,Argentina,31.35S,60.31W
1929-07-01,13.1,0.301,Santa Fe,Argentina,31.35S,60.31W
1929-08-01,13.125,0.547,Santa Fe,Argentina,31.35S,60.31W
1929-09-01,16.652,0.46299999999999997,Santa Fe,Argentina,31.35S,60.31W
1929-10-01,17.685,0.312,Santa Fe,Argentina,31.35S,60.31W
1929-11-01,21.92,0.375,Santa Fe,Argentina,31.35S,60.31W
1929-12-01,24.24,0.616,Santa Fe,Argentina,31.35S,60.31W
1930-01-01,25.364,0.5920000000000001,Santa Fe,Argentina,31.35S,60.31W
1930-02-01,24.939,0.633,Santa Fe,Argentina,31.35S,60.31W
1930-03-01,22.605999999999998,0.213,Santa Fe,Argentina,31.35S,60.31W
1930-04-01,19.951,0.209,Santa Fe,Argentina,31.35S,60.31W
1930-05-01,16.05,0.188,Santa Fe,Argentina,31.35S,60.31W
1930-06-01,17.174,0.255,Santa Fe,Argentina,31.35S,60.31W
1930-07-01,11.34,0.153,Santa Fe,Argentina,31.35S,60.31W
1930-08-01,11.923,0.259,Santa Fe,Argentina,31.35S,60.31W
1930-09-01,16.330000000000002,0.306,Santa Fe,Argentina,31.35S,60.31W
1930-10-01,17.034000000000002,0.245,Santa Fe,Argentina,31.35S,60.31W
1930-11-01,21.366999999999997,0.81,Santa Fe,Argentina,31.35S,60.31W
1930-12-01,24.15,0.201,Santa Fe,Argentina,31.35S,60.31W
1931-01-01,24.42,0.32899999999999996,Santa Fe,Argentina,31.35S,60.31W
1931-02-01,25.24,0.33899999999999997,Santa Fe,Argentina,31.35S,60.31W
1931-03-01,22.601999999999997,0.46799999999999997,Santa Fe,Argentina,31.35S,60.31W
1931-04-01,17.817,0.402,Santa Fe,Argentina,31.35S,60.31W
1931-05-01,12.195,0.245,Santa Fe,Argentina,31.35S,60.31W
1931-06-01,10.547999999999998,0.249,Santa Fe,Argentina,31.35S,60.31W
1931-07-01,11.732999999999999,0.27899999999999997,Santa Fe,Argentina,31.35S,60.31W
1931-08-01,12.814,0.257,Santa Fe,Argentina,31.35S,60.31W
1931-09-01,14.035,0.24600000000000002,Santa Fe,Argentina,31.35S,60.31W
1931-10-01,19.147000000000002,0.285,Santa Fe,Argentina,31.35S,60.31W
1931-11-01,19.43,0.348,Santa Fe,Argentina,31.35S,60.31W
1931-12-01,24.011,0.35600000000000004,Santa Fe,Argentina,31.35S,60.31W
1932-01-01,26.816,0.506,Santa Fe,Argentina,31.35S,60.31W
1932-02-01,23.939,0.531,Santa Fe,Argentina,31.35S,60.31W
1932-03-01,23.103,0.23600000000000002,Santa Fe,Argentina,31.35S,60.31W
1932-04-01,18.968,0.332,Santa Fe,Argentina,31.35S,60.31W
1932-05-01,13.068,0.275,Santa Fe,Argentina,31.35S,60.31W
1932-06-01,12.463,0.168,Santa Fe,Argentina,31.35S,60.31W
1932-07-01,15.642999999999999,0.243,Santa Fe,Argentina,31.35S,60.31W
1932-08-01,12.193,0.20199999999999999,Santa Fe,Argentina,31.35S,60.31W
1932-09-01,16.277,0.245,Santa Fe,Argentina,31.35S,60.31W
1932-10-01,18.624000000000002,0.375,Santa Fe,Argentina,31.35S,60.31W
1932-11-01,22.723000000000003,0.33399999999999996,Santa Fe,Argentina,31.35S,60.31W
1932-12-01,23.965,0.381,Santa Fe,Argentina,31.35S,60.31W
1933-01-01,25.489,0.406,Santa Fe,Argentina,31.35S,60.31W
1933-02-01,24.449,0.317,Santa Fe,Argentina,31.35S,60.31W
1933-03-01,22.185,0.201,Santa Fe,Argentina,31.35S,60.31W
1933-04-01,19.064,0.278,Santa Fe,Argentina,31.35S,60.31W
1933-05-01,16.654,0.201,Santa Fe,Argentina,31.35S,60.31W
1933-06-01,12.571,0.405,Santa Fe,Argentina,31.35S,60.31W
1933-07-01,9.738999999999999,0.171,Santa Fe,Argentina,31.35S,60.31W
1933-08-01,15.405,0.217,Santa Fe,Argentina,31.35S,60.31W
1933-09-01,16.179000000000002,0.26899999999999996,Santa Fe,Argentina,31.35S,60.31W
1933-10-01,20.237000000000002,0.26,Santa Fe,Argentina,31.35S,60.31W
1933-11-01,22.5,0.408,Santa Fe,Argentina,31.35S,60.31W
1933-12-01,24.018,0.505,Santa Fe,Argentina,31.35S,60.31W
1934-01-01,27.67,0.767,Santa Fe,Argentina,31.35S,60.31W
1934-02-01,23.624000000000002,0.7070000000000001,Santa Fe,Argentina,31.35S,60.31W
1934-03-01,22.463,0.36700000000000005,Santa Fe,Argentina,31.35S,60.31W
1934-04-01,16.143,0.491,Santa Fe,Argentina,31.35S,60.31W
1934-05-01,15.838,0.664,Santa Fe,Argentina,31.35S,60.31W
1934-06-01,14.002,0.574,Santa Fe,Argentina,31.35S,60.31W
1934-07-01,12.545,0.57,Santa Fe,Argentina,31.35S,60.31W
1934-08-01,13.866,0.5660000000000001,Santa Fe,Argentina,31.35S,60.31W
1934-09-01,15.204,0.33799999999999997,Santa Fe,Argentina,31.35S,60.31W
1934-10-01,17.486,0.312,Santa Fe,Argentina,31.35S,60.31W
1934-11-01,20.477,0.287,Santa Fe,Argentina,31.35S,60.31W
1934-12-01,23.542,0.436,Santa Fe,Argentina,31.35S,60.31W
1935-01-01,25.33,0.478,Santa Fe,Argentina,31.35S,60.31W
1935-02-01,24.68,0.366,Santa Fe,Argentina,31.35S,60.31W
1935-03-01,24.156999999999996,0.335,Santa Fe,Argentina,31.35S,60.31W
1935-04-01,17.416999999999998,0.42,Santa Fe,Argentina,31.35S,60.31W
1935-05-01,18.344,0.47,Santa Fe,Argentina,31.35S,60.31W
1935-06-01,14.306,0.20199999999999999,Santa Fe,Argentina,31.35S,60.31W
1935-07-01,12.485999999999999,0.315,Santa Fe,Argentina,31.35S,60.31W
1935-08-01,14.389000000000001,0.257,Santa Fe,Argentina,31.35S,60.31W
1935-09-01,15.574000000000002,0.33299999999999996,Santa Fe,Argentina,31.35S,60.31W
1935-10-01,16.194000000000003,0.18100000000000002,Santa Fe,Argentina,31.35S,60.31W
1935-11-01,21.459,0.42100000000000004,Santa Fe,Argentina,31.35S,60.31W
1935-12-01,23.314,0.49200000000000005,Santa Fe,Argentina,31.35S,60.31W
1936-01-01,24.261,0.6920000000000001,Santa Fe,Argentina,31.35S,60.31W
1936-02-01,24.175,0.384,Santa Fe,Argentina,31.35S,60.31W
1936-03-01,23.493,0.316,Santa Fe,Argentina,31.35S,60.31W
1936-04-01,18.366,0.267,Santa Fe,Argentina,31.35S,60.31W
1936-05-01,16.435000000000002,0.31,Santa Fe,Argentina,31.35S,60.31W
1936-06-01,13.363,0.27699999999999997,Santa Fe,Argentina,31.35S,60.31W
1936-07-01,12.710999999999999,0.39799999999999996,Santa Fe,Argentina,31.35S,60.31W
1936-08-01,12.165999999999999,0.369,Santa Fe,Argentina,31.35S,60.31W
1936-09-01,16.212,0.22899999999999998,Santa Fe,Argentina,31.35S,60.31W
1936-10-01,18.439,0.218,Santa Fe,Argentina,31.35S,60.31W
1936-11-01,20.227,0.195,Santa Fe,Argentina,31.35S,60.31W
1936-12-01,24.365,0.222,Santa Fe,Argentina,31.35S,60.31W
1937-01-01,24.977,0.23600000000000002,Santa Fe,Argentina,31.35S,60.31W
1937-02-01,25.59,0.532,Santa Fe,Argentina,31.35S,60.31W
1937-03-01,22.035,0.444,Santa Fe,Argentina,31.35S,60.31W
1937-04-01,18.589000000000002,0.6940000000000001,Santa Fe,Argentina,31.35S,60.31W
1937-05-01,14.452,0.299,Santa Fe,Argentina,31.35S,60.31W
1937-06-01,15.137,0.419,Santa Fe,Argentina,31.35S,60.31W
1937-07-01,11.345,0.354,Santa Fe,Argentina,31.35S,60.31W
1937-08-01,14.300999999999998,0.267,Santa Fe,Argentina,31.35S,60.31W
1937-09-01,15.015999999999998,0.39799999999999996,Santa Fe,Argentina,31.35S,60.31W
1937-10-01,17.027,0.336,Santa Fe,Argentina,31.35S,60.31W
1937-11-01,21.139,0.319,Santa Fe,Argentina,31.35S,60.31W
1937-12-01,23.81,0.444,Santa Fe,Argentina,31.35S,60.31W
1938-01-01,24.534000000000002,0.41100000000000003,Santa Fe,Argentina,31.35S,60.31W
1938-02-01,23.615,0.8590000000000001,Santa Fe,Argentina,31.35S,60.31W
1938-03-01,21.351,0.475,Santa Fe,Argentina,31.35S,60.31W
1938-04-01,16.701,0.185,Santa Fe,Argentina,31.35S,60.31W
1938-05-01,15.870999999999999,0.267,Santa Fe,Argentina,31.35S,60.31W
1938-06-01,13.332999999999998,0.17300000000000001,Santa Fe,Argentina,31.35S,60.31W
1938-07-01,12.171,0.299,Santa Fe,Argentina,31.35S,60.31W
1938-08-01,11.976,0.239,Santa Fe,Argentina,31.35S,60.31W
1938-09-01,16.418,0.205,Santa Fe,Argentina,31.35S,60.31W
1938-10-01,18.396,0.317,Santa Fe,Argentina,31.35S,60.31W
1938-11-01,21.481,0.23399999999999999,Santa Fe,Argentina,31.35S,60.31W
1938-12-01,25.132,1.238,Santa Fe,Argentina,31.35S,60.31W
1939-01-01,26.622,0.349,Santa Fe,Argentina,31.35S,60.31W
1939-02-01,23.805999999999997,0.47200000000000003,Santa Fe,Argentina,31.35S,60.31W
1939-03-01,22.069000000000003,0.191,Santa Fe,Argentina,31.35S,60.31W
1939-04-01,16.555,0.40299999999999997,Santa Fe,Argentina,31.35S,60.31W
1939-05-01,16.77,0.282,Santa Fe,Argentina,31.35S,60.31W
1939-06-01,14.754000000000001,0.308,Santa Fe,Argentina,31.35S,60.31W
1939-07-01,13.25,0.27,Santa Fe,Argentina,31.35S,60.31W
1939-08-01,16.467,0.242,Santa Fe,Argentina,31.35S,60.31W
1939-09-01,15.437,0.24100000000000002,Santa Fe,Argentina,31.35S,60.31W
1939-10-01,19.27,0.313,Santa Fe,Argentina,31.35S,60.31W
1939-11-01,19.168,0.299,Santa Fe,Argentina,31.35S,60.31W
1939-12-01,21.758000000000003,0.934,Santa Fe,Argentina,31.35S,60.31W
1940-01-01,24.664,0.177,Santa Fe,Argentina,31.35S,60.31W
1940-02-01,23.781,0.445,Santa Fe,Argentina,31.35S,60.31W
1940-03-01,21.579,0.21899999999999997,Santa Fe,Argentina,31.35S,60.31W
1940-04-01,18.436,0.22,Santa Fe,Argentina,31.35S,60.31W
1940-05-01,17.541,0.20199999999999999,Santa Fe,Argentina,31.35S,60.31W
1940-06-01,14.220999999999998,0.45399999999999996,Santa Fe,Argentina,31.35S,60.31W
1940-07-01,14.132,0.54,Santa Fe,Argentina,31.35S,60.31W
1940-08-01,11.827,0.397,Santa Fe,Argentina,31.35S,60.31W
1940-09-01,15.655,0.25,Santa Fe,Argentina,31.35S,60.31W
1940-10-01,16.250999999999998,0.322,Santa Fe,Argentina,31.35S,60.31W
1940-11-01,20.725,0.35100000000000003,Santa Fe,Argentina,31.35S,60.31W
1940-12-01,24.004,0.33799999999999997,Santa Fe,Argentina,31.35S,60.31W
1941-01-01,24.81,0.578,Santa Fe,Argentina,31.35S,60.31W
1941-02-01,23.028000000000002,0.39399999999999996,Santa Fe,Argentina,31.35S,60.31W
1941-03-01,20.698,0.556,Santa Fe,Argentina,31.35S,60.31W
1941-04-01,18.391,0.519,Santa Fe,Argentina,31.35S,60.31W
1941-05-01,14.972999999999999,0.364,Santa Fe,Argentina,31.35S,60.31W
1941-06-01,13.181,0.295,Santa Fe,Argentina,31.35S,60.31W
1941-07-01,13.627,0.258,Santa Fe,Argentina,31.35S,60.31W
1941-08-01,14.491,0.179,Santa Fe,Argentina,31.35S,60.31W
1941-09-01,13.792,0.273,Santa Fe,Argentina,31.35S,60.31W
1941-10-01,19.1,0.258,Santa Fe,Argentina,31.35S,60.31W
1941-11-01,20.815,0.17300000000000001,Santa Fe,Argentina,31.35S,60.31W
1941-12-01,23.602,0.396,Santa Fe,Argentina,31.35S,60.31W
1942-01-01,25.734,0.295,Santa Fe,Argentina,31.35S,60.31W
1942-02-01,24.9,0.52,Santa Fe,Argentina,31.35S,60.31W
1942-03-01,21.918000000000003,0.447,Santa Fe,Argentina,31.35S,60.31W
1942-04-01,18.243,0.23399999999999999,Santa Fe,Argentina,31.35S,60.31W
1942-05-01,13.288,0.42200000000000004,Santa Fe,Argentina,31.35S,60.31W
1942-06-01,10.353,0.469,Santa Fe,Argentina,31.35S,60.31W
1942-07-01,9.642000000000001,0.28300000000000003,Santa Fe,Argentina,31.35S,60.31W
1942-08-01,14.349,0.319,Santa Fe,Argentina,31.35S,60.31W
1942-09-01,15.732,0.39,Santa Fe,Argentina,31.35S,60.31W
1942-10-01,18.348,0.284,Santa Fe,Argentina,31.35S,60.31W
1942-11-01,23.533,0.59,Santa Fe,Argentina,31.35S,60.31W
1942-12-01,25.249000000000002,0.5489999999999999,Santa Fe,Argentina,31.35S,60.31W
1943-01-01,26.811,0.32899999999999996,Santa Fe,Argentina,31.35S,60.31W
1943-02-01,26.781999999999996,0.268,Santa Fe,Argentina,31.35S,60.31W
1943-03-01,22.173,0.231,Santa Fe,Argentina,31.35S,60.31W
1943-04-01,17.586,0.23,Santa Fe,Argentina,31.35S,60.31W
1943-05-01,16.377,0.223,Santa Fe,Argentina,31.35S,60.31W
1943-06-01,12.951,0.16,Santa Fe,Argentina,31.35S,60.31W
1943-07-01,14.343,0.27899999999999997,Santa Fe,Argentina,31.35S,60.31W
1943-08-01,10.546,0.348,Santa Fe,Argentina,31.35S,60.31W
1943-09-01,16.113,0.41700000000000004,Santa Fe,Argentina,31.35S,60.31W
1943-10-01,20.131,0.172,Santa Fe,Argentina,31.35S,60.31W
1943-11-01,20.671999999999997,0.294,Santa Fe,Argentina,31.35S,60.31W
1943-12-01,24.29,0.34600000000000003,Santa Fe,Argentina,31.35S,60.31W
1944-01-01,24.141,0.564,Santa Fe,Argentina,31.35S,60.31W
1944-02-01,25.9,0.36700000000000005,Santa Fe,Argentina,31.35S,60.31W
1944-03-01,22.105,0.261,Santa Fe,Argentina,31.35S,60.31W
1944-04-01,18.294,0.375,Santa Fe,Argentina,31.35S,60.31W
1944-05-01,15.558,0.32899999999999996,Santa Fe,Argentina,31.35S,60.31W
1944-06-01,14.146,0.813,Santa Fe,Argentina,31.35S,60.31W
1944-07-01,14.222999999999999,0.43200000000000005,Santa Fe,Argentina,31.35S,60.31W
1944-08-01,16.387999999999998,0.598,Santa Fe,Argentina,31.35S,60.31W
1944-09-01,20.03,0.62,Santa Fe,Argentina,31.35S,60.31W
1944-10-01,19.967,0.396,Santa Fe,Argentina,31.35S,60.31W
1944-11-01,21.776999999999997,0.583,Santa Fe,Argentina,31.35S,60.31W
1944-12-01,26.495,0.617,Santa Fe,Argentina,31.35S,60.31W
1945-01-01,27.669,0.953,Santa Fe,Argentina,31.35S,60.31W
1945-02-01,24.951999999999998,0.513,Santa Fe,Argentina,31.35S,60.31W
1945-03-01,22.695999999999998,0.382,Santa Fe,Argentina,31.35S,60.31W
1945-04-01,20.885,0.276,Santa Fe,Argentina,31.35S,60.31W
1945-05-01,16.296,0.313,Santa Fe,Argentina,31.35S,60.31W
1945-06-01,12.58,0.319,Santa Fe,Argentina,31.35S,60.31W
1945-07-01,12.218,0.45,Santa Fe,Argentina,31.35S,60.31W
1945-08-01,16.673,0.226,Santa Fe,Argentina,31.35S,60.31W
1945-09-01,16.829,0.231,Santa Fe,Argentina,31.35S,60.31W
1945-10-01,20.975,0.301,Santa Fe,Argentina,31.35S,60.31W
1945-11-01,20.936,0.243,Santa Fe,Argentina,31.35S,60.31W
1945-12-01,24.185,0.29600000000000004,Santa Fe,Argentina,31.35S,60.31W
1946-01-01,24.344,0.354,Santa Fe,Argentina,31.35S,60.31W
1946-02-01,26.131999999999998,0.542,Santa Fe,Argentina,31.35S,60.31W
1946-03-01,21.432,0.214,Santa Fe,Argentina,31.35S,60.31W
1946-04-01,18.88,0.209,Santa Fe,Argentina,31.35S,60.31W
1946-05-01,15.220999999999998,0.20199999999999999,Santa Fe,Argentina,31.35S,60.31W
1946-06-01,11.033,0.254,Santa Fe,Argentina,31.35S,60.31W
1946-07-01,11.052999999999999,0.196,Santa Fe,Argentina,31.35S,60.31W
1946-08-01,14.181,0.424,Santa Fe,Argentina,31.35S,60.31W
1946-09-01,17.145,0.266,Santa Fe,Argentina,31.35S,60.31W
1946-10-01,17.581,0.294,Santa Fe,Argentina,31.35S,60.31W
1946-11-01,22.689,0.34700000000000003,Santa Fe,Argentina,31.35S,60.31W
1946-12-01,22.448,0.257,Santa Fe,Argentina,31.35S,60.31W
1947-01-01,24.951,0.19699999999999998,Santa Fe,Argentina,31.35S,60.31W
1947-02-01,25.284000000000002,0.20199999999999999,Santa Fe,Argentina,31.35S,60.31W
1947-03-01,22.035999999999998,0.27699999999999997,Santa Fe,Argentina,31.35S,60.31W
1947-04-01,17.668,0.11,Santa Fe,Argentina,31.35S,60.31W
1947-05-01,15.642999999999999,0.22399999999999998,Santa Fe,Argentina,31.35S,60.31W
1947-06-01,15.099,0.133,Santa Fe,Argentina,31.35S,60.31W
1947-07-01,11.136,0.46399999999999997,Santa Fe,Argentina,31.35S,60.31W
1947-08-01,11.856,0.198,Santa Fe,Argentina,31.35S,60.31W
1947-09-01,15.196,0.42100000000000004,Santa Fe,Argentina,31.35S,60.31W
1947-10-01,18.584,0.31,Santa Fe,Argentina,31.35S,60.31W
1947-11-01,22.778000000000002,0.26899999999999996,Santa Fe,Argentina,31.35S,60.31W
1947-12-01,23.037,0.379,Santa Fe,Argentina,31.35S,60.31W
1948-01-01,25.391,0.374,Santa Fe,Argentina,31.35S,60.31W
1948-02-01,23.22,0.182,Santa Fe,Argentina,31.35S,60.31W
1948-03-01,20.851,0.193,Santa Fe,Argentina,31.35S,60.31W
1948-04-01,17.881,0.18100000000000002,Santa Fe,Argentina,31.35S,60.31W
1948-05-01,15.164000000000001,0.155,Santa Fe,Argentina,31.35S,60.31W
1948-06-01,14.368,0.28300000000000003,Santa Fe,Argentina,31.35S,60.31W
1948-07-01,12.075,0.147,Santa Fe,Argentina,31.35S,60.31W
1948-08-01,12.264000000000001,0.111,Santa Fe,Argentina,31.35S,60.31W
1948-09-01,17.462,0.28300000000000003,Santa Fe,Argentina,31.35S,60.31W
1948-10-01,18.322,0.156,Santa Fe,Argentina,31.35S,60.31W
1948-11-01,21.728,0.7709999999999999,Santa Fe,Argentina,31.35S,60.31W
1948-12-01,26.675,0.48,Santa Fe,Argentina,31.35S,60.31W
1949-01-01,25.454,0.521,Santa Fe,Argentina,31.35S,60.31W
1949-02-01,24.413,0.48100000000000004,Santa Fe,Argentina,31.35S,60.31W
1949-03-01,22.031,0.214,Santa Fe,Argentina,31.35S,60.31W
1949-04-01,18.704,0.196,Santa Fe,Argentina,31.35S,60.31W
1949-05-01,16.061,0.303,Santa Fe,Argentina,31.35S,60.31W
1949-06-01,12.656,0.18899999999999997,Santa Fe,Argentina,31.35S,60.31W
1949-07-01,11.722999999999999,0.193,Santa Fe,Argentina,31.35S,60.31W
1949-08-01,13.566,0.66,Santa Fe,Argentina,31.35S,60.31W
1949-09-01,15.073,0.24600000000000002,Santa Fe,Argentina,31.35S,60.31W
1949-10-01,16.371,0.382,Santa Fe,Argentina,31.35S,60.31W
1949-11-01,23.436999999999998,0.493,Santa Fe,Argentina,31.35S,60.31W
1949-12-01,25.256,0.375,Santa Fe,Argentina,31.35S,60.31W
1950-01-01,26.686,0.672,Santa Fe,Argentina,31.35S,60.31W
1950-02-01,25.26,0.256,Santa Fe,Argentina,31.35S,60.31W
1950-03-01,22.95,0.218,Santa Fe,Argentina,31.35S,60.31W
1950-04-01,19.532,0.508,Santa Fe,Argentina,31.35S,60.31W
1950-05-01,17.492,0.37799999999999995,Santa Fe,Argentina,31.35S,60.31W
1950-06-01,13.207,0.134,Santa Fe,Argentina,31.35S,60.31W
1950-07-01,12.132,0.228,Santa Fe,Argentina,31.35S,60.31W
1950-08-01,13.857000000000001,0.455,Santa Fe,Argentina,31.35S,60.31W
1950-09-01,14.258,0.20600000000000002,Santa Fe,Argentina,31.35S,60.31W
1950-10-01,17.222,0.402,Santa Fe,Argentina,31.35S,60.31W
1950-11-01,20.502,0.40700000000000003,Santa Fe,Argentina,31.35S,60.31W
1950-12-01,23.497,0.44299999999999995,Santa Fe,Argentina,31.35S,60.31W
1951-01-01,25.244,0.311,Santa Fe,Argentina,31.35S,60.31W
1951-02-01,22.393,0.14800000000000002,Santa Fe,Argentina,31.35S,60.31W
1951-03-01,21.41,0.13699999999999998,Santa Fe,Argentina,31.35S,60.31W
1951-04-01,16.4,0.213,Santa Fe,Argentina,31.35S,60.31W
1951-05-01,17.276,0.462,Santa Fe,Argentina,31.35S,60.31W
1951-06-01,14.888,0.256,Santa Fe,Argentina,31.35S,60.31W
1951-07-01,14.93,0.301,Santa Fe,Argentina,31.35S,60.31W
1951-08-01,15.091,0.276,Santa Fe,Argentina,31.35S,60.31W
1951-09-01,16.566,0.268,Santa Fe,Argentina,31.35S,60.31W
1951-10-01,18.616,0.41100000000000003,Santa Fe,Argentina,31.35S,60.31W
1951-11-01,22.122,0.25,Santa Fe,Argentina,31.35S,60.31W
1951-12-01,23.902,0.353,Santa Fe,Argentina,31.35S,60.31W
1952-01-01,27.212,0.365,Santa Fe,Argentina,31.35S,60.31W
1952-02-01,25.756999999999998,0.521,Santa Fe,Argentina,31.35S,60.31W
1952-03-01,25.578000000000003,0.45399999999999996,Santa Fe,Argentina,31.35S,60.31W
1952-04-01,17.819000000000003,0.157,Santa Fe,Argentina,31.35S,60.31W
1952-05-01,17.12,0.198,Santa Fe,Argentina,31.35S,60.31W
1952-06-01,9.354,0.08199999999999999,Santa Fe,Argentina,31.35S,60.31W
1952-07-01,13.14,0.5589999999999999,Santa Fe,Argentina,31.35S,60.31W
1952-08-01,13.933,0.233,Santa Fe,Argentina,31.35S,60.31W
1952-09-01,14.699000000000002,0.396,Santa Fe,Argentina,31.35S,60.31W
1952-10-01,17.861,0.301,Santa Fe,Argentina,31.35S,60.31W
1952-11-01,20.815,0.244,Santa Fe,Argentina,31.35S,60.31W
1952-12-01,23.781999999999996,0.28300000000000003,Santa Fe,Argentina,31.35S,60.31W
1953-01-01,25.258000000000003,0.29,Santa Fe,Argentina,31.35S,60.31W
1953-02-01,26.59,0.292,Santa Fe,Argentina,31.35S,60.31W
1953-03-01,23.873,0.21,Santa Fe,Argentina,31.35S,60.31W
1953-04-01,18.269000000000002,0.639,Santa Fe,Argentina,31.35S,60.31W
1953-05-01,16.128,0.304,Santa Fe,Argentina,31.35S,60.31W
1953-06-01,12.698,0.215,Santa Fe,Argentina,31.35S,60.31W
1953-07-01,9.068,0.157,Santa Fe,Argentina,31.35S,60.31W
1953-08-01,16.563,0.327,Santa Fe,Argentina,31.35S,60.31W
1953-09-01,18.2,0.28600000000000003,Santa Fe,Argentina,31.35S,60.31W
1953-10-01,17.43,0.396,Santa Fe,Argentina,31.35S,60.31W
1953-11-01,22.546,0.44,Santa Fe,Argentina,31.35S,60.31W
1953-12-01,23.833000000000002,0.564,Santa Fe,Argentina,31.35S,60.31W
1954-01-01,25.074,1.036,Santa Fe,Argentina,31.35S,60.31W
1954-02-01,25.304,0.509,Santa Fe,Argentina,31.35S,60.31W
1954-03-01,23.037,0.38,Santa Fe,Argentina,31.35S,60.31W
1954-04-01,17.837,0.316,Santa Fe,Argentina,31.35S,60.31W
1954-05-01,13.759,0.175,Santa Fe,Argentina,31.35S,60.31W
1954-06-01,12.294,0.281,Santa Fe,Argentina,31.35S,60.31W
1954-07-01,10.834000000000001,0.146,Santa Fe,Argentina,31.35S,60.31W
1954-08-01,13.958,0.272,Santa Fe,Argentina,31.35S,60.31W
1954-09-01,14.707,0.568,Santa Fe,Argentina,31.35S,60.31W
1954-10-01,17.863,0.435,Santa Fe,Argentina,31.35S,60.31W
1954-11-01,22.521,0.21,Santa Fe,Argentina,31.35S,60.31W
1954-12-01,24.287,0.455,Santa Fe,Argentina,31.35S,60.31W
1955-01-01,26.713,0.515,Santa Fe,Argentina,31.35S,60.31W
1955-02-01,23.761,0.413,Santa Fe,Argentina,31.35S,60.31W
1955-03-01,20.555,0.17,Santa Fe,Argentina,31.35S,60.31W
1955-04-01,17.727,0.147,Santa Fe,Argentina,31.35S,60.31W
1955-05-01,13.567,0.26,Santa Fe,Argentina,31.35S,60.31W
1955-06-01,11.876,0.29100000000000004,Santa Fe,Argentina,31.35S,60.31W
1955-07-01,9.275,0.175,Santa Fe,Argentina,31.35S,60.31W
1955-08-01,13.104000000000001,0.341,Santa Fe,Argentina,31.35S,60.31W
1955-09-01,14.879,0.306,Santa Fe,Argentina,31.35S,60.31W
1955-10-01,16.477999999999998,0.255,Santa Fe,Argentina,31.35S,60.31W
1955-11-01,23.864,0.414,Santa Fe,Argentina,31.35S,60.31W
1955-12-01,24.595,0.254,Santa Fe,Argentina,31.35S,60.31W
1956-01-01,24.063000000000002,0.23800000000000002,Santa Fe,Argentina,31.35S,60.31W
1956-02-01,22.701,0.203,Santa Fe,Argentina,31.35S,60.31W
1956-03-01,22.362,0.349,Santa Fe,Argentina,31.35S,60.31W
1956-04-01,16.35,0.259,Santa Fe,Argentina,31.35S,60.31W
1956-05-01,11.517000000000001,0.483,Santa Fe,Argentina,31.35S,60.31W
1956-06-01,11.798,0.42100000000000004,Santa Fe,Argentina,31.35S,60.31W
1956-07-01,11.852,0.534,Santa Fe,Argentina,31.35S,60.31W
1956-08-01,12.957,0.415,Santa Fe,Argentina,31.35S,60.31W
1956-09-01,15.175999999999998,0.264,Santa Fe,Argentina,31.35S,60.31W
1956-10-01,18.266,0.289,Santa Fe,Argentina,31.35S,60.31W
1956-11-01,20.891,0.585,Santa Fe,Argentina,31.35S,60.31W
1956-12-01,23.453000000000003,0.475,Santa Fe,Argentina,31.35S,60.31W
1957-01-01,26.763,0.299,Santa Fe,Argentina,31.35S,60.31W
1957-02-01,23.631,0.556,Santa Fe,Argentina,31.35S,60.31W
1957-03-01,23.91,0.314,Santa Fe,Argentina,31.35S,60.31W
1957-04-01,17.194000000000003,0.5820000000000001,Santa Fe,Argentina,31.35S,60.31W
1957-05-01,18.921,0.307,Santa Fe,Argentina,31.35S,60.31W
1957-06-01,11.745,0.368,Santa Fe,Argentina,31.35S,60.31W
1957-07-01,10.407,0.349,Santa Fe,Argentina,31.35S,60.31W
1957-08-01,13.802,0.5870000000000001,Santa Fe,Argentina,31.35S,60.31W
1957-09-01,14.527999999999999,0.44799999999999995,Santa Fe,Argentina,31.35S,60.31W
1957-10-01,18.899,0.371,Santa Fe,Argentina,31.35S,60.31W
1957-11-01,20.935,0.275,Santa Fe,Argentina,31.35S,60.31W
1957-12-01,23.98,0.418,Santa Fe,Argentina,31.35S,60.31W
1958-01-01,25.069000000000003,0.318,Santa Fe,Argentina,31.35S,60.31W
1958-02-01,24.361,0.345,Santa Fe,Argentina,31.35S,60.31W
1958-03-01,21.94,0.156,Santa Fe,Argentina,31.35S,60.31W
1958-04-01,18.319000000000003,0.322,Santa Fe,Argentina,31.35S,60.31W
1958-05-01,15.137,0.327,Santa Fe,Argentina,31.35S,60.31W
1958-06-01,14.6,0.44,Santa Fe,Argentina,31.35S,60.31W
1958-07-01,16.92,0.28300000000000003,Santa Fe,Argentina,31.35S,60.31W
1958-08-01,11.365,0.46,Santa Fe,Argentina,31.35S,60.31W
1958-09-01,16.91,0.315,Santa Fe,Argentina,31.35S,60.31W
1958-10-01,19.772000000000002,0.32799999999999996,Santa Fe,Argentina,31.35S,60.31W
1958-11-01,21.506999999999998,0.272,Santa Fe,Argentina,31.35S,60.31W
1958-12-01,21.808000000000003,0.419,Santa Fe,Argentina,31.35S,60.31W
1959-01-01,23.88,0.35,Santa Fe,Argentina,31.35S,60.31W
1959-02-01,24.845,0.425,Santa Fe,Argentina,31.35S,60.31W
1959-03-01,21.627,0.426,Santa Fe,Argentina,31.35S,60.31W
1959-04-01,16.985,0.23800000000000002,Santa Fe,Argentina,31.35S,60.31W
1959-05-01,13.929,0.271,Santa Fe,Argentina,31.35S,60.31W
1959-06-01,12.286,0.428,Santa Fe,Argentina,31.35S,60.31W
1959-07-01,13.915999999999999,0.435,Santa Fe,Argentina,31.35S,60.31W
1959-08-01,12.138,0.318,Santa Fe,Argentina,31.35S,60.31W
1959-09-01,15.344,0.228,Santa Fe,Argentina,31.35S,60.31W
1959-10-01,18.421,0.217,Santa Fe,Argentina,31.35S,60.31W
1959-11-01,20.75,0.24100000000000002,Santa Fe,Argentina,31.35S,60.31W
1959-12-01,23.293000000000003,0.23399999999999999,Santa Fe,Argentina,31.35S,60.31W
1960-01-01,26.191,0.46399999999999997,Santa Fe,Argentina,31.35S,60.31W
1960-02-01,26.107,0.303,Santa Fe,Argentina,31.35S,60.31W
1960-03-01,23.508000000000003,0.397,Santa Fe,Argentina,31.35S,60.31W
1960-04-01,18.625,0.21600000000000003,Santa Fe,Argentina,31.35S,60.31W
1960-05-01,14.675999999999998,0.29100000000000004,Santa Fe,Argentina,31.35S,60.31W
1960-06-01,13.222000000000001,0.391,Santa Fe,Argentina,31.35S,60.31W
1960-07-01,12.597999999999999,0.107,Santa Fe,Argentina,31.35S,60.31W
1960-08-01,14.114,0.401,Santa Fe,Argentina,31.35S,60.31W
1960-09-01,16.267,0.204,Santa Fe,Argentina,31.35S,60.31W
1960-10-01,18.984,0.306,Santa Fe,Argentina,31.35S,60.31W
1960-11-01,21.335,0.35600000000000004,Santa Fe,Argentina,31.35S,60.31W
1960-12-01,24.069000000000003,0.215,Santa Fe,Argentina,31.35S,60.31W
1961-01-01,24.849,0.304,Santa Fe,Argentina,31.35S,60.31W
1961-02-01,24.261999999999997,0.147,Santa Fe,Argentina,31.35S,60.31W
1961-03-01,21.659000000000002,0.294,Santa Fe,Argentina,31.35S,60.31W
1961-04-01,17.651,0.47600000000000003,Santa Fe,Argentina,31.35S,60.31W
1961-05-01,17.468,0.23399999999999999,Santa Fe,Argentina,31.35S,60.31W
1961-06-01,12.494000000000002,0.299,Santa Fe,Argentina,31.35S,60.31W
1961-07-01,12.748,0.311,Santa Fe,Argentina,31.35S,60.31W
1961-08-01,16.435,0.19,Santa Fe,Argentina,31.35S,60.31W
1961-09-01,16.031,0.24600000000000002,Santa Fe,Argentina,31.35S,60.31W
1961-10-01,19.92,0.34600000000000003,Santa Fe,Argentina,31.35S,60.31W
1961-11-01,22.205,0.188,Santa Fe,Argentina,31.35S,60.31W
1961-12-01,23.65,0.22699999999999998,Santa Fe,Argentina,31.35S,60.31W
1962-01-01,24.529,0.27,Santa Fe,Argentina,31.35S,60.31W
1962-02-01,24.494,0.20199999999999999,Santa Fe,Argentina,31.35S,60.31W
1962-03-01,24.017,0.39399999999999996,Santa Fe,Argentina,31.35S,60.31W
1962-04-01,17.641,0.29600000000000004,Santa Fe,Argentina,31.35S,60.31W
1962-05-01,13.942,0.218,Santa Fe,Argentina,31.35S,60.31W
1962-06-01,12.062000000000001,0.547,Santa Fe,Argentina,31.35S,60.31W
1962-07-01,8.966000000000003,0.218,Santa Fe,Argentina,31.35S,60.31W
1962-08-01,13.450999999999999,0.325,Santa Fe,Argentina,31.35S,60.31W
1962-09-01,16.179000000000002,0.27399999999999997,Santa Fe,Argentina,31.35S,60.31W
1962-10-01,17.96,0.511,Santa Fe,Argentina,31.35S,60.31W
1962-11-01,23.741999999999997,0.466,Santa Fe,Argentina,31.35S,60.31W
1962-12-01,25.404,0.433,Santa Fe,Argentina,31.35S,60.31W
1963-01-01,25.621,0.344,Santa Fe,Argentina,31.35S,60.31W
1963-02-01,25.024,0.389,Santa Fe,Argentina,31.35S,60.31W
1963-03-01,22.246,0.348,Santa Fe,Argentina,31.35S,60.31W
1963-04-01,20.314,0.222,Santa Fe,Argentina,31.35S,60.31W
1963-05-01,16.308,0.3,Santa Fe,Argentina,31.35S,60.31W
1963-06-01,13.549000000000001,0.467,Santa Fe,Argentina,31.35S,60.31W
1963-07-01,15.175,0.233,Santa Fe,Argentina,31.35S,60.31W
1963-08-01,14.194,0.23399999999999999,Santa Fe,Argentina,31.35S,60.31W
1963-09-01,15.697,0.428,Santa Fe,Argentina,31.35S,60.31W
1963-10-01,18.156,0.256,Santa Fe,Argentina,31.35S,60.31W
1963-11-01,20.01,0.32799999999999996,Santa Fe,Argentina,31.35S,60.31W
1963-12-01,23.111,0.21,Santa Fe,Argentina,31.35S,60.31W
1964-01-01,25.325,0.409,Santa Fe,Argentina,31.35S,60.31W
1964-02-01,25.156999999999996,0.20600000000000002,Santa Fe,Argentina,31.35S,60.31W
1964-03-01,21.261,0.223,Santa Fe,Argentina,31.35S,60.31W
1964-04-01,18.52,0.243,Santa Fe,Argentina,31.35S,60.31W
1964-05-01,17.645,0.223,Santa Fe,Argentina,31.35S,60.31W
1964-06-01,10.336,0.33899999999999997,Santa Fe,Argentina,31.35S,60.31W
1964-07-01,11.249,0.251,Santa Fe,Argentina,31.35S,60.31W
1964-08-01,13.015999999999998,0.248,Santa Fe,Argentina,31.35S,60.31W
1964-09-01,16.283,0.21,Santa Fe,Argentina,31.35S,60.31W
1964-10-01,17.448999999999998,0.33899999999999997,Santa Fe,Argentina,31.35S,60.31W
1964-11-01,20.691,0.14800000000000002,Santa Fe,Argentina,31.35S,60.31W
1964-12-01,23.165,0.183,Santa Fe,Argentina,31.35S,60.31W
1965-01-01,26.416,0.175,Santa Fe,Argentina,31.35S,60.31W
1965-02-01,26.79,0.213,Santa Fe,Argentina,31.35S,60.31W
1965-03-01,21.374,0.332,Santa Fe,Argentina,31.35S,60.31W
1965-04-01,18.253,0.135,Santa Fe,Argentina,31.35S,60.31W
1965-05-01,15.229,0.22,Santa Fe,Argentina,31.35S,60.31W
1965-06-01,17.205,0.45299999999999996,Santa Fe,Argentina,31.35S,60.31W
1965-07-01,11.879,0.34,Santa Fe,Argentina,31.35S,60.31W
1965-08-01,14.427,0.22,Santa Fe,Argentina,31.35S,60.31W
1965-09-01,14.944,0.198,Santa Fe,Argentina,31.35S,60.31W
1965-10-01,19.386,0.3,Santa Fe,Argentina,31.35S,60.31W
1965-11-01,22.071,0.289,Santa Fe,Argentina,31.35S,60.31W
1965-12-01,22.351,0.494,Santa Fe,Argentina,31.35S,60.31W
1966-01-01,24.847,0.365,Santa Fe,Argentina,31.35S,60.31W
1966-02-01,22.638,0.252,Santa Fe,Argentina,31.35S,60.31W
1966-03-01,21.914,0.313,Santa Fe,Argentina,31.35S,60.31W
1966-04-01,19.376,0.231,Santa Fe,Argentina,31.35S,60.31W
1966-05-01,16.406,0.434,Santa Fe,Argentina,31.35S,60.31W
1966-06-01,14.401,0.247,Santa Fe,Argentina,31.35S,60.31W
1966-07-01,13.634,0.335,Santa Fe,Argentina,31.35S,60.31W
1966-08-01,12.22,0.313,Santa Fe,Argentina,31.35S,60.31W
1966-09-01,14.413,0.433,Santa Fe,Argentina,31.35S,60.31W
1966-10-01,18.468,0.243,Santa Fe,Argentina,31.35S,60.31W
1966-11-01,22.748,0.267,Santa Fe,Argentina,31.35S,60.31W
1966-12-01,22.752,0.24,Santa Fe,Argentina,31.35S,60.31W
1967-01-01,24.866,0.215,Santa Fe,Argentina,31.35S,60.31W
1967-02-01,24.794,0.29100000000000004,Santa Fe,Argentina,31.35S,60.31W
1967-03-01,22.014,0.198,Santa Fe,Argentina,31.35S,60.31W
1967-04-01,19.508,0.317,Santa Fe,Argentina,31.35S,60.31W
1967-05-01,19.304,0.29100000000000004,Santa Fe,Argentina,31.35S,60.31W
1967-06-01,9.116,0.325,Santa Fe,Argentina,31.35S,60.31W
1967-07-01,12.435,0.508,Santa Fe,Argentina,31.35S,60.31W
1967-08-01,13.623,0.284,Santa Fe,Argentina,31.35S,60.31W
1967-09-01,16.36,0.35600000000000004,Santa Fe,Argentina,31.35S,60.31W
1967-10-01,19.66,0.267,Santa Fe,Argentina,31.35S,60.31W
1967-11-01,21.709,0.267,Santa Fe,Argentina,31.35S,60.31W
1967-12-01,26.62,0.569,Santa Fe,Argentina,31.35S,60.31W
1968-01-01,25.845,0.32799999999999996,Santa Fe,Argentina,31.35S,60.31W
1968-02-01,25.453000000000003,0.281,Santa Fe,Argentina,31.35S,60.31W
1968-03-01,22.287,0.287,Santa Fe,Argentina,31.35S,60.31W
1968-04-01,16.219,0.18899999999999997,Santa Fe,Argentina,31.35S,60.31W
1968-05-01,14.175999999999998,0.231,Santa Fe,Argentina,31.35S,60.31W
1968-06-01,12.89,0.313,Santa Fe,Argentina,31.35S,60.31W
1968-07-01,14.958,0.18100000000000002,Santa Fe,Argentina,31.35S,60.31W
1968-08-01,14.89,0.166,Santa Fe,Argentina,31.35S,60.31W
1968-09-01,15.975999999999999,0.20800000000000002,Santa Fe,Argentina,31.35S,60.31W
1968-10-01,18.744,0.40399999999999997,Santa Fe,Argentina,31.35S,60.31W
1968-11-01,24.3,0.313,Santa Fe,Argentina,31.35S,60.31W
1968-12-01,23.921,0.368,Santa Fe,Argentina,31.35S,60.31W
1969-01-01,25.353,0.345,Santa Fe,Argentina,31.35S,60.31W
1969-02-01,24.473000000000003,0.263,Santa Fe,Argentina,31.35S,60.31W
1969-03-01,22.885,0.166,Santa Fe,Argentina,31.35S,60.31W
1969-04-01,19.527,0.18,Santa Fe,Argentina,31.35S,60.31W
1969-05-01,16.962,0.22399999999999998,Santa Fe,Argentina,31.35S,60.31W
1969-06-01,12.935,0.26899999999999996,Santa Fe,Argentina,31.35S,60.31W
1969-07-01,14.458,0.203,Santa Fe,Argentina,31.35S,60.31W
1969-08-01,12.09,0.19399999999999998,Santa Fe,Argentina,31.35S,60.31W
1969-09-01,17.766000000000005,0.392,Santa Fe,Argentina,31.35S,60.31W
1969-10-01,18.624000000000002,0.317,Santa Fe,Argentina,31.35S,60.31W
1969-11-01,22.044,0.10300000000000001,Santa Fe,Argentina,31.35S,60.31W
1969-12-01,25.3,0.209,Santa Fe,Argentina,31.35S,60.31W
1970-01-01,25.047,0.302,Santa Fe,Argentina,31.35S,60.31W
1970-02-01,25.603,0.385,Santa Fe,Argentina,31.35S,60.31W
1970-03-01,23.747,0.203,Santa Fe,Argentina,31.35S,60.31W
1970-04-01,22.015,0.298,Santa Fe,Argentina,31.35S,60.31W
1970-05-01,16.157,0.28300000000000003,Santa Fe,Argentina,31.35S,60.31W
1970-06-01,12.079,0.387,Santa Fe,Argentina,31.35S,60.31W
1970-07-01,12.654000000000002,0.239,Santa Fe,Argentina,31.35S,60.31W
1970-08-01,13.662,0.266,Santa Fe,Argentina,31.35S,60.31W
1970-09-01,17.778,0.44,Santa Fe,Argentina,31.35S,60.31W
1970-10-01,17.86,0.325,Santa Fe,Argentina,31.35S,60.31W
1970-11-01,20.601999999999997,0.353,Santa Fe,Argentina,31.35S,60.31W
1970-12-01,23.944000000000003,0.36,Santa Fe,Argentina,31.35S,60.31W
1971-01-01,24.48,0.213,Santa Fe,Argentina,31.35S,60.31W
1971-02-01,23.068,0.29600000000000004,Santa Fe,Argentina,31.35S,60.31W
1971-03-01,21.941999999999997,0.374,Santa Fe,Argentina,31.35S,60.31W
1971-04-01,16.546,0.27899999999999997,Santa Fe,Argentina,31.35S,60.31W
1971-05-01,13.968,0.253,Santa Fe,Argentina,31.35S,60.31W
1971-06-01,9.342,0.16,Santa Fe,Argentina,31.35S,60.31W
1971-07-01,14.575999999999999,0.264,Santa Fe,Argentina,31.35S,60.31W
1971-08-01,14.555,0.39399999999999996,Santa Fe,Argentina,31.35S,60.31W
1971-09-01,17.575,0.152,Santa Fe,Argentina,31.35S,60.31W
1971-10-01,19.185,0.27399999999999997,Santa Fe,Argentina,31.35S,60.31W
1971-11-01,23.211,0.26899999999999996,Santa Fe,Argentina,31.35S,60.31W
1971-12-01,25.844,0.40299999999999997,Santa Fe,Argentina,31.35S,60.31W
1972-01-01,26.193,0.266,Santa Fe,Argentina,31.35S,60.31W
1972-02-01,25.349,0.22399999999999998,Santa Fe,Argentina,31.35S,60.31W
1972-03-01,21.138,0.429,Santa Fe,Argentina,31.35S,60.31W
1972-04-01,17.979,0.5,Santa Fe,Argentina,31.35S,60.31W
1972-05-01,17.863,0.447,Santa Fe,Argentina,31.35S,60.31W
1972-06-01,15.106,0.613,Santa Fe,Argentina,31.35S,60.31W
1972-07-01,11.681,0.39,Santa Fe,Argentina,31.35S,60.31W
1972-08-01,12.856,0.456,Santa Fe,Argentina,31.35S,60.31W
1972-09-01,16.752,0.405,Santa Fe,Argentina,31.35S,60.31W
1972-10-01,17.573,0.401,Santa Fe,Argentina,31.35S,60.31W
1972-11-01,20.208,0.28300000000000003,Santa Fe,Argentina,31.35S,60.31W
1972-12-01,24.055,0.358,Santa Fe,Argentina,31.35S,60.31W
1973-01-01,25.74,0.275,Santa Fe,Argentina,31.35S,60.31W
1973-02-01,23.684,0.364,Santa Fe,Argentina,31.35S,60.31W
1973-03-01,23.405,0.511,Santa Fe,Argentina,31.35S,60.31W
1973-04-01,18.744,0.18100000000000002,Santa Fe,Argentina,31.35S,60.31W
1973-05-01,15.08,0.33399999999999996,Santa Fe,Argentina,31.35S,60.31W
1973-06-01,13.896,0.193,Santa Fe,Argentina,31.35S,60.31W
1973-07-01,10.956,0.271,Santa Fe,Argentina,31.35S,60.31W
1973-08-01,12.86,0.527,Santa Fe,Argentina,31.35S,60.31W
1973-09-01,15.127,0.363,Santa Fe,Argentina,31.35S,60.31W
1973-10-01,18.902,0.389,Santa Fe,Argentina,31.35S,60.31W
1973-11-01,20.338,0.27699999999999997,Santa Fe,Argentina,31.35S,60.31W
1973-12-01,23.191,0.289,Santa Fe,Argentina,31.35S,60.31W
1974-01-01,25.688000000000002,0.222,Santa Fe,Argentina,31.35S,60.31W
1974-02-01,23.177,0.261,Santa Fe,Argentina,31.35S,60.31W
1974-03-01,22.476,0.29100000000000004,Santa Fe,Argentina,31.35S,60.31W
1974-04-01,19.571,0.294,Santa Fe,Argentina,31.35S,60.31W
1974-05-01,17.087,0.172,Santa Fe,Argentina,31.35S,60.31W
1974-06-01,11.864999999999998,0.359,Santa Fe,Argentina,31.35S,60.31W
1974-07-01,15.055,0.519,Santa Fe,Argentina,31.35S,60.31W
1974-08-01,13.729000000000001,0.337,Santa Fe,Argentina,31.35S,60.31W
1974-09-01,14.407,0.195,Santa Fe,Argentina,31.35S,60.31W
1974-10-01,18.698,0.445,Santa Fe,Argentina,31.35S,60.31W
1974-11-01,21.77,0.337,Santa Fe,Argentina,31.35S,60.31W
1974-12-01,22.741,0.278,Santa Fe,Argentina,31.35S,60.31W
1975-01-01,25.114,0.39299999999999996,Santa Fe,Argentina,31.35S,60.31W
1975-02-01,24.623,0.382,Santa Fe,Argentina,31.35S,60.31W
1975-03-01,22.163,0.11599999999999999,Santa Fe,Argentina,31.35S,60.31W
1975-04-01,19.149,0.166,Santa Fe,Argentina,31.35S,60.31W
1975-05-01,16.98,0.18600000000000003,Santa Fe,Argentina,31.35S,60.31W
1975-06-01,15.244000000000002,0.243,Santa Fe,Argentina,31.35S,60.31W
1975-07-01,11.128,0.35200000000000004,Santa Fe,Argentina,31.35S,60.31W
1975-08-01,13.18,0.405,Santa Fe,Argentina,31.35S,60.31W
1975-09-01,16.034000000000002,0.35,Santa Fe,Argentina,31.35S,60.31W
1975-10-01,18.251,0.42700000000000005,Santa Fe,Argentina,31.35S,60.31W
1975-11-01,21.184,0.43200000000000005,Santa Fe,Argentina,31.35S,60.31W
1975-12-01,25.922,0.47,Santa Fe,Argentina,31.35S,60.31W
1976-01-01,25.83,0.233,Santa Fe,Argentina,31.35S,60.31W
1976-02-01,24.781,0.28800000000000003,Santa Fe,Argentina,31.35S,60.31W
1976-03-01,20.660999999999998,0.332,Santa Fe,Argentina,31.35S,60.31W
1976-04-01,17.77,0.23199999999999998,Santa Fe,Argentina,31.35S,60.31W
1976-05-01,15.286,0.324,Santa Fe,Argentina,31.35S,60.31W
1976-06-01,12.479000000000001,0.35700000000000004,Santa Fe,Argentina,31.35S,60.31W
1976-07-01,12.807,0.348,Santa Fe,Argentina,31.35S,60.31W
1976-08-01,13.697000000000001,0.299,Santa Fe,Argentina,31.35S,60.31W
1976-09-01,16.061,0.34700000000000003,Santa Fe,Argentina,31.35S,60.31W
1976-10-01,18.905,0.22899999999999998,Santa Fe,Argentina,31.35S,60.31W
1976-11-01,21.8,0.306,Santa Fe,Argentina,31.35S,60.31W
1976-12-01,23.92,0.444,Santa Fe,Argentina,31.35S,60.31W
1977-01-01,25.744,0.249,Santa Fe,Argentina,31.35S,60.31W
1977-02-01,24.364,0.261,Santa Fe,Argentina,31.35S,60.31W
1977-03-01,23.03,0.44799999999999995,Santa Fe,Argentina,31.35S,60.31W
1977-04-01,19.340999999999998,0.547,Santa Fe,Argentina,31.35S,60.31W
1977-05-01,14.292,0.382,Santa Fe,Argentina,31.35S,60.31W
1977-06-01,14.044,0.192,Santa Fe,Argentina,31.35S,60.31W
1977-07-01,14.003,0.315,Santa Fe,Argentina,31.35S,60.31W
1977-08-01,14.125,0.318,Santa Fe,Argentina,31.35S,60.31W
1977-09-01,17.531,0.43700000000000006,Santa Fe,Argentina,31.35S,60.31W
1977-10-01,20.402,0.324,Santa Fe,Argentina,31.35S,60.31W
1977-11-01,21.693,0.177,Santa Fe,Argentina,31.35S,60.31W
1977-12-01,24.323,0.41200000000000003,Santa Fe,Argentina,31.35S,60.31W
1978-01-01,24.725,0.38299999999999995,Santa Fe,Argentina,31.35S,60.31W
1978-02-01,23.504,0.235,Santa Fe,Argentina,31.35S,60.31W
1978-03-01,23.033,0.311,Santa Fe,Argentina,31.35S,60.31W
1978-04-01,18.17,0.32,Santa Fe,Argentina,31.35S,60.31W
1978-05-01,15.513,0.17600000000000002,Santa Fe,Argentina,31.35S,60.31W
1978-06-01,12.486,0.301,Santa Fe,Argentina,31.35S,60.31W
1978-07-01,14.523,0.33299999999999996,Santa Fe,Argentina,31.35S,60.31W
1978-08-01,12.537,0.325,Santa Fe,Argentina,31.35S,60.31W
1978-09-01,17.219,0.20600000000000002,Santa Fe,Argentina,31.35S,60.31W
1978-10-01,19.391,0.41100000000000003,Santa Fe,Argentina,31.35S,60.31W
1978-11-01,21.82,0.316,Santa Fe,Argentina,31.35S,60.31W
1978-12-01,24.459,0.318,Santa Fe,Argentina,31.35S,60.31W
1979-01-01,26.451,0.212,Santa Fe,Argentina,31.35S,60.31W
1979-02-01,25.142,0.397,Santa Fe,Argentina,31.35S,60.31W
1979-03-01,21.858,0.335,Santa Fe,Argentina,31.35S,60.31W
1979-04-01,17.579,0.324,Santa Fe,Argentina,31.35S,60.31W
1979-05-01,14.665999999999999,0.184,Santa Fe,Argentina,31.35S,60.31W
1979-06-01,12.161,0.363,Santa Fe,Argentina,31.35S,60.31W
1979-07-01,14.443,0.257,Santa Fe,Argentina,31.35S,60.31W
1979-08-01,16.128,0.315,Santa Fe,Argentina,31.35S,60.31W
1979-09-01,14.62,0.298,Santa Fe,Argentina,31.35S,60.31W
1979-10-01,19.415,0.33799999999999997,Santa Fe,Argentina,31.35S,60.31W
1979-11-01,20.105,0.183,Santa Fe,Argentina,31.35S,60.31W
1979-12-01,23.465,0.156,Santa Fe,Argentina,31.35S,60.31W
1980-01-01,26.571,0.317,Santa Fe,Argentina,31.35S,60.31W
1980-02-01,25.271,0.221,Santa Fe,Argentina,31.35S,60.31W
1980-03-01,25.587,0.19399999999999998,Santa Fe,Argentina,31.35S,60.31W
1980-04-01,21.401999999999997,0.25,Santa Fe,Argentina,31.35S,60.31W
1980-05-01,17.938000000000006,0.165,Santa Fe,Argentina,31.35S,60.31W
1980-06-01,12.55,0.196,Santa Fe,Argentina,31.35S,60.31W
1980-07-01,11.630999999999998,0.253,Santa Fe,Argentina,31.35S,60.31W
1980-08-01,14.098,0.158,Santa Fe,Argentina,31.35S,60.31W
1980-09-01,15.373,0.19899999999999998,Santa Fe,Argentina,31.35S,60.31W
1980-10-01,18.76,0.40299999999999997,Santa Fe,Argentina,31.35S,60.31W
1980-11-01,20.864,0.353,Santa Fe,Argentina,31.35S,60.31W
1980-12-01,24.56,0.36200000000000004,Santa Fe,Argentina,31.35S,60.31W
1981-01-01,24.725,0.138,Santa Fe,Argentina,31.35S,60.31W
1981-02-01,24.953000000000003,0.257,Santa Fe,Argentina,31.35S,60.31W
1981-03-01,22.555,0.29,Santa Fe,Argentina,31.35S,60.31W
1981-04-01,19.234,0.301,Santa Fe,Argentina,31.35S,60.31W
1981-05-01,19.522,0.273,Santa Fe,Argentina,31.35S,60.31W
1981-06-01,11.611999999999998,0.327,Santa Fe,Argentina,31.35S,60.31W
1981-07-01,12.374,0.293,Santa Fe,Argentina,31.35S,60.31W
1981-08-01,15.786,0.18899999999999997,Santa Fe,Argentina,31.35S,60.31W
1981-09-01,15.274,0.19699999999999998,Santa Fe,Argentina,31.35S,60.31W
1981-10-01,18.814,0.14800000000000002,Santa Fe,Argentina,31.35S,60.31W
1981-11-01,22.269000000000002,0.235,Santa Fe,Argentina,31.35S,60.31W
1981-12-01,24.248,0.305,Santa Fe,Argentina,31.35S,60.31W
1982-01-01,25.262,0.214,Santa Fe,Argentina,31.35S,60.31W
1982-02-01,23.482,0.193,Santa Fe,Argentina,31.35S,60.31W
1982-03-01,23.48,0.26899999999999996,Santa Fe,Argentina,31.35S,60.31W
1982-04-01,20.186,0.31,Santa Fe,Argentina,31.35S,60.31W
1982-05-01,16.921,0.391,Santa Fe,Argentina,31.35S,60.31W
1982-06-01,13.584000000000001,0.205,Santa Fe,Argentina,31.35S,60.31W
1982-07-01,13.21,0.41700000000000004,Santa Fe,Argentina,31.35S,60.31W
1982-08-01,15.208,0.084,Santa Fe,Argentina,31.35S,60.31W
1982-09-01,18.067,0.263,Santa Fe,Argentina,31.35S,60.31W
1982-10-01,18.708,0.248,Santa Fe,Argentina,31.35S,60.31W
1982-11-01,21.461,0.467,Santa Fe,Argentina,31.35S,60.31W
1982-12-01,24.947,0.299,Santa Fe,Argentina,31.35S,60.31W
1983-01-01,26.958000000000002,0.35200000000000004,Santa Fe,Argentina,31.35S,60.31W
1983-02-01,24.413,0.23800000000000002,Santa Fe,Argentina,31.35S,60.31W
1983-03-01,22.278,0.34700000000000003,Santa Fe,Argentina,31.35S,60.31W
1983-04-01,18.993,0.3,Santa Fe,Argentina,31.35S,60.31W
1983-05-01,15.584000000000001,0.193,Santa Fe,Argentina,31.35S,60.31W
1983-06-01,10.611,0.302,Santa Fe,Argentina,31.35S,60.31W
1983-07-01,10.862,0.14400000000000002,Santa Fe,Argentina,31.35S,60.31W
1983-08-01,13.133,0.257,Santa Fe,Argentina,31.35S,60.31W
1983-09-01,14.604,0.307,Santa Fe,Argentina,31.35S,60.31W
1983-10-01,20.316,0.36700000000000005,Santa Fe,Argentina,31.35S,60.31W
1983-11-01,21.676,0.34600000000000003,Santa Fe,Argentina,31.35S,60.31W
1983-12-01,26.256,0.29,Santa Fe,Argentina,31.35S,60.31W
1984-01-01,26.589000000000002,0.157,Santa Fe,Argentina,31.35S,60.31W
1984-02-01,25.355,0.127,Santa Fe,Argentina,31.35S,60.31W
1984-03-01,22.793000000000003,0.27699999999999997,Santa Fe,Argentina,31.35S,60.31W
1984-04-01,17.851,0.109,Santa Fe,Argentina,31.35S,60.31W
1984-05-01,16.268,0.201,Santa Fe,Argentina,31.35S,60.31W
1984-06-01,10.678,0.248,Santa Fe,Argentina,31.35S,60.31W
1984-07-01,11.659,0.366,Santa Fe,Argentina,31.35S,60.31W
1984-08-01,12.133,0.147,Santa Fe,Argentina,31.35S,60.31W
1984-09-01,15.915999999999999,0.21100000000000002,Santa Fe,Argentina,31.35S,60.31W
1984-10-01,20.307000000000002,0.31,Santa Fe,Argentina,31.35S,60.31W
1984-11-01,21.338,0.172,Santa Fe,Argentina,31.35S,60.31W
1984-12-01,22.154,0.314,Santa Fe,Argentina,31.35S,60.31W
1985-01-01,25.548000000000002,0.408,Santa Fe,Argentina,31.35S,60.31W
1985-02-01,25.268,0.187,Santa Fe,Argentina,31.35S,60.31W
1985-03-01,22.968000000000004,0.129,Santa Fe,Argentina,31.35S,60.31W
1985-04-01,18.432000000000002,0.415,Santa Fe,Argentina,31.35S,60.31W
1985-05-01,17.163,0.447,Santa Fe,Argentina,31.35S,60.31W
1985-06-01,14.053,0.281,Santa Fe,Argentina,31.35S,60.31W
1985-07-01,12.902999999999999,0.294,Santa Fe,Argentina,31.35S,60.31W
1985-08-01,13.661,0.267,Santa Fe,Argentina,31.35S,60.31W
1985-09-01,15.809,0.319,Santa Fe,Argentina,31.35S,60.31W
1985-10-01,19.001,0.34700000000000003,Santa Fe,Argentina,31.35S,60.31W
1985-11-01,23.794,0.275,Santa Fe,Argentina,31.35S,60.31W
1985-12-01,25.25,0.35,Santa Fe,Argentina,31.35S,60.31W
1986-01-01,26.73,0.265,Santa Fe,Argentina,31.35S,60.31W
1986-02-01,24.845,0.205,Santa Fe,Argentina,31.35S,60.31W
1986-03-01,21.603,0.24,Santa Fe,Argentina,31.35S,60.31W
1986-04-01,20.012,0.337,Santa Fe,Argentina,31.35S,60.31W
1986-05-01,15.970999999999998,0.336,Santa Fe,Argentina,31.35S,60.31W
1986-06-01,15.424000000000001,0.321,Santa Fe,Argentina,31.35S,60.31W
1986-07-01,13.682,0.33299999999999996,Santa Fe,Argentina,31.35S,60.31W
1986-08-01,14.534,0.205,Santa Fe,Argentina,31.35S,60.31W
1986-09-01,17.006,0.363,Santa Fe,Argentina,31.35S,60.31W
1986-10-01,19.219,0.159,Santa Fe,Argentina,31.35S,60.31W
1986-11-01,21.792,0.262,Santa Fe,Argentina,31.35S,60.31W
1986-12-01,24.723000000000003,0.21100000000000002,Santa Fe,Argentina,31.35S,60.31W
1987-01-01,26.238000000000003,0.321,Santa Fe,Argentina,31.35S,60.31W
1987-02-01,25.511999999999997,0.41100000000000003,Santa Fe,Argentina,31.35S,60.31W
1987-03-01,23.552,0.1,Santa Fe,Argentina,31.35S,60.31W
1987-04-01,19.373,0.204,Santa Fe,Argentina,31.35S,60.31W
1987-05-01,12.870999999999999,0.26,Santa Fe,Argentina,31.35S,60.31W
1987-06-01,12.821,0.426,Santa Fe,Argentina,31.35S,60.31W
1987-07-01,14.921,0.147,Santa Fe,Argentina,31.35S,60.31W
1987-08-01,13.122,0.354,Santa Fe,Argentina,31.35S,60.31W
1987-09-01,15.164000000000001,0.263,Santa Fe,Argentina,31.35S,60.31W
1987-10-01,19.474,0.196,Santa Fe,Argentina,31.35S,60.31W
1987-11-01,22.215999999999998,0.419,Santa Fe,Argentina,31.35S,60.31W
1987-12-01,22.94,0.531,Santa Fe,Argentina,31.35S,60.31W
1988-01-01,25.031,0.22,Santa Fe,Argentina,31.35S,60.31W
1988-02-01,24.133000000000003,0.257,Santa Fe,Argentina,31.35S,60.31W
1988-03-01,25.133000000000006,0.267,Santa Fe,Argentina,31.35S,60.31W
1988-04-01,17.942999999999994,0.2,Santa Fe,Argentina,31.35S,60.31W
1988-05-01,12.565999999999999,0.162,Santa Fe,Argentina,31.35S,60.31W
1988-06-01,11.018999999999998,0.193,Santa Fe,Argentina,31.35S,60.31W
1988-07-01,11.079,0.387,Santa Fe,Argentina,31.35S,60.31W
1988-08-01,14.609000000000002,0.203,Santa Fe,Argentina,31.35S,60.31W
1988-09-01,15.493,0.145,Santa Fe,Argentina,31.35S,60.31W
1988-10-01,18.412,0.33399999999999996,Santa Fe,Argentina,31.35S,60.31W
1988-11-01,23.326,0.14300000000000002,Santa Fe,Argentina,31.35S,60.31W
1988-12-01,25.863000000000003,0.28,Santa Fe,Argentina,31.35S,60.31W
1989-01-01,27.785,0.551,Santa Fe,Argentina,31.35S,60.31W
1989-02-01,27.235,0.374,Santa Fe,Argentina,31.35S,60.31W
1989-03-01,22.24,0.221,Santa Fe,Argentina,31.35S,60.31W
1989-04-01,19.43,0.303,Santa Fe,Argentina,31.35S,60.31W
1989-05-01,15.793,0.239,Santa Fe,Argentina,31.35S,60.31W
1989-06-01,13.703,0.183,Santa Fe,Argentina,31.35S,60.31W
1989-07-01,11.838,0.27899999999999997,Santa Fe,Argentina,31.35S,60.31W
1989-08-01,15.587,0.287,Santa Fe,Argentina,31.35S,60.31W
1989-09-01,15.154000000000002,0.215,Santa Fe,Argentina,31.35S,60.31W
1989-10-01,19.058,0.27699999999999997,Santa Fe,Argentina,31.35S,60.31W
1989-11-01,21.969,0.39,Santa Fe,Argentina,31.35S,60.31W
1989-12-01,26.011,0.146,Santa Fe,Argentina,31.35S,60.31W
1990-01-01,26.765,0.298,Santa Fe,Argentina,31.35S,60.31W
1990-02-01,24.076,0.34600000000000003,Santa Fe,Argentina,31.35S,60.31W
1990-03-01,22.061999999999998,0.251,Santa Fe,Argentina,31.35S,60.31W
1990-04-01,19.439,0.243,Santa Fe,Argentina,31.35S,60.31W
1990-05-01,15.13,0.193,Santa Fe,Argentina,31.35S,60.31W
1990-06-01,11.515999999999998,0.39299999999999996,Santa Fe,Argentina,31.35S,60.31W
1990-07-01,11.467,0.22399999999999998,Santa Fe,Argentina,31.35S,60.31W
1990-08-01,16.785999999999998,0.305,Santa Fe,Argentina,31.35S,60.31W
1990-09-01,15.078,0.214,Santa Fe,Argentina,31.35S,60.31W
1990-10-01,20.576,0.345,Santa Fe,Argentina,31.35S,60.31W
1990-11-01,23.234,0.256,Santa Fe,Argentina,31.35S,60.31W
1990-12-01,23.112,0.23399999999999999,Santa Fe,Argentina,31.35S,60.31W
1991-01-01,24.558000000000003,0.28300000000000003,Santa Fe,Argentina,31.35S,60.31W
1991-02-01,24.354,0.318,Santa Fe,Argentina,31.35S,60.31W
1991-03-01,24.548,0.303,Santa Fe,Argentina,31.35S,60.31W
1991-04-01,19.545,0.359,Santa Fe,Argentina,31.35S,60.31W
1991-05-01,17.823,0.24100000000000002,Santa Fe,Argentina,31.35S,60.31W
1991-06-01,13.362,0.13,Santa Fe,Argentina,31.35S,60.31W
1991-07-01,12.124,0.166,Santa Fe,Argentina,31.35S,60.31W
1991-08-01,14.999,0.192,Santa Fe,Argentina,31.35S,60.31W
1991-09-01,17.621000000000006,0.218,Santa Fe,Argentina,31.35S,60.31W
1991-10-01,18.233,0.243,Santa Fe,Argentina,31.35S,60.31W
1991-11-01,21.500999999999998,0.469,Santa Fe,Argentina,31.35S,60.31W
1991-12-01,24.196,0.23199999999999998,Santa Fe,Argentina,31.35S,60.31W
1992-01-01,25.074,0.3,Santa Fe,Argentina,31.35S,60.31W
1992-02-01,25.089000000000002,0.3,Santa Fe,Argentina,31.35S,60.31W
1992-03-01,23.664,0.28,Santa Fe,Argentina,31.35S,60.31W
1992-04-01,18.308,0.263,Santa Fe,Argentina,31.35S,60.31W
1992-05-01,15.612,0.151,Santa Fe,Argentina,31.35S,60.31W
1992-06-01,15.479000000000001,0.322,Santa Fe,Argentina,31.35S,60.31W
1992-07-01,9.86,0.344,Santa Fe,Argentina,31.35S,60.31W
1992-08-01,13.982000000000001,0.35700000000000004,Santa Fe,Argentina,31.35S,60.31W
1992-09-01,15.924,0.203,Santa Fe,Argentina,31.35S,60.31W
1992-10-01,18.873,0.252,Santa Fe,Argentina,31.35S,60.31W
1992-11-01,20.127,0.6509999999999999,Santa Fe,Argentina,31.35S,60.31W
1992-12-01,23.974,0.353,Santa Fe,Argentina,31.35S,60.31W
1993-01-01,25.89,0.379,Santa Fe,Argentina,31.35S,60.31W
1993-02-01,23.588,0.337,Santa Fe,Argentina,31.35S,60.31W
1993-03-01,24.087,0.198,Santa Fe,Argentina,31.35S,60.31W
1993-04-01,19.956,0.21,Santa Fe,Argentina,31.35S,60.31W
1993-05-01,15.347999999999999,0.39899999999999997,Santa Fe,Argentina,31.35S,60.31W
1993-06-01,12.76,0.265,Santa Fe,Argentina,31.35S,60.31W
1993-07-01,10.985999999999999,0.244,Santa Fe,Argentina,31.35S,60.31W
1993-08-01,14.014000000000001,0.519,Santa Fe,Argentina,31.35S,60.31W
1993-09-01,15.405,0.185,Santa Fe,Argentina,31.35S,60.31W
1993-10-01,19.854,0.322,Santa Fe,Argentina,31.35S,60.31W
1993-11-01,21.336,0.305,Santa Fe,Argentina,31.35S,60.31W
1993-12-01,23.753,0.204,Santa Fe,Argentina,31.35S,60.31W
1994-01-01,25.16,0.433,Santa Fe,Argentina,31.35S,60.31W
1994-02-01,23.898000000000003,0.198,Santa Fe,Argentina,31.35S,60.31W
1994-03-01,22.337,0.259,Santa Fe,Argentina,31.35S,60.31W
1994-04-01,18.984,0.217,Santa Fe,Argentina,31.35S,60.31W
1994-05-01,18.389,0.369,Santa Fe,Argentina,31.35S,60.31W
1994-06-01,14.993,0.312,Santa Fe,Argentina,31.35S,60.31W
1994-07-01,13.011,0.14300000000000002,Santa Fe,Argentina,31.35S,60.31W
1994-08-01,14.061,0.215,Santa Fe,Argentina,31.35S,60.31W
1994-09-01,18.092,0.317,Santa Fe,Argentina,31.35S,60.31W
1994-10-01,19.245,0.207,Santa Fe,Argentina,31.35S,60.31W
1994-11-01,22.386999999999997,0.24600000000000002,Santa Fe,Argentina,31.35S,60.31W
1994-12-01,26.876,0.251,Santa Fe,Argentina,31.35S,60.31W
1995-01-01,25.316,0.18100000000000002,Santa Fe,Argentina,31.35S,60.31W
1995-02-01,23.206999999999997,0.247,Santa Fe,Argentina,31.35S,60.31W
1995-03-01,22.85,0.17800000000000002,Santa Fe,Argentina,31.35S,60.31W
1995-04-01,18.671,0.157,Santa Fe,Argentina,31.35S,60.31W
1995-05-01,15.415,0.23600000000000002,Santa Fe,Argentina,31.35S,60.31W
1995-06-01,12.832,0.247,Santa Fe,Argentina,31.35S,60.31W
1995-07-01,12.892,0.10300000000000001,Santa Fe,Argentina,31.35S,60.31W
1995-08-01,13.948,0.174,Santa Fe,Argentina,31.35S,60.31W
1995-09-01,17.080000000000002,0.256,Santa Fe,Argentina,31.35S,60.31W
1995-10-01,18.418,0.188,Santa Fe,Argentina,31.35S,60.31W
1995-11-01,23.041,0.278,Santa Fe,Argentina,31.35S,60.31W
1995-12-01,26.004,0.32,Santa Fe,Argentina,31.35S,60.31W
1996-01-01,25.504,0.198,Santa Fe,Argentina,31.35S,60.31W
1996-02-01,24.116999999999997,0.278,Santa Fe,Argentina,31.35S,60.31W
1996-03-01,23.256,0.187,Santa Fe,Argentina,31.35S,60.31W
1996-04-01,19.741,0.276,Santa Fe,Argentina,31.35S,60.31W
1996-05-01,16.404,0.344,Santa Fe,Argentina,31.35S,60.31W
1996-06-01,11.101,0.617,Santa Fe,Argentina,31.35S,60.31W
1996-07-01,10.895,0.429,Santa Fe,Argentina,31.35S,60.31W
1996-08-01,16.697,0.19699999999999998,Santa Fe,Argentina,31.35S,60.31W
1996-09-01,15.977,0.21600000000000003,Santa Fe,Argentina,31.35S,60.31W
1996-10-01,19.924,0.18899999999999997,Santa Fe,Argentina,31.35S,60.31W
1996-11-01,22.961,0.19399999999999998,Santa Fe,Argentina,31.35S,60.31W
1996-12-01,24.949,0.095,Santa Fe,Argentina,31.35S,60.31W
1997-01-01,27.536,0.265,Santa Fe,Argentina,31.35S,60.31W
1997-02-01,24.3,0.26899999999999996,Santa Fe,Argentina,31.35S,60.31W
1997-03-01,23.441000000000006,0.376,Santa Fe,Argentina,31.35S,60.31W
1997-04-01,20.012,0.174,Santa Fe,Argentina,31.35S,60.31W
1997-05-01,17.759,0.34600000000000003,Santa Fe,Argentina,31.35S,60.31W
1997-06-01,13.428,0.162,Santa Fe,Argentina,31.35S,60.31W
1997-07-01,15.508,0.21899999999999997,Santa Fe,Argentina,31.35S,60.31W
1997-08-01,15.974,0.29600000000000004,Santa Fe,Argentina,31.35S,60.31W
1997-09-01,17.364,0.14400000000000002,Santa Fe,Argentina,31.35S,60.31W
1997-10-01,19.715999999999998,0.221,Santa Fe,Argentina,31.35S,60.31W
1997-11-01,22.351,0.336,Santa Fe,Argentina,31.35S,60.31W
1997-12-01,24.278000000000002,0.203,Santa Fe,Argentina,31.35S,60.31W
1998-01-01,24.316,0.33399999999999996,Santa Fe,Argentina,31.35S,60.31W
1998-02-01,23.233,0.259,Santa Fe,Argentina,31.35S,60.31W
1998-03-01,21.474,0.253,Santa Fe,Argentina,31.35S,60.31W
1998-04-01,18.421,0.17300000000000001,Santa Fe,Argentina,31.35S,60.31W
1998-05-01,16.422,0.163,Santa Fe,Argentina,31.35S,60.31W
1998-06-01,13.479000000000001,0.297,Santa Fe,Argentina,31.35S,60.31W
1998-07-01,14.433,0.121,Santa Fe,Argentina,31.35S,60.31W
1998-08-01,13.957,0.17800000000000002,Santa Fe,Argentina,31.35S,60.31W
1998-09-01,15.273,0.136,Santa Fe,Argentina,31.35S,60.31W
1998-10-01,20.298,0.35600000000000004,Santa Fe,Argentina,31.35S,60.31W
1998-11-01,22.151999999999997,0.22699999999999998,Santa Fe,Argentina,31.35S,60.31W
1998-12-01,23.704,0.14400000000000002,Santa Fe,Argentina,31.35S,60.31W
1999-01-01,24.298000000000002,0.14300000000000002,Santa Fe,Argentina,31.35S,60.31W
1999-02-01,25.261,0.17,Santa Fe,Argentina,31.35S,60.31W
1999-03-01,24.46,0.425,Santa Fe,Argentina,31.35S,60.31W
1999-04-01,17.41,0.201,Santa Fe,Argentina,31.35S,60.31W
1999-05-01,15.382,0.215,Santa Fe,Argentina,31.35S,60.31W
1999-06-01,12.656,0.152,Santa Fe,Argentina,31.35S,60.31W
1999-07-01,11.754,0.215,Santa Fe,Argentina,31.35S,60.31W
1999-08-01,14.935,0.228,Santa Fe,Argentina,31.35S,60.31W
1999-09-01,18.114,0.187,Santa Fe,Argentina,31.35S,60.31W
1999-10-01,19.456,0.23800000000000002,Santa Fe,Argentina,31.35S,60.31W
1999-11-01,22.046,0.386,Santa Fe,Argentina,31.35S,60.31W
1999-12-01,24.601,0.214,Santa Fe,Argentina,31.35S,60.31W
2000-01-01,26.561,0.265,Santa Fe,Argentina,31.35S,60.31W
2000-02-01,24.858,0.091,Santa Fe,Argentina,31.35S,60.31W
2000-03-01,22.070999999999998,0.19699999999999998,Santa Fe,Argentina,31.35S,60.31W
2000-04-01,20.133,0.24100000000000002,Santa Fe,Argentina,31.35S,60.31W
2000-05-01,15.6,0.292,Santa Fe,Argentina,31.35S,60.31W
2000-06-01,13.734000000000002,0.222,Santa Fe,Argentina,31.35S,60.31W
2000-07-01,10.148,0.317,Santa Fe,Argentina,31.35S,60.31W
2000-08-01,14.379000000000001,0.258,Santa Fe,Argentina,31.35S,60.31W
2000-09-01,16.412,0.23,Santa Fe,Argentina,31.35S,60.31W
2000-10-01,19.749000000000002,0.254,Santa Fe,Argentina,31.35S,60.31W
2000-11-01,20.947,0.259,Santa Fe,Argentina,31.35S,60.31W
2000-12-01,24.198,0.23800000000000002,Santa Fe,Argentina,31.35S,60.31W
2001-01-01,25.744,0.21899999999999997,Santa Fe,Argentina,31.35S,60.31W
2001-02-01,26.548,0.28300000000000003,Santa Fe,Argentina,31.35S,60.31W
2001-03-01,24.62,0.257,Santa Fe,Argentina,31.35S,60.31W
2001-04-01,19.47,0.29600000000000004,Santa Fe,Argentina,31.35S,60.31W
2001-05-01,15.15,0.261,Santa Fe,Argentina,31.35S,60.31W
2001-06-01,14.227,0.272,Santa Fe,Argentina,31.35S,60.31W
2001-07-01,13.477,0.226,Santa Fe,Argentina,31.35S,60.31W
2001-08-01,17.398,0.364,Santa Fe,Argentina,31.35S,60.31W
2001-09-01,16.185,0.154,Santa Fe,Argentina,31.35S,60.31W
2001-10-01,19.648,0.42100000000000004,Santa Fe,Argentina,31.35S,60.31W
2001-11-01,21.96,0.379,Santa Fe,Argentina,31.35S,60.31W
2001-12-01,24.073,0.183,Santa Fe,Argentina,31.35S,60.31W
2002-01-01,25.467,0.287,Santa Fe,Argentina,31.35S,60.31W
2002-02-01,24.273000000000003,0.3,Santa Fe,Argentina,31.35S,60.31W
2002-03-01,24.798,0.43200000000000005,Santa Fe,Argentina,31.35S,60.31W
2002-04-01,18.257,0.33899999999999997,Santa Fe,Argentina,31.35S,60.31W
2002-05-01,17.855999999999998,0.369,Santa Fe,Argentina,31.35S,60.31W
2002-06-01,12.271,0.552,Santa Fe,Argentina,31.35S,60.31W
2002-07-01,12.183,0.37799999999999995,Santa Fe,Argentina,31.35S,60.31W
2002-08-01,15.737,0.406,Santa Fe,Argentina,31.35S,60.31W
2002-09-01,16.535,0.415,Santa Fe,Argentina,31.35S,60.31W
2002-10-01,21.037,0.474,Santa Fe,Argentina,31.35S,60.31W
2002-11-01,22.781999999999996,0.17600000000000002,Santa Fe,Argentina,31.35S,60.31W
2002-12-01,23.716,0.225,Santa Fe,Argentina,31.35S,60.31W
2003-01-01,26.396,0.198,Santa Fe,Argentina,31.35S,60.31W
2003-02-01,24.799,0.29,Santa Fe,Argentina,31.35S,60.31W
2003-03-01,22.982,0.316,Santa Fe,Argentina,31.35S,60.31W
2003-04-01,18.405,0.36700000000000005,Santa Fe,Argentina,31.35S,60.31W
2003-05-01,16.337,0.268,Santa Fe,Argentina,31.35S,60.31W
2003-06-01,15.544,0.484,Santa Fe,Argentina,31.35S,60.31W
2003-07-01,12.462,0.278,Santa Fe,Argentina,31.35S,60.31W
2003-08-01,12.984000000000002,0.35600000000000004,Santa Fe,Argentina,31.35S,60.31W
2003-09-01,16.72,0.349,Santa Fe,Argentina,31.35S,60.31W
2003-10-01,20.721999999999998,0.203,Santa Fe,Argentina,31.35S,60.31W
2003-11-01,22.669,0.165,Santa Fe,Argentina,31.35S,60.31W
2003-12-01,22.703000000000003,0.203,Santa Fe,Argentina,31.35S,60.31W
2004-01-01,26.609,0.284,Santa Fe,Argentina,31.35S,60.31W
2004-02-01,24.256,0.33299999999999996,Santa Fe,Argentina,31.35S,60.31W
2004-03-01,24.358,0.193,Santa Fe,Argentina,31.35S,60.31W
2004-04-01,20.24,0.237,Santa Fe,Argentina,31.35S,60.31W
2004-05-01,13.581,0.24100000000000002,Santa Fe,Argentina,31.35S,60.31W
2004-06-01,13.996,0.441,Santa Fe,Argentina,31.35S,60.31W
2004-07-01,13.417,0.375,Santa Fe,Argentina,31.35S,60.31W
2004-08-01,14.829,0.165,Santa Fe,Argentina,31.35S,60.31W
2004-09-01,17.956,0.15,Santa Fe,Argentina,31.35S,60.31W
2004-10-01,19.221,0.23399999999999999,Santa Fe,Argentina,31.35S,60.31W
2004-11-01,21.618000000000002,0.11,Santa Fe,Argentina,31.35S,60.31W
2004-12-01,24.566,0.196,Santa Fe,Argentina,31.35S,60.31W
2005-01-01,26.378,0.12300000000000001,Santa Fe,Argentina,31.35S,60.31W
2005-02-01,24.6,0.162,Santa Fe,Argentina,31.35S,60.31W
2005-03-01,22.478,0.34700000000000003,Santa Fe,Argentina,31.35S,60.31W
2005-04-01,17.624000000000002,0.136,Santa Fe,Argentina,31.35S,60.31W
2005-05-01,16.262999999999998,0.273,Santa Fe,Argentina,31.35S,60.31W
2005-06-01,15.643,0.353,Santa Fe,Argentina,31.35S,60.31W
2005-07-01,13.482999999999999,0.402,Santa Fe,Argentina,31.35S,60.31W
2005-08-01,14.636,0.248,Santa Fe,Argentina,31.35S,60.31W
2005-09-01,14.73,0.185,Santa Fe,Argentina,31.35S,60.31W
2005-10-01,18.289,0.18899999999999997,Santa Fe,Argentina,31.35S,60.31W
2005-11-01,23.129,0.21100000000000002,Santa Fe,Argentina,31.35S,60.31W
2005-12-01,23.794,0.32,Santa Fe,Argentina,31.35S,60.31W
2006-01-01,27.254,0.325,Santa Fe,Argentina,31.35S,60.31W
2006-02-01,25.265,0.243,Santa Fe,Argentina,31.35S,60.31W
2006-03-01,22.256,0.314,Santa Fe,Argentina,31.35S,60.31W
2006-04-01,19.99,0.223,Santa Fe,Argentina,31.35S,60.31W
2006-05-01,14.173,0.22699999999999998,Santa Fe,Argentina,31.35S,60.31W
2006-06-01,14.642000000000001,0.319,Santa Fe,Argentina,31.35S,60.31W
2006-07-01,15.784,0.43799999999999994,Santa Fe,Argentina,31.35S,60.31W
2006-08-01,13.45,0.17600000000000002,Santa Fe,Argentina,31.35S,60.31W
2006-09-01,16.634,0.28800000000000003,Santa Fe,Argentina,31.35S,60.31W
2006-10-01,21.53,0.214,Santa Fe,Argentina,31.35S,60.31W
2006-11-01,22.372,0.162,Santa Fe,Argentina,31.35S,60.31W
2006-12-01,25.495,0.281,Santa Fe,Argentina,31.35S,60.31W
2007-01-01,25.457,0.321,Santa Fe,Argentina,31.35S,60.31W
2007-02-01,24.962,0.307,Santa Fe,Argentina,31.35S,60.31W
2007-03-01,22.607,0.33899999999999997,Santa Fe,Argentina,31.35S,60.31W
2007-04-01,20.191,0.225,Santa Fe,Argentina,31.35S,60.31W
2007-05-01,13.142000000000001,0.32,Santa Fe,Argentina,31.35S,60.31W
2007-06-01,11.422,0.361,Santa Fe,Argentina,31.35S,60.31W
2007-07-01,9.72,0.376,Santa Fe,Argentina,31.35S,60.31W
2007-08-01,11.213,0.192,Santa Fe,Argentina,31.35S,60.31W
2007-09-01,18.017,0.276,Santa Fe,Argentina,31.35S,60.31W
2007-10-01,20.299,0.161,Santa Fe,Argentina,31.35S,60.31W
2007-11-01,21.639,0.174,Santa Fe,Argentina,31.35S,60.31W
2007-12-01,24.607,0.317,Santa Fe,Argentina,31.35S,60.31W
2008-01-01,26.135,0.255,Santa Fe,Argentina,31.35S,60.31W
2008-02-01,25.142,0.145,Santa Fe,Argentina,31.35S,60.31W
2008-03-01,23.311,0.295,Santa Fe,Argentina,31.35S,60.31W
2008-04-01,19.099,0.159,Santa Fe,Argentina,31.35S,60.31W
2008-05-01,16.171,0.321,Santa Fe,Argentina,31.35S,60.31W
2008-06-01,11.189,0.233,Santa Fe,Argentina,31.35S,60.31W
2008-07-01,16.065,0.47200000000000003,Santa Fe,Argentina,31.35S,60.31W
2008-08-01,14.459000000000001,0.23199999999999998,Santa Fe,Argentina,31.35S,60.31W
2008-09-01,16.315,0.402,Santa Fe,Argentina,31.35S,60.31W
2008-10-01,19.912,0.27899999999999997,Santa Fe,Argentina,31.35S,60.31W
2008-11-01,24.627,0.34600000000000003,Santa Fe,Argentina,31.35S,60.31W
2008-12-01,25.672,0.324,Santa Fe,Argentina,31.35S,60.31W
2009-01-01,25.812,0.23,Santa Fe,Argentina,31.35S,60.31W
2009-02-01,25.031999999999996,0.201,Santa Fe,Argentina,31.35S,60.31W
2009-03-01,24.388,0.213,Santa Fe,Argentina,31.35S,60.31W
2009-04-01,20.976999999999997,0.39799999999999996,Santa Fe,Argentina,31.35S,60.31W
2009-05-01,17.256,0.433,Santa Fe,Argentina,31.35S,60.31W
2009-06-01,11.702,0.316,Santa Fe,Argentina,31.35S,60.31W
2009-07-01,10.847,0.31,Santa Fe,Argentina,31.35S,60.31W
2009-08-01,16.695999999999998,0.36,Santa Fe,Argentina,31.35S,60.31W
2009-09-01,14.93,0.292,Santa Fe,Argentina,31.35S,60.31W
2009-10-01,19.916,0.302,Santa Fe,Argentina,31.35S,60.31W
2009-11-01,23.737,0.45899999999999996,Santa Fe,Argentina,31.35S,60.31W
2009-12-01,23.899,0.5660000000000001,Santa Fe,Argentina,31.35S,60.31W
2010-01-01,26.378,0.192,Santa Fe,Argentina,31.35S,60.31W
2010-02-01,25.605,0.39299999999999996,Santa Fe,Argentina,31.35S,60.31W
2010-03-01,24.447,0.245,Santa Fe,Argentina,31.35S,60.31W
2010-04-01,18.512,0.382,Santa Fe,Argentina,31.35S,60.31W
2010-05-01,15.443,0.24,Santa Fe,Argentina,31.35S,60.31W
2010-06-01,13.032,0.259,Santa Fe,Argentina,31.35S,60.31W
2010-07-01,11.758,0.243,Santa Fe,Argentina,31.35S,60.31W
2010-08-01,12.725,0.33299999999999996,Santa Fe,Argentina,31.35S,60.31W
2010-09-01,16.518,0.192,Santa Fe,Argentina,31.35S,60.31W
2010-10-01,18.294,0.303,Santa Fe,Argentina,31.35S,60.31W
2010-11-01,22.346999999999998,0.18899999999999997,Santa Fe,Argentina,31.35S,60.31W
2010-12-01,25.506,0.28600000000000003,Santa Fe,Argentina,31.35S,60.31W
2011-01-01,26.745,0.183,Santa Fe,Argentina,31.35S,60.31W
2011-02-01,24.678,0.214,Santa Fe,Argentina,31.35S,60.31W
2011-03-01,22.87,0.287,Santa Fe,Argentina,31.35S,60.31W
2011-04-01,19.769000000000002,0.273,Santa Fe,Argentina,31.35S,60.31W
2011-05-01,15.807,0.375,Santa Fe,Argentina,31.35S,60.31W
2011-06-01,12.561,0.381,Santa Fe,Argentina,31.35S,60.31W
2011-07-01,11.975999999999999,0.344,Santa Fe,Argentina,31.35S,60.31W
2011-08-01,13.040999999999999,0.33,Santa Fe,Argentina,31.35S,60.31W
2011-09-01,17.67,0.23199999999999998,Santa Fe,Argentina,31.35S,60.31W
2011-10-01,18.494,0.27399999999999997,Santa Fe,Argentina,31.35S,60.31W
2011-11-01,23.715,0.292,Santa Fe,Argentina,31.35S,60.31W
2011-12-01,24.694000000000003,0.32899999999999996,Santa Fe,Argentina,31.35S,60.31W
2012-01-01,27.148000000000003,0.5429999999999999,Santa Fe,Argentina,31.35S,60.31W
2012-02-01,26.188000000000002,0.392,Santa Fe,Argentina,31.35S,60.31W
2012-03-01,23.121,0.18899999999999997,Santa Fe,Argentina,31.35S,60.31W
2012-04-01,19.139,0.322,Santa Fe,Argentina,31.35S,60.31W
2012-05-01,17.866,0.267,Santa Fe,Argentina,31.35S,60.31W
2012-06-01,12.936,0.522,Santa Fe,Argentina,31.35S,60.31W
2012-07-01,10.689,0.307,Santa Fe,Argentina,31.35S,60.31W
2012-08-01,15.811,0.34299999999999997,Santa Fe,Argentina,31.35S,60.31W
2012-09-01,17.867,0.316,Santa Fe,Argentina,31.35S,60.31W
2012-10-01,20.141,0.449,Santa Fe,Argentina,31.35S,60.31W
2012-11-01,23.895,0.43200000000000005,Santa Fe,Argentina,31.35S,60.31W
2012-12-01,25.22,0.4,Santa Fe,Argentina,31.35S,60.31W
2013-01-01,25.725,0.368,Santa Fe,Argentina,31.35S,60.31W
2013-02-01,24.615,0.214,Santa Fe,Argentina,31.35S,60.31W
2013-03-01,21.29,0.307,Santa Fe,Argentina,31.35S,60.31W
2013-04-01,19.738,0.29600000000000004,Santa Fe,Argentina,31.35S,60.31W
2013-05-01,15.937999999999999,0.312,Santa Fe,Argentina,31.35S,60.31W
2013-06-01,13.448,0.341,Santa Fe,Argentina,31.35S,60.31W
2013-07-01,13.331,0.449,Santa Fe,Argentina,31.35S,60.31W
2013-08-01,12.987,0.248,Santa Fe,Argentina,31.35S,60.31W
2013-09-01,,,Santa Fe,Argentina,31.35S,60.31W
1832-01-01,22.516,1.556,Santa Luzia,Brazil,20.09S,44.36W
1832-02-01,23.198,3.471,Santa Luzia,Brazil,20.09S,44.36W
1832-03-01,22.188000000000002,1.6669999999999998,Santa Luzia,Brazil,20.09S,44.36W
1832-04-01,20.045,2.7430000000000003,Santa Luzia,Brazil,20.09S,44.36W
1832-05-01,18.5,2.253,Santa Luzia,Brazil,20.09S,44.36W
1832-06-01,18.043,2.059,Santa Luzia,Brazil,20.09S,44.36W
1832-07-01,17.749000000000002,2.747,Santa Luzia,Brazil,20.09S,44.36W
1832-08-01,18.51,2.57,Santa Luzia,Brazil,20.09S,44.36W
1832-09-01,19.754,2.998,Santa Luzia,Brazil,20.09S,44.36W
1832-10-01,20.629,2.249,Santa Luzia,Brazil,20.09S,44.36W
1832-11-01,21.288,1.3430000000000002,Santa Luzia,Brazil,20.09S,44.36W
1832-12-01,21.269,4.198,Santa Luzia,Brazil,20.09S,44.36W
1833-01-01,22.573,2.807,Santa Luzia,Brazil,20.09S,44.36W
1833-02-01,24.176,2.394,Santa Luzia,Brazil,20.09S,44.36W
1833-03-01,22.732,2.998,Santa Luzia,Brazil,20.09S,44.36W
1833-04-01,21.599,2.226,Santa Luzia,Brazil,20.09S,44.36W
1833-05-01,18.783,1.374,Santa Luzia,Brazil,20.09S,44.36W
1833-06-01,18.076,1.983,Santa Luzia,Brazil,20.09S,44.36W
1833-07-01,17.762999999999995,1.496,Santa Luzia,Brazil,20.09S,44.36W
1833-08-01,19.717,2.708,Santa Luzia,Brazil,20.09S,44.36W
1833-09-01,21.243,2.307,Santa Luzia,Brazil,20.09S,44.36W
1833-10-01,21.603,2.23,Santa Luzia,Brazil,20.09S,44.36W
1833-11-01,23.889,1.92,Santa Luzia,Brazil,20.09S,44.36W
1833-12-01,23.326,2.843,Santa Luzia,Brazil,20.09S,44.36W
1834-01-01,22.143,2.529,Santa Luzia,Brazil,20.09S,44.36W
1834-02-01,23.008000000000006,2.11,Santa Luzia,Brazil,20.09S,44.36W
1834-03-01,22.500999999999998,2.565,Santa Luzia,Brazil,20.09S,44.36W
1834-04-01,20.757,2.158,Santa Luzia,Brazil,20.09S,44.36W
1834-05-01,20.205,1.827,Santa Luzia,Brazil,20.09S,44.36W
1834-06-01,16.793,2.5580000000000003,Santa Luzia,Brazil,20.09S,44.36W
1834-07-01,18.382,1.875,Santa Luzia,Brazil,20.09S,44.36W
1834-08-01,18.578000000000007,1.395,Santa Luzia,Brazil,20.09S,44.36W
1834-09-01,20.761000000000006,2.412,Santa Luzia,Brazil,20.09S,44.36W
1834-10-01,20.513,1.59,Santa Luzia,Brazil,20.09S,44.36W
1834-11-01,21.116,3.167,Santa Luzia,Brazil,20.09S,44.36W
1834-12-01,22.241000000000003,1.682,Santa Luzia,Brazil,20.09S,44.36W
1835-01-01,22.57,2.175,Santa Luzia,Brazil,20.09S,44.36W
1835-02-01,23.355,2.307,Santa Luzia,Brazil,20.09S,44.36W
1835-03-01,20.930999999999997,2.313,Santa Luzia,Brazil,20.09S,44.36W
1835-04-01,19.901,2.372,Santa Luzia,Brazil,20.09S,44.36W
1835-05-01,18.264,1.268,Santa Luzia,Brazil,20.09S,44.36W
1835-06-01,17.008,1.8,Santa Luzia,Brazil,20.09S,44.36W
1835-07-01,18.137,2.7889999999999997,Santa Luzia,Brazil,20.09S,44.36W
1835-08-01,19.031,2.447,Santa Luzia,Brazil,20.09S,44.36W
1835-09-01,18.587,1.357,Santa Luzia,Brazil,20.09S,44.36W
1835-10-01,20.439,1.215,Santa Luzia,Brazil,20.09S,44.36W
1835-11-01,20.915,2.168,Santa Luzia,Brazil,20.09S,44.36W
1835-12-01,20.726999999999997,1.7380000000000002,Santa Luzia,Brazil,20.09S,44.36W
1836-01-01,22.66,1.2209999999999999,Santa Luzia,Brazil,20.09S,44.36W
1836-02-01,23.361,2.109,Santa Luzia,Brazil,20.09S,44.36W
1836-03-01,22.896,1.171,Santa Luzia,Brazil,20.09S,44.36W
1836-04-01,19.54,1.7169999999999999,Santa Luzia,Brazil,20.09S,44.36W
1836-05-01,17.442999999999998,1.7080000000000002,Santa Luzia,Brazil,20.09S,44.36W
1836-06-01,17.105,1.334,Santa Luzia,Brazil,20.09S,44.36W
1836-07-01,18.553,2.639,Santa Luzia,Brazil,20.09S,44.36W
1836-08-01,19.46,2.927,Santa Luzia,Brazil,20.09S,44.36W
1836-09-01,18.840999999999998,2.186,Santa Luzia,Brazil,20.09S,44.36W
1836-10-01,20.447,4.164,Santa Luzia,Brazil,20.09S,44.36W
1836-11-01,20.525,1.794,Santa Luzia,Brazil,20.09S,44.36W
1836-12-01,21.691999999999997,2.379,Santa Luzia,Brazil,20.09S,44.36W
1837-01-01,22.308000000000003,2.108,Santa Luzia,Brazil,20.09S,44.36W
1837-02-01,21.609,3.137,Santa Luzia,Brazil,20.09S,44.36W
1837-03-01,20.773000000000003,1.777,Santa Luzia,Brazil,20.09S,44.36W
1837-04-01,19.222,1.383,Santa Luzia,Brazil,20.09S,44.36W
1837-05-01,18.27,1.7730000000000001,Santa Luzia,Brazil,20.09S,44.36W
1837-06-01,15.932,2.568,Santa Luzia,Brazil,20.09S,44.36W
1837-07-01,16.936999999999998,1.446,Santa Luzia,Brazil,20.09S,44.36W
1837-08-01,18.48,1.122,Santa Luzia,Brazil,20.09S,44.36W
1837-09-01,19.635,1.486,Santa Luzia,Brazil,20.09S,44.36W
1837-10-01,20.797,2.426,Santa Luzia,Brazil,20.09S,44.36W
1837-11-01,20.871,2.21,Santa Luzia,Brazil,20.09S,44.36W
1837-12-01,20.998,3.648,Santa Luzia,Brazil,20.09S,44.36W
1838-01-01,21.257,2.911,Santa Luzia,Brazil,20.09S,44.36W
1838-02-01,22.237,1.7169999999999999,Santa Luzia,Brazil,20.09S,44.36W
1838-03-01,20.963,1.641,Santa Luzia,Brazil,20.09S,44.36W
1838-04-01,20.153,1.27,Santa Luzia,Brazil,20.09S,44.36W
1838-05-01,17.634,1.315,Santa Luzia,Brazil,20.09S,44.36W
1838-06-01,17.674,1.494,Santa Luzia,Brazil,20.09S,44.36W
1838-07-01,18.097,3.0860000000000003,Santa Luzia,Brazil,20.09S,44.36W
1838-08-01,18.031,3.071,Santa Luzia,Brazil,20.09S,44.36W
1838-09-01,20.143,1.301,Santa Luzia,Brazil,20.09S,44.36W
1838-10-01,21.325,3.176,Santa Luzia,Brazil,20.09S,44.36W
1838-11-01,21.163,2.228,Santa Luzia,Brazil,20.09S,44.36W
1838-12-01,22.449,2.785,Santa Luzia,Brazil,20.09S,44.36W
1839-01-01,22.124000000000002,1.9380000000000002,Santa Luzia,Brazil,20.09S,44.36W
1839-02-01,22.616000000000003,2.759,Santa Luzia,Brazil,20.09S,44.36W
1839-03-01,21.053,1.913,Santa Luzia,Brazil,20.09S,44.36W
1839-04-01,20.484,1.811,Santa Luzia,Brazil,20.09S,44.36W
1839-05-01,18.750999999999998,1.042,Santa Luzia,Brazil,20.09S,44.36W
1839-06-01,17.314999999999998,1.0490000000000002,Santa Luzia,Brazil,20.09S,44.36W
1839-07-01,17.084,3.3,Santa Luzia,Brazil,20.09S,44.36W
1839-08-01,18.645000000000003,2.281,Santa Luzia,Brazil,20.09S,44.36W
1839-09-01,19.154,1.626,Santa Luzia,Brazil,20.09S,44.36W
1839-10-01,19.887,2.391,Santa Luzia,Brazil,20.09S,44.36W
1839-11-01,20.324,1.993,Santa Luzia,Brazil,20.09S,44.36W
1839-12-01,21.285999999999998,2.68,Santa Luzia,Brazil,20.09S,44.36W
1840-01-01,22.601,1.69,Santa Luzia,Brazil,20.09S,44.36W
1840-02-01,23.098000000000006,2.387,Santa Luzia,Brazil,20.09S,44.36W
1840-03-01,20.894000000000002,1.213,Santa Luzia,Brazil,20.09S,44.36W
1840-04-01,20.575,1.983,Santa Luzia,Brazil,20.09S,44.36W
1840-05-01,19.66,1.629,Santa Luzia,Brazil,20.09S,44.36W
1840-06-01,17.881999999999994,1.4269999999999998,Santa Luzia,Brazil,20.09S,44.36W
1840-07-01,17.851,1.621,Santa Luzia,Brazil,20.09S,44.36W
1840-08-01,18.059,1.499,Santa Luzia,Brazil,20.09S,44.36W
1840-09-01,20.442999999999998,1.506,Santa Luzia,Brazil,20.09S,44.36W
1840-10-01,21.86,3.177,Santa Luzia,Brazil,20.09S,44.36W
1840-11-01,21.469,3.23,Santa Luzia,Brazil,20.09S,44.36W
1840-12-01,22.468000000000004,2.858,Santa Luzia,Brazil,20.09S,44.36W
1841-01-01,22.229,2.103,Santa Luzia,Brazil,20.09S,44.36W
1841-02-01,21.948,1.655,Santa Luzia,Brazil,20.09S,44.36W
1841-03-01,22.829,4.336,Santa Luzia,Brazil,20.09S,44.36W
1841-04-01,21.171,2.577,Santa Luzia,Brazil,20.09S,44.36W
1841-05-01,18.898,1.222,Santa Luzia,Brazil,20.09S,44.36W
1841-06-01,17.372,1.288,Santa Luzia,Brazil,20.09S,44.36W
1841-07-01,17.721,1.579,Santa Luzia,Brazil,20.09S,44.36W
1841-08-01,18.788,1.26,Santa Luzia,Brazil,20.09S,44.36W
1841-09-01,19.752,0.93,Santa Luzia,Brazil,20.09S,44.36W
1841-10-01,20.688000000000002,1.4509999999999998,Santa Luzia,Brazil,20.09S,44.36W
1841-11-01,21.129,1.1,Santa Luzia,Brazil,20.09S,44.36W
1841-12-01,20.576,2.9160000000000004,Santa Luzia,Brazil,20.09S,44.36W
1842-01-01,22.587,1.5719999999999998,Santa Luzia,Brazil,20.09S,44.36W
1842-02-01,22.969,1.558,Santa Luzia,Brazil,20.09S,44.36W
1842-03-01,23.578000000000003,2.0909999999999997,Santa Luzia,Brazil,20.09S,44.36W
1842-04-01,21.57,1.615,Santa Luzia,Brazil,20.09S,44.36W
1842-05-01,19.014,1.258,Santa Luzia,Brazil,20.09S,44.36W
1842-06-01,18.712,2.844,Santa Luzia,Brazil,20.09S,44.36W
1842-07-01,18.493,2.532,Santa Luzia,Brazil,20.09S,44.36W
1842-08-01,18.798,1.1179999999999999,Santa Luzia,Brazil,20.09S,44.36W
1842-09-01,18.62,2.2319999999999998,Santa Luzia,Brazil,20.09S,44.36W
1842-10-01,20.603,1.1079999999999999,Santa Luzia,Brazil,20.09S,44.36W
1842-11-01,21.248,1.4380000000000002,Santa Luzia,Brazil,20.09S,44.36W
1842-12-01,22.101999999999997,1.705,Santa Luzia,Brazil,20.09S,44.36W
1843-01-01,23.366,1.53,Santa Luzia,Brazil,20.09S,44.36W
1843-02-01,24.399,1.444,Santa Luzia,Brazil,20.09S,44.36W
1843-03-01,22.526,1.3259999999999998,Santa Luzia,Brazil,20.09S,44.36W
1843-04-01,20.47,1.3419999999999999,Santa Luzia,Brazil,20.09S,44.36W
1843-05-01,20.041,3.452,Santa Luzia,Brazil,20.09S,44.36W
1843-06-01,17.144000000000002,1.2309999999999999,Santa Luzia,Brazil,20.09S,44.36W
1843-07-01,16.641,2.131,Santa Luzia,Brazil,20.09S,44.36W
1843-08-01,19.279,1.65,Santa Luzia,Brazil,20.09S,44.36W
1843-09-01,20.648000000000003,1.324,Santa Luzia,Brazil,20.09S,44.36W
1843-10-01,21.095,1.2690000000000001,Santa Luzia,Brazil,20.09S,44.36W
1843-11-01,21.491,1.0270000000000001,Santa Luzia,Brazil,20.09S,44.36W
1843-12-01,22.840999999999998,2.4090000000000003,Santa Luzia,Brazil,20.09S,44.36W
1844-01-01,,,Santa Luzia,Brazil,20.09S,44.36W
1844-02-01,,,Santa Luzia,Brazil,20.09S,44.36W
1844-03-01,,,Santa Luzia,Brazil,20.09S,44.36W
1844-04-01,,,Santa Luzia,Brazil,20.09S,44.36W
1844-05-01,,,Santa Luzia,Brazil,20.09S,44.36W
1844-06-01,,,Santa Luzia,Brazil,20.09S,44.36W
1844-07-01,,,Santa Luzia,Brazil,20.09S,44.36W
1844-08-01,,,Santa Luzia,Brazil,20.09S,44.36W
1844-09-01,,,Santa Luzia,Brazil,20.09S,44.36W
1844-10-01,,,Santa Luzia,Brazil,20.09S,44.36W
1844-11-01,,,Santa Luzia,Brazil,20.09S,44.36W
1844-12-01,,,Santa Luzia,Brazil,20.09S,44.36W
1845-01-01,,,Santa Luzia,Brazil,20.09S,44.36W
1845-02-01,,,Santa Luzia,Brazil,20.09S,44.36W
1845-03-01,,,Santa Luzia,Brazil,20.09S,44.36W
1845-04-01,,,Santa Luzia,Brazil,20.09S,44.36W
1845-05-01,,,Santa Luzia,Brazil,20.09S,44.36W
1845-06-01,,,Santa Luzia,Brazil,20.09S,44.36W
1845-07-01,,,Santa Luzia,Brazil,20.09S,44.36W
1845-08-01,,,Santa Luzia,Brazil,20.09S,44.36W
1845-09-01,,,Santa Luzia,Brazil,20.09S,44.36W
1845-10-01,,,Santa Luzia,Brazil,20.09S,44.36W
1845-11-01,,,Santa Luzia,Brazil,20.09S,44.36W
1845-12-01,,,Santa Luzia,Brazil,20.09S,44.36W
1846-01-01,,,Santa Luzia,Brazil,20.09S,44.36W
1846-02-01,,,Santa Luzia,Brazil,20.09S,44.36W
1846-03-01,,,Santa Luzia,Brazil,20.09S,44.36W
1846-04-01,,,Santa Luzia,Brazil,20.09S,44.36W
1846-05-01,,,Santa Luzia,Brazil,20.09S,44.36W
1846-06-01,,,Santa Luzia,Brazil,20.09S,44.36W
1846-07-01,,,Santa Luzia,Brazil,20.09S,44.36W
1846-08-01,,,Santa Luzia,Brazil,20.09S,44.36W
1846-09-01,,,Santa Luzia,Brazil,20.09S,44.36W
1846-10-01,,,Santa Luzia,Brazil,20.09S,44.36W
1846-11-01,,,Santa Luzia,Brazil,20.09S,44.36W
1846-12-01,,,Santa Luzia,Brazil,20.09S,44.36W
1847-01-01,,,Santa Luzia,Brazil,20.09S,44.36W
1847-02-01,,,Santa Luzia,Brazil,20.09S,44.36W
1847-03-01,,,Santa Luzia,Brazil,20.09S,44.36W
1847-04-01,,,Santa Luzia,Brazil,20.09S,44.36W
1847-05-01,,,Santa Luzia,Brazil,20.09S,44.36W
1847-06-01,,,Santa Luzia,Brazil,20.09S,44.36W
1847-07-01,,,Santa Luzia,Brazil,20.09S,44.36W
1847-08-01,,,Santa Luzia,Brazil,20.09S,44.36W
1847-09-01,,,Santa Luzia,Brazil,20.09S,44.36W
1847-10-01,,,Santa Luzia,Brazil,20.09S,44.36W
1847-11-01,,,Santa Luzia,Brazil,20.09S,44.36W
1847-12-01,,,Santa Luzia,Brazil,20.09S,44.36W
1848-01-01,,,Santa Luzia,Brazil,20.09S,44.36W
1848-02-01,,,Santa Luzia,Brazil,20.09S,44.36W
1848-03-01,,,Santa Luzia,Brazil,20.09S,44.36W
1848-04-01,,,Santa Luzia,Brazil,20.09S,44.36W
1848-05-01,,,Santa Luzia,Brazil,20.09S,44.36W
1848-06-01,,,Santa Luzia,Brazil,20.09S,44.36W
1848-07-01,,,Santa Luzia,Brazil,20.09S,44.36W
1848-08-01,,,Santa Luzia,Brazil,20.09S,44.36W
1848-09-01,,,Santa Luzia,Brazil,20.09S,44.36W
1848-10-01,,,Santa Luzia,Brazil,20.09S,44.36W
1848-11-01,,,Santa Luzia,Brazil,20.09S,44.36W
1848-12-01,,,Santa Luzia,Brazil,20.09S,44.36W
1849-01-01,,,Santa Luzia,Brazil,20.09S,44.36W
1849-02-01,,,Santa Luzia,Brazil,20.09S,44.36W
1849-03-01,,,Santa Luzia,Brazil,20.09S,44.36W
1849-04-01,,,Santa Luzia,Brazil,20.09S,44.36W
1849-05-01,,,Santa Luzia,Brazil,20.09S,44.36W
1849-06-01,,,Santa Luzia,Brazil,20.09S,44.36W
1849-07-01,,,Santa Luzia,Brazil,20.09S,44.36W
1849-08-01,,,Santa Luzia,Brazil,20.09S,44.36W
1849-09-01,,,Santa Luzia,Brazil,20.09S,44.36W
1849-10-01,,,Santa Luzia,Brazil,20.09S,44.36W
1849-11-01,,,Santa Luzia,Brazil,20.09S,44.36W
1849-12-01,,,Santa Luzia,Brazil,20.09S,44.36W
1850-01-01,,,Santa Luzia,Brazil,20.09S,44.36W
1850-02-01,,,Santa Luzia,Brazil,20.09S,44.36W
1850-03-01,,,Santa Luzia,Brazil,20.09S,44.36W
1850-04-01,,,Santa Luzia,Brazil,20.09S,44.36W
1850-05-01,,,Santa Luzia,Brazil,20.09S,44.36W
1850-06-01,,,Santa Luzia,Brazil,20.09S,44.36W
1850-07-01,,,Santa Luzia,Brazil,20.09S,44.36W
1850-08-01,,,Santa Luzia,Brazil,20.09S,44.36W
1850-09-01,,,Santa Luzia,Brazil,20.09S,44.36W
1850-10-01,,,Santa Luzia,Brazil,20.09S,44.36W
1850-11-01,,,Santa Luzia,Brazil,20.09S,44.36W
1850-12-01,,,Santa Luzia,Brazil,20.09S,44.36W
1851-01-01,23.252,1.188,Santa Luzia,Brazil,20.09S,44.36W
1851-02-01,23.299000000000003,1.271,Santa Luzia,Brazil,20.09S,44.36W
1851-03-01,22.066,1.297,Santa Luzia,Brazil,20.09S,44.36W
1851-04-01,21.663,2.9610000000000003,Santa Luzia,Brazil,20.09S,44.36W
1851-05-01,19.313,0.9590000000000001,Santa Luzia,Brazil,20.09S,44.36W
1851-06-01,17.689999999999994,1.128,Santa Luzia,Brazil,20.09S,44.36W
1851-07-01,18.522000000000002,1.6569999999999998,Santa Luzia,Brazil,20.09S,44.36W
1851-08-01,19.187,1.319,Santa Luzia,Brazil,20.09S,44.36W
1851-09-01,20.052,1.5290000000000001,Santa Luzia,Brazil,20.09S,44.36W
1851-10-01,21.606,1.992,Santa Luzia,Brazil,20.09S,44.36W
1851-11-01,21.415,1.34,Santa Luzia,Brazil,20.09S,44.36W
1851-12-01,21.545,3.08,Santa Luzia,Brazil,20.09S,44.36W
1852-01-01,22.531999999999996,2.47,Santa Luzia,Brazil,20.09S,44.36W
1852-02-01,22.807,1.18,Santa Luzia,Brazil,20.09S,44.36W
1852-03-01,22.881,3.14,Santa Luzia,Brazil,20.09S,44.36W
1852-04-01,20.796,1.281,Santa Luzia,Brazil,20.09S,44.36W
1852-05-01,19.65,1.126,Santa Luzia,Brazil,20.09S,44.36W
1852-06-01,18.41,1.6569999999999998,Santa Luzia,Brazil,20.09S,44.36W
1852-07-01,18.4,1.479,Santa Luzia,Brazil,20.09S,44.36W
1852-08-01,18.790000000000006,1.114,Santa Luzia,Brazil,20.09S,44.36W
1852-09-01,20.482000000000006,1.208,Santa Luzia,Brazil,20.09S,44.36W
1852-10-01,21.033,1.4240000000000002,Santa Luzia,Brazil,20.09S,44.36W
1852-11-01,22.166,2.752,Santa Luzia,Brazil,20.09S,44.36W
1852-12-01,23.576,2.3930000000000002,Santa Luzia,Brazil,20.09S,44.36W
1853-01-01,22.815,1.555,Santa Luzia,Brazil,20.09S,44.36W
1853-02-01,22.535999999999998,1.719,Santa Luzia,Brazil,20.09S,44.36W
1853-03-01,21.568,1.646,Santa Luzia,Brazil,20.09S,44.36W
1853-04-01,21.611,2.322,Santa Luzia,Brazil,20.09S,44.36W
1853-05-01,19.074,0.9990000000000001,Santa Luzia,Brazil,20.09S,44.36W
1853-06-01,18.055999999999997,1.1079999999999999,Santa Luzia,Brazil,20.09S,44.36W
1853-07-01,18.682000000000002,1.225,Santa Luzia,Brazil,20.09S,44.36W
1853-08-01,19.958,1.449,Santa Luzia,Brazil,20.09S,44.36W
1853-09-01,21.52,1.821,Santa Luzia,Brazil,20.09S,44.36W
1853-10-01,21.553,1.242,Santa Luzia,Brazil,20.09S,44.36W
1853-11-01,22.564,2.9019999999999997,Santa Luzia,Brazil,20.09S,44.36W
1853-12-01,21.773000000000003,1.367,Santa Luzia,Brazil,20.09S,44.36W
1854-01-01,21.748,1.735,Santa Luzia,Brazil,20.09S,44.36W
1854-02-01,22.949,1.9909999999999999,Santa Luzia,Brazil,20.09S,44.36W
1854-03-01,21.980999999999998,1.558,Santa Luzia,Brazil,20.09S,44.36W
1854-04-01,21.612,1.696,Santa Luzia,Brazil,20.09S,44.36W
1854-05-01,19.456,1.028,Santa Luzia,Brazil,20.09S,44.36W
1854-06-01,18.308,2.026,Santa Luzia,Brazil,20.09S,44.36W
1854-07-01,18.686,1.439,Santa Luzia,Brazil,20.09S,44.36W
1854-08-01,19.615,1.347,Santa Luzia,Brazil,20.09S,44.36W
1854-09-01,21.309,1.761,Santa Luzia,Brazil,20.09S,44.36W
1854-10-01,22.861,1.3459999999999999,Santa Luzia,Brazil,20.09S,44.36W
1854-11-01,22.035,1.2830000000000001,Santa Luzia,Brazil,20.09S,44.36W
1854-12-01,22.209000000000003,2.273,Santa Luzia,Brazil,20.09S,44.36W
1855-01-01,23.39,2.002,Santa Luzia,Brazil,20.09S,44.36W
1855-02-01,23.349,1.463,Santa Luzia,Brazil,20.09S,44.36W
1855-03-01,23.25,1.514,Santa Luzia,Brazil,20.09S,44.36W
1855-04-01,21.545,1.6469999999999998,Santa Luzia,Brazil,20.09S,44.36W
1855-05-01,19.458,1.392,Santa Luzia,Brazil,20.09S,44.36W
1855-06-01,18.836,2.557,Santa Luzia,Brazil,20.09S,44.36W
1855-07-01,18.232,1.605,Santa Luzia,Brazil,20.09S,44.36W
1855-08-01,19.84,1.547,Santa Luzia,Brazil,20.09S,44.36W
1855-09-01,20.513,1.0190000000000001,Santa Luzia,Brazil,20.09S,44.36W
1855-10-01,21.92,2.194,Santa Luzia,Brazil,20.09S,44.36W
1855-11-01,21.945,1.475,Santa Luzia,Brazil,20.09S,44.36W
1855-12-01,20.959000000000003,2.068,Santa Luzia,Brazil,20.09S,44.36W
1856-01-01,21.702,2.254,Santa Luzia,Brazil,20.09S,44.36W
1856-02-01,21.865,1.609,Santa Luzia,Brazil,20.09S,44.36W
1856-03-01,21.68,1.183,Santa Luzia,Brazil,20.09S,44.36W
1856-04-01,21.363000000000003,1.2830000000000001,Santa Luzia,Brazil,20.09S,44.36W
1856-05-01,19.122,1.521,Santa Luzia,Brazil,20.09S,44.36W
1856-06-01,17.552,2.073,Santa Luzia,Brazil,20.09S,44.36W
1856-07-01,17.070999999999998,1.8330000000000002,Santa Luzia,Brazil,20.09S,44.36W
1856-08-01,18.772,1.35,Santa Luzia,Brazil,20.09S,44.36W
1856-09-01,19.794,1.365,Santa Luzia,Brazil,20.09S,44.36W
1856-10-01,20.32,1.358,Santa Luzia,Brazil,20.09S,44.36W
1856-11-01,21.275,1.28,Santa Luzia,Brazil,20.09S,44.36W
1856-12-01,21.116999999999997,2.169,Santa Luzia,Brazil,20.09S,44.36W
1857-01-01,22.029,1.37,Santa Luzia,Brazil,20.09S,44.36W
1857-02-01,22.584000000000003,1.6,Santa Luzia,Brazil,20.09S,44.36W
1857-03-01,22.171,1.128,Santa Luzia,Brazil,20.09S,44.36W
1857-04-01,19.513,1.208,Santa Luzia,Brazil,20.09S,44.36W
1857-05-01,18.512,0.985,Santa Luzia,Brazil,20.09S,44.36W
1857-06-01,17.686,0.945,Santa Luzia,Brazil,20.09S,44.36W
1857-07-01,18.583,1.484,Santa Luzia,Brazil,20.09S,44.36W
1857-08-01,18.878,1.0,Santa Luzia,Brazil,20.09S,44.36W
1857-09-01,20.364,0.938,Santa Luzia,Brazil,20.09S,44.36W
1857-10-01,21.721,1.9680000000000002,Santa Luzia,Brazil,20.09S,44.36W
1857-11-01,22.703000000000003,2.155,Santa Luzia,Brazil,20.09S,44.36W
1857-12-01,22.708,1.615,Santa Luzia,Brazil,20.09S,44.36W
1858-01-01,22.283,2.656,Santa Luzia,Brazil,20.09S,44.36W
1858-02-01,22.717,0.92,Santa Luzia,Brazil,20.09S,44.36W
1858-03-01,22.369,1.203,Santa Luzia,Brazil,20.09S,44.36W
1858-04-01,20.07,3.2769999999999997,Santa Luzia,Brazil,20.09S,44.36W
1858-05-01,19.47,1.354,Santa Luzia,Brazil,20.09S,44.36W
1858-06-01,16.987000000000002,1.7109999999999999,Santa Luzia,Brazil,20.09S,44.36W
1858-07-01,17.037999999999997,1.275,Santa Luzia,Brazil,20.09S,44.36W
1858-08-01,17.887999999999998,2.245,Santa Luzia,Brazil,20.09S,44.36W
1858-09-01,18.155,4.5280000000000005,Santa Luzia,Brazil,20.09S,44.36W
1858-10-01,19.914,2.5789999999999997,Santa Luzia,Brazil,20.09S,44.36W
1858-11-01,20.703000000000003,2.298,Santa Luzia,Brazil,20.09S,44.36W
1858-12-01,19.843000000000004,2.086,Santa Luzia,Brazil,20.09S,44.36W
1859-01-01,21.186,2.19,Santa Luzia,Brazil,20.09S,44.36W
1859-02-01,21.895000000000003,1.796,Santa Luzia,Brazil,20.09S,44.36W
1859-03-01,23.15,1.242,Santa Luzia,Brazil,20.09S,44.36W
1859-04-01,22.381,1.7409999999999999,Santa Luzia,Brazil,20.09S,44.36W
1859-05-01,19.384,1.1840000000000002,Santa Luzia,Brazil,20.09S,44.36W
1859-06-01,17.397000000000002,1.7830000000000001,Santa Luzia,Brazil,20.09S,44.36W
1859-07-01,16.744,2.4290000000000003,Santa Luzia,Brazil,20.09S,44.36W
1859-08-01,18.294,1.5659999999999998,Santa Luzia,Brazil,20.09S,44.36W
1859-09-01,20.275,0.909,Santa Luzia,Brazil,20.09S,44.36W
1859-10-01,21.396,1.199,Santa Luzia,Brazil,20.09S,44.36W
1859-11-01,21.615,1.526,Santa Luzia,Brazil,20.09S,44.36W
1859-12-01,21.443,1.587,Santa Luzia,Brazil,20.09S,44.36W
1860-01-01,22.659000000000002,1.4269999999999998,Santa Luzia,Brazil,20.09S,44.36W
1860-02-01,22.654000000000003,1.058,Santa Luzia,Brazil,20.09S,44.36W
1860-03-01,22.158,2.5,Santa Luzia,Brazil,20.09S,44.36W
1860-04-01,21.083000000000002,1.393,Santa Luzia,Brazil,20.09S,44.36W
1860-05-01,19.124000000000002,1.067,Santa Luzia,Brazil,20.09S,44.36W
1860-06-01,18.574,1.699,Santa Luzia,Brazil,20.09S,44.36W
1860-07-01,18.501,1.2109999999999999,Santa Luzia,Brazil,20.09S,44.36W
1860-08-01,20.816999999999997,2.158,Santa Luzia,Brazil,20.09S,44.36W
1860-09-01,22.226000000000006,2.7760000000000002,Santa Luzia,Brazil,20.09S,44.36W
1860-10-01,22.671,2.11,Santa Luzia,Brazil,20.09S,44.36W
1860-11-01,21.423,1.239,Santa Luzia,Brazil,20.09S,44.36W
1860-12-01,21.678,2.826,Santa Luzia,Brazil,20.09S,44.36W
1861-01-01,22.381,3.225,Santa Luzia,Brazil,20.09S,44.36W
1861-02-01,23.061999999999998,1.589,Santa Luzia,Brazil,20.09S,44.36W
1861-03-01,21.991999999999997,1.3880000000000001,Santa Luzia,Brazil,20.09S,44.36W
1861-04-01,20.844,1.1909999999999998,Santa Luzia,Brazil,20.09S,44.36W
1861-05-01,19.253,1.258,Santa Luzia,Brazil,20.09S,44.36W
1861-06-01,17.180999999999997,1.709,Santa Luzia,Brazil,20.09S,44.36W
1861-07-01,16.543,2.365,Santa Luzia,Brazil,20.09S,44.36W
1861-08-01,19.682,0.9590000000000001,Santa Luzia,Brazil,20.09S,44.36W
1861-09-01,20.673,1.097,Santa Luzia,Brazil,20.09S,44.36W
1861-10-01,21.006,1.015,Santa Luzia,Brazil,20.09S,44.36W
1861-11-01,20.949,2.12,Santa Luzia,Brazil,20.09S,44.36W
1861-12-01,20.545,2.628,Santa Luzia,Brazil,20.09S,44.36W
1862-01-01,21.202,1.272,Santa Luzia,Brazil,20.09S,44.36W
1862-02-01,22.708,2.42,Santa Luzia,Brazil,20.09S,44.36W
1862-03-01,22.391,0.93,Santa Luzia,Brazil,20.09S,44.36W
1862-04-01,20.841,1.209,Santa Luzia,Brazil,20.09S,44.36W
1862-05-01,19.805,1.666,Santa Luzia,Brazil,20.09S,44.36W
1862-06-01,17.673,1.651,Santa Luzia,Brazil,20.09S,44.36W
1862-07-01,16.956,1.347,Santa Luzia,Brazil,20.09S,44.36W
1862-08-01,18.204,1.47,Santa Luzia,Brazil,20.09S,44.36W
1862-09-01,19.444000000000006,1.615,Santa Luzia,Brazil,20.09S,44.36W
1862-10-01,21.376,1.6380000000000001,Santa Luzia,Brazil,20.09S,44.36W
1862-11-01,21.831,2.1,Santa Luzia,Brazil,20.09S,44.36W
1862-12-01,21.214,1.679,Santa Luzia,Brazil,20.09S,44.36W
1863-01-01,23.615,1.9380000000000002,Santa Luzia,Brazil,20.09S,44.36W
1863-02-01,23.046000000000006,2.484,Santa Luzia,Brazil,20.09S,44.36W
1863-03-01,21.987,1.084,Santa Luzia,Brazil,20.09S,44.36W
1863-04-01,21.315,1.405,Santa Luzia,Brazil,20.09S,44.36W
1863-05-01,18.595,2.048,Santa Luzia,Brazil,20.09S,44.36W
1863-06-01,17.963,1.4609999999999999,Santa Luzia,Brazil,20.09S,44.36W
1863-07-01,17.409000000000002,1.546,Santa Luzia,Brazil,20.09S,44.36W
1863-08-01,18.275,1.442,Santa Luzia,Brazil,20.09S,44.36W
1863-09-01,18.822000000000006,2.7710000000000004,Santa Luzia,Brazil,20.09S,44.36W
1863-10-01,20.555,1.127,Santa Luzia,Brazil,20.09S,44.36W
1863-11-01,20.859,1.374,Santa Luzia,Brazil,20.09S,44.36W
1863-12-01,21.559,1.3840000000000001,Santa Luzia,Brazil,20.09S,44.36W
1864-01-01,22.149,1.1520000000000001,Santa Luzia,Brazil,20.09S,44.36W
1864-02-01,22.193,1.966,Santa Luzia,Brazil,20.09S,44.36W
1864-03-01,21.982,1.232,Santa Luzia,Brazil,20.09S,44.36W
1864-04-01,20.269000000000002,1.6769999999999998,Santa Luzia,Brazil,20.09S,44.36W
1864-05-01,19.297,0.971,Santa Luzia,Brazil,20.09S,44.36W
1864-06-01,17.523,1.567,Santa Luzia,Brazil,20.09S,44.36W
1864-07-01,17.456,1.2890000000000001,Santa Luzia,Brazil,20.09S,44.36W
1864-08-01,18.611,1.21,Santa Luzia,Brazil,20.09S,44.36W
1864-09-01,20.671000000000006,1.4880000000000002,Santa Luzia,Brazil,20.09S,44.36W
1864-10-01,20.989,1.258,Santa Luzia,Brazil,20.09S,44.36W
1864-11-01,21.209,1.278,Santa Luzia,Brazil,20.09S,44.36W
1864-12-01,21.589,1.8419999999999999,Santa Luzia,Brazil,20.09S,44.36W
1865-01-01,23.058000000000003,1.2670000000000001,Santa Luzia,Brazil,20.09S,44.36W
1865-02-01,21.396,2.0980000000000003,Santa Luzia,Brazil,20.09S,44.36W
1865-03-01,21.287,1.246,Santa Luzia,Brazil,20.09S,44.36W
1865-04-01,20.545,1.224,Santa Luzia,Brazil,20.09S,44.36W
1865-05-01,19.123,1.2590000000000001,Santa Luzia,Brazil,20.09S,44.36W
1865-06-01,17.586,2.235,Santa Luzia,Brazil,20.09S,44.36W
1865-07-01,17.631999999999994,1.261,Santa Luzia,Brazil,20.09S,44.36W
1865-08-01,18.910999999999998,1.137,Santa Luzia,Brazil,20.09S,44.36W
1865-09-01,19.756,2.169,Santa Luzia,Brazil,20.09S,44.36W
1865-10-01,21.28,1.48,Santa Luzia,Brazil,20.09S,44.36W
1865-11-01,21.491,2.115,Santa Luzia,Brazil,20.09S,44.36W
1865-12-01,20.770000000000003,2.387,Santa Luzia,Brazil,20.09S,44.36W
1866-01-01,22.684,1.2429999999999999,Santa Luzia,Brazil,20.09S,44.36W
1866-02-01,21.737,1.8940000000000001,Santa Luzia,Brazil,20.09S,44.36W
1866-03-01,20.958000000000002,3.3489999999999998,Santa Luzia,Brazil,20.09S,44.36W
1866-04-01,20.158,1.95,Santa Luzia,Brazil,20.09S,44.36W
1866-05-01,19.180999999999997,1.28,Santa Luzia,Brazil,20.09S,44.36W
1866-06-01,17.256,1.034,Santa Luzia,Brazil,20.09S,44.36W
1866-07-01,17.959,1.355,Santa Luzia,Brazil,20.09S,44.36W
1866-08-01,19.819000000000006,1.702,Santa Luzia,Brazil,20.09S,44.36W
1866-09-01,20.949,1.131,Santa Luzia,Brazil,20.09S,44.36W
1866-10-01,20.906999999999996,1.025,Santa Luzia,Brazil,20.09S,44.36W
1866-11-01,21.895,1.06,Santa Luzia,Brazil,20.09S,44.36W
1866-12-01,21.723000000000006,1.8459999999999999,Santa Luzia,Brazil,20.09S,44.36W
1867-01-01,21.327,3.1710000000000003,Santa Luzia,Brazil,20.09S,44.36W
1867-02-01,22.333,1.2209999999999999,Santa Luzia,Brazil,20.09S,44.36W
1867-03-01,21.616,1.577,Santa Luzia,Brazil,20.09S,44.36W
1867-04-01,21.489,1.4680000000000002,Santa Luzia,Brazil,20.09S,44.36W
1867-05-01,19.139,0.915,Santa Luzia,Brazil,20.09S,44.36W
1867-06-01,18.236,1.073,Santa Luzia,Brazil,20.09S,44.36W
1867-07-01,17.776,1.216,Santa Luzia,Brazil,20.09S,44.36W
1867-08-01,19.869,1.39,Santa Luzia,Brazil,20.09S,44.36W
1867-09-01,20.769,0.991,Santa Luzia,Brazil,20.09S,44.36W
1867-10-01,21.077,1.703,Santa Luzia,Brazil,20.09S,44.36W
1867-11-01,21.263,3.5669999999999997,Santa Luzia,Brazil,20.09S,44.36W
1867-12-01,22.393,1.6640000000000001,Santa Luzia,Brazil,20.09S,44.36W
1868-01-01,23.155,1.6740000000000002,Santa Luzia,Brazil,20.09S,44.36W
1868-02-01,22.933000000000003,2.194,Santa Luzia,Brazil,20.09S,44.36W
1868-03-01,22.784000000000002,1.295,Santa Luzia,Brazil,20.09S,44.36W
1868-04-01,20.68,1.422,Santa Luzia,Brazil,20.09S,44.36W
1868-05-01,19.854,1.228,Santa Luzia,Brazil,20.09S,44.36W
1868-06-01,19.315,2.679,Santa Luzia,Brazil,20.09S,44.36W
1868-07-01,19.623,2.8289999999999997,Santa Luzia,Brazil,20.09S,44.36W
1868-08-01,20.148,1.8659999999999999,Santa Luzia,Brazil,20.09S,44.36W
1868-09-01,21.388,1.618,Santa Luzia,Brazil,20.09S,44.36W
1868-10-01,22.387,1.052,Santa Luzia,Brazil,20.09S,44.36W
1868-11-01,22.406,2.18,Santa Luzia,Brazil,20.09S,44.36W
1868-12-01,22.860000000000007,2.431,Santa Luzia,Brazil,20.09S,44.36W
1869-01-01,23.266,2.093,Santa Luzia,Brazil,20.09S,44.36W
1869-02-01,23.505000000000006,1.511,Santa Luzia,Brazil,20.09S,44.36W
1869-03-01,22.588,1.213,Santa Luzia,Brazil,20.09S,44.36W
1869-04-01,21.712,1.7730000000000001,Santa Luzia,Brazil,20.09S,44.36W
1869-05-01,20.691,1.291,Santa Luzia,Brazil,20.09S,44.36W
1869-06-01,19.855,3.737,Santa Luzia,Brazil,20.09S,44.36W
1869-07-01,18.826,2.096,Santa Luzia,Brazil,20.09S,44.36W
1869-08-01,19.781,1.339,Santa Luzia,Brazil,20.09S,44.36W
1869-09-01,21.175,1.008,Santa Luzia,Brazil,20.09S,44.36W
1869-10-01,21.712,1.15,Santa Luzia,Brazil,20.09S,44.36W
1869-11-01,21.906,0.991,Santa Luzia,Brazil,20.09S,44.36W
1869-12-01,21.803,1.34,Santa Luzia,Brazil,20.09S,44.36W
1870-01-01,23.045,1.604,Santa Luzia,Brazil,20.09S,44.36W
1870-02-01,23.365,2.029,Santa Luzia,Brazil,20.09S,44.36W
1870-03-01,22.644,1.139,Santa Luzia,Brazil,20.09S,44.36W
1870-04-01,21.531,1.841,Santa Luzia,Brazil,20.09S,44.36W
1870-05-01,20.398,1.5730000000000002,Santa Luzia,Brazil,20.09S,44.36W
1870-06-01,19.393,1.535,Santa Luzia,Brazil,20.09S,44.36W
1870-07-01,18.865,1.2570000000000001,Santa Luzia,Brazil,20.09S,44.36W
1870-08-01,19.533,1.2919999999999998,Santa Luzia,Brazil,20.09S,44.36W
1870-09-01,20.338,1.49,Santa Luzia,Brazil,20.09S,44.36W
1870-10-01,23.158,2.971,Santa Luzia,Brazil,20.09S,44.36W
1870-11-01,22.051,1.614,Santa Luzia,Brazil,20.09S,44.36W
1870-12-01,22.203000000000007,2.458,Santa Luzia,Brazil,20.09S,44.36W
1871-01-01,22.941999999999997,1.9380000000000002,Santa Luzia,Brazil,20.09S,44.36W
1871-02-01,23.156,2.0580000000000003,Santa Luzia,Brazil,20.09S,44.36W
1871-03-01,23.453000000000003,2.104,Santa Luzia,Brazil,20.09S,44.36W
1871-04-01,21.722,1.12,Santa Luzia,Brazil,20.09S,44.36W
1871-05-01,19.464000000000002,1.168,Santa Luzia,Brazil,20.09S,44.36W
1871-06-01,17.982,0.9570000000000001,Santa Luzia,Brazil,20.09S,44.36W
1871-07-01,17.767999999999994,1.165,Santa Luzia,Brazil,20.09S,44.36W
1871-08-01,19.592,0.941,Santa Luzia,Brazil,20.09S,44.36W
1871-09-01,21.221,1.2309999999999999,Santa Luzia,Brazil,20.09S,44.36W
1871-10-01,21.92,1.3119999999999998,Santa Luzia,Brazil,20.09S,44.36W
1871-11-01,21.545,1.214,Santa Luzia,Brazil,20.09S,44.36W
1871-12-01,22.092,0.983,Santa Luzia,Brazil,20.09S,44.36W
1872-01-01,23.461,3.717,Santa Luzia,Brazil,20.09S,44.36W
1872-02-01,23.621,2.417,Santa Luzia,Brazil,20.09S,44.36W
1872-03-01,23.410999999999998,2.239,Santa Luzia,Brazil,20.09S,44.36W
1872-04-01,20.651,0.902,Santa Luzia,Brazil,20.09S,44.36W
1872-05-01,18.862,1.222,Santa Luzia,Brazil,20.09S,44.36W
1872-06-01,17.502,1.429,Santa Luzia,Brazil,20.09S,44.36W
1872-07-01,17.485999999999994,1.683,Santa Luzia,Brazil,20.09S,44.36W
1872-08-01,19.657,0.995,Santa Luzia,Brazil,20.09S,44.36W
1872-09-01,21.761000000000006,1.681,Santa Luzia,Brazil,20.09S,44.36W
1872-10-01,21.534000000000002,1.662,Santa Luzia,Brazil,20.09S,44.36W
1872-11-01,22.016,1.412,Santa Luzia,Brazil,20.09S,44.36W
1872-12-01,21.994000000000003,2.4730000000000003,Santa Luzia,Brazil,20.09S,44.36W
1873-01-01,23.569000000000003,1.9080000000000001,Santa Luzia,Brazil,20.09S,44.36W
1873-02-01,23.244000000000003,1.357,Santa Luzia,Brazil,20.09S,44.36W
1873-03-01,22.311,1.0959999999999999,Santa Luzia,Brazil,20.09S,44.36W
1873-04-01,21.068,1.666,Santa Luzia,Brazil,20.09S,44.36W
1873-05-01,20.69,1.8559999999999999,Santa Luzia,Brazil,20.09S,44.36W
1873-06-01,18.711,1.016,Santa Luzia,Brazil,20.09S,44.36W
1873-07-01,18.367,1.403,Santa Luzia,Brazil,20.09S,44.36W
1873-08-01,20.035999999999998,1.173,Santa Luzia,Brazil,20.09S,44.36W
1873-09-01,21.131999999999998,1.996,Santa Luzia,Brazil,20.09S,44.36W
1873-10-01,21.673000000000002,0.9590000000000001,Santa Luzia,Brazil,20.09S,44.36W
1873-11-01,21.537,1.016,Santa Luzia,Brazil,20.09S,44.36W
1873-12-01,22.267000000000003,1.064,Santa Luzia,Brazil,20.09S,44.36W
1874-01-01,23.088,1.775,Santa Luzia,Brazil,20.09S,44.36W
1874-02-01,22.905,0.938,Santa Luzia,Brazil,20.09S,44.36W
1874-03-01,22.958,1.7730000000000001,Santa Luzia,Brazil,20.09S,44.36W
1874-04-01,21.472,0.88,Santa Luzia,Brazil,20.09S,44.36W
1874-05-01,18.947,1.351,Santa Luzia,Brazil,20.09S,44.36W
1874-06-01,17.691,1.8130000000000002,Santa Luzia,Brazil,20.09S,44.36W
1874-07-01,17.084999999999994,1.8519999999999999,Santa Luzia,Brazil,20.09S,44.36W
1874-08-01,18.555999999999997,2.6660000000000004,Santa Luzia,Brazil,20.09S,44.36W
1874-09-01,21.183000000000003,0.873,Santa Luzia,Brazil,20.09S,44.36W
1874-10-01,21.688000000000002,1.148,Santa Luzia,Brazil,20.09S,44.36W
1874-11-01,20.651999999999997,2.3409999999999997,Santa Luzia,Brazil,20.09S,44.36W
1874-12-01,20.697000000000006,2.77,Santa Luzia,Brazil,20.09S,44.36W
1875-01-01,21.939,1.2209999999999999,Santa Luzia,Brazil,20.09S,44.36W
1875-02-01,22.39,1.0979999999999999,Santa Luzia,Brazil,20.09S,44.36W
1875-03-01,21.383000000000003,1.171,Santa Luzia,Brazil,20.09S,44.36W
1875-04-01,20.246,1.6230000000000002,Santa Luzia,Brazil,20.09S,44.36W
1875-05-01,18.88,1.479,Santa Luzia,Brazil,20.09S,44.36W
1875-06-01,17.15,1.3719999999999999,Santa Luzia,Brazil,20.09S,44.36W
1875-07-01,16.680999999999994,2.468,Santa Luzia,Brazil,20.09S,44.36W
1875-08-01,18.104000000000006,1.646,Santa Luzia,Brazil,20.09S,44.36W
1875-09-01,20.108,1.327,Santa Luzia,Brazil,20.09S,44.36W
1875-10-01,21.209,0.9279999999999999,Santa Luzia,Brazil,20.09S,44.36W
1875-11-01,20.685,0.97,Santa Luzia,Brazil,20.09S,44.36W
1875-12-01,22.936999999999998,3.6719999999999997,Santa Luzia,Brazil,20.09S,44.36W
1876-01-01,22.625,1.358,Santa Luzia,Brazil,20.09S,44.36W
1876-02-01,22.238000000000003,1.3659999999999999,Santa Luzia,Brazil,20.09S,44.36W
1876-03-01,23.023000000000003,1.349,Santa Luzia,Brazil,20.09S,44.36W
1876-04-01,20.534000000000002,1.126,Santa Luzia,Brazil,20.09S,44.36W
1876-05-01,19.305,0.95,Santa Luzia,Brazil,20.09S,44.36W
1876-06-01,17.567,0.973,Santa Luzia,Brazil,20.09S,44.36W
1876-07-01,17.482,2.162,Santa Luzia,Brazil,20.09S,44.36W
1876-08-01,18.623,1.141,Santa Luzia,Brazil,20.09S,44.36W
1876-09-01,20.458,1.24,Santa Luzia,Brazil,20.09S,44.36W
1876-10-01,21.329,0.9640000000000001,Santa Luzia,Brazil,20.09S,44.36W
1876-11-01,20.699,1.2409999999999999,Santa Luzia,Brazil,20.09S,44.36W
1876-12-01,20.826,1.5119999999999998,Santa Luzia,Brazil,20.09S,44.36W
1877-01-01,21.64,2.537,Santa Luzia,Brazil,20.09S,44.36W
1877-02-01,22.849,1.41,Santa Luzia,Brazil,20.09S,44.36W
1877-03-01,22.984,2.175,Santa Luzia,Brazil,20.09S,44.36W
1877-04-01,21.721,0.97,Santa Luzia,Brazil,20.09S,44.36W
1877-05-01,19.296,0.9159999999999999,Santa Luzia,Brazil,20.09S,44.36W
1877-06-01,18.193,1.3330000000000002,Santa Luzia,Brazil,20.09S,44.36W
1877-07-01,19.466,1.982,Santa Luzia,Brazil,20.09S,44.36W
1877-08-01,19.67,1.272,Santa Luzia,Brazil,20.09S,44.36W
1877-09-01,21.326999999999998,1.004,Santa Luzia,Brazil,20.09S,44.36W
1877-10-01,21.995,1.304,Santa Luzia,Brazil,20.09S,44.36W
1877-11-01,22.275,1.042,Santa Luzia,Brazil,20.09S,44.36W
1877-12-01,22.105999999999998,2.039,Santa Luzia,Brazil,20.09S,44.36W
1878-01-01,22.913,1.892,Santa Luzia,Brazil,20.09S,44.36W
1878-02-01,24.659,2.481,Santa Luzia,Brazil,20.09S,44.36W
1878-03-01,24.823,1.25,Santa Luzia,Brazil,20.09S,44.36W
1878-04-01,22.693,2.053,Santa Luzia,Brazil,20.09S,44.36W
1878-05-01,18.762,1.339,Santa Luzia,Brazil,20.09S,44.36W
1878-06-01,19.158,2.059,Santa Luzia,Brazil,20.09S,44.36W
1878-07-01,18.98,1.9869999999999999,Santa Luzia,Brazil,20.09S,44.36W
1878-08-01,19.221,1.109,Santa Luzia,Brazil,20.09S,44.36W
1878-09-01,21.377,1.015,Santa Luzia,Brazil,20.09S,44.36W
1878-10-01,21.873,1.315,Santa Luzia,Brazil,20.09S,44.36W
1878-11-01,22.409000000000002,1.094,Santa Luzia,Brazil,20.09S,44.36W
1878-12-01,21.755000000000006,1.3230000000000002,Santa Luzia,Brazil,20.09S,44.36W
1879-01-01,22.874000000000002,1.899,Santa Luzia,Brazil,20.09S,44.36W
1879-02-01,22.819000000000006,1.053,Santa Luzia,Brazil,20.09S,44.36W
1879-03-01,22.143,1.082,Santa Luzia,Brazil,20.09S,44.36W
1879-04-01,20.227,1.0190000000000001,Santa Luzia,Brazil,20.09S,44.36W
1879-05-01,18.180999999999997,1.629,Santa Luzia,Brazil,20.09S,44.36W
1879-06-01,16.798,2.535,Santa Luzia,Brazil,20.09S,44.36W
1879-07-01,18.015,1.187,Santa Luzia,Brazil,20.09S,44.36W
1879-08-01,18.438,0.9570000000000001,Santa Luzia,Brazil,20.09S,44.36W
1879-09-01,19.755000000000006,1.245,Santa Luzia,Brazil,20.09S,44.36W
1879-10-01,20.967,1.8980000000000001,Santa Luzia,Brazil,20.09S,44.36W
1879-11-01,21.250999999999998,1.271,Santa Luzia,Brazil,20.09S,44.36W
1879-12-01,20.903,1.605,Santa Luzia,Brazil,20.09S,44.36W
1880-01-01,22.226,1.626,Santa Luzia,Brazil,20.09S,44.36W
1880-02-01,22.592,1.1420000000000001,Santa Luzia,Brazil,20.09S,44.36W
1880-03-01,22.885,1.683,Santa Luzia,Brazil,20.09S,44.36W
1880-04-01,21.169,2.418,Santa Luzia,Brazil,20.09S,44.36W
1880-05-01,19.933,1.621,Santa Luzia,Brazil,20.09S,44.36W
1880-06-01,18.877,1.453,Santa Luzia,Brazil,20.09S,44.36W
1880-07-01,18.812,2.024,Santa Luzia,Brazil,20.09S,44.36W
1880-08-01,20.948,2.306,Santa Luzia,Brazil,20.09S,44.36W
1880-09-01,20.878,2.7539999999999996,Santa Luzia,Brazil,20.09S,44.36W
1880-10-01,21.45,1.518,Santa Luzia,Brazil,20.09S,44.36W
1880-11-01,22.199,1.042,Santa Luzia,Brazil,20.09S,44.36W
1880-12-01,22.184,1.022,Santa Luzia,Brazil,20.09S,44.36W
1881-01-01,22.633000000000003,1.099,Santa Luzia,Brazil,20.09S,44.36W
1881-02-01,22.323,1.2890000000000001,Santa Luzia,Brazil,20.09S,44.36W
1881-03-01,22.967,0.902,Santa Luzia,Brazil,20.09S,44.36W
1881-04-01,20.775,1.137,Santa Luzia,Brazil,20.09S,44.36W
1881-05-01,19.345,0.9159999999999999,Santa Luzia,Brazil,20.09S,44.36W
1881-06-01,17.954,1.028,Santa Luzia,Brazil,20.09S,44.36W
1881-07-01,17.730999999999995,0.9079999999999999,Santa Luzia,Brazil,20.09S,44.36W
1881-08-01,18.521,1.625,Santa Luzia,Brazil,20.09S,44.36W
1881-09-01,20.980999999999998,1.006,Santa Luzia,Brazil,20.09S,44.36W
1881-10-01,21.334,1.429,Santa Luzia,Brazil,20.09S,44.36W
1881-11-01,21.281,0.941,Santa Luzia,Brazil,20.09S,44.36W
1881-12-01,21.495,1.194,Santa Luzia,Brazil,20.09S,44.36W
1882-01-01,22.023000000000003,2.7939999999999996,Santa Luzia,Brazil,20.09S,44.36W
1882-02-01,22.133000000000006,2.61,Santa Luzia,Brazil,20.09S,44.36W
1882-03-01,22.261999999999997,0.897,Santa Luzia,Brazil,20.09S,44.36W
1882-04-01,20.35,1.1179999999999999,Santa Luzia,Brazil,20.09S,44.36W
1882-05-01,18.78,1.3519999999999999,Santa Luzia,Brazil,20.09S,44.36W
1882-06-01,17.444000000000003,0.9640000000000001,Santa Luzia,Brazil,20.09S,44.36W
1882-07-01,16.785,1.006,Santa Luzia,Brazil,20.09S,44.36W
1882-08-01,18.82,1.775,Santa Luzia,Brazil,20.09S,44.36W
1882-09-01,19.937,1.298,Santa Luzia,Brazil,20.09S,44.36W
1882-10-01,21.334,1.0090000000000001,Santa Luzia,Brazil,20.09S,44.36W
1882-11-01,20.858,1.306,Santa Luzia,Brazil,20.09S,44.36W
1882-12-01,19.910000000000004,1.5430000000000001,Santa Luzia,Brazil,20.09S,44.36W
1883-01-01,21.13,2.011,Santa Luzia,Brazil,20.09S,44.36W
1883-02-01,22.179,1.2109999999999999,Santa Luzia,Brazil,20.09S,44.36W
1883-03-01,22.654,1.18,Santa Luzia,Brazil,20.09S,44.36W
1883-04-01,20.564,1.337,Santa Luzia,Brazil,20.09S,44.36W
1883-05-01,18.955,0.93,Santa Luzia,Brazil,20.09S,44.36W
1883-06-01,18.21,0.919,Santa Luzia,Brazil,20.09S,44.36W
1883-07-01,17.741,1.02,Santa Luzia,Brazil,20.09S,44.36W
1883-08-01,17.743000000000006,1.6230000000000002,Santa Luzia,Brazil,20.09S,44.36W
1883-09-01,20.319000000000006,0.853,Santa Luzia,Brazil,20.09S,44.36W
1883-10-01,21.262,1.0659999999999998,Santa Luzia,Brazil,20.09S,44.36W
1883-11-01,21.349,1.025,Santa Luzia,Brazil,20.09S,44.36W
1883-12-01,21.37,1.483,Santa Luzia,Brazil,20.09S,44.36W
1884-01-01,21.019000000000002,3.07,Santa Luzia,Brazil,20.09S,44.36W
1884-02-01,21.607000000000006,2.47,Santa Luzia,Brazil,20.09S,44.36W
1884-03-01,21.819000000000003,1.786,Santa Luzia,Brazil,20.09S,44.36W
1884-04-01,20.407,0.956,Santa Luzia,Brazil,20.09S,44.36W
1884-05-01,18.445999999999998,1.0290000000000001,Santa Luzia,Brazil,20.09S,44.36W
1884-06-01,17.435,1.705,Santa Luzia,Brazil,20.09S,44.36W
1884-07-01,17.753,1.317,Santa Luzia,Brazil,20.09S,44.36W
1884-08-01,20.21,1.0170000000000001,Santa Luzia,Brazil,20.09S,44.36W
1884-09-01,19.817,1.496,Santa Luzia,Brazil,20.09S,44.36W
1884-10-01,20.845,0.9670000000000001,Santa Luzia,Brazil,20.09S,44.36W
1884-11-01,21.368000000000002,1.062,Santa Luzia,Brazil,20.09S,44.36W
1884-12-01,21.302000000000003,1.4769999999999999,Santa Luzia,Brazil,20.09S,44.36W
1885-01-01,21.756,1.463,Santa Luzia,Brazil,20.09S,44.36W
1885-02-01,22.590000000000003,1.61,Santa Luzia,Brazil,20.09S,44.36W
1885-03-01,21.500999999999998,1.237,Santa Luzia,Brazil,20.09S,44.36W
1885-04-01,22.175,1.236,Santa Luzia,Brazil,20.09S,44.36W
1885-05-01,20.469,1.245,Santa Luzia,Brazil,20.09S,44.36W
1885-06-01,18.101,1.109,Santa Luzia,Brazil,20.09S,44.36W
1885-07-01,18.759,1.1840000000000002,Santa Luzia,Brazil,20.09S,44.36W
1885-08-01,19.135,1.13,Santa Luzia,Brazil,20.09S,44.36W
1885-09-01,20.984,0.878,Santa Luzia,Brazil,20.09S,44.36W
1885-10-01,21.406,0.99,Santa Luzia,Brazil,20.09S,44.36W
1885-11-01,22.695999999999998,1.7409999999999999,Santa Luzia,Brazil,20.09S,44.36W
1885-12-01,23.035,1.5519999999999998,Santa Luzia,Brazil,20.09S,44.36W
1886-01-01,22.851999999999997,2.0140000000000002,Santa Luzia,Brazil,20.09S,44.36W
1886-02-01,22.019,1.037,Santa Luzia,Brazil,20.09S,44.36W
1886-03-01,23.02,0.8909999999999999,Santa Luzia,Brazil,20.09S,44.36W
1886-04-01,21.486,0.812,Santa Luzia,Brazil,20.09S,44.36W
1886-05-01,18.264,1.105,Santa Luzia,Brazil,20.09S,44.36W
1886-06-01,16.659000000000002,1.319,Santa Luzia,Brazil,20.09S,44.36W
1886-07-01,16.534000000000002,1.033,Santa Luzia,Brazil,20.09S,44.36W
1886-08-01,17.748,1.004,Santa Luzia,Brazil,20.09S,44.36W
1886-09-01,20.495,0.795,Santa Luzia,Brazil,20.09S,44.36W
1886-10-01,20.995,0.929,Santa Luzia,Brazil,20.09S,44.36W
1886-11-01,21.889,0.94,Santa Luzia,Brazil,20.09S,44.36W
1886-12-01,21.701999999999998,1.426,Santa Luzia,Brazil,20.09S,44.36W
1887-01-01,22.648000000000003,1.345,Santa Luzia,Brazil,20.09S,44.36W
1887-02-01,22.988000000000003,1.527,Santa Luzia,Brazil,20.09S,44.36W
1887-03-01,21.772,1.078,Santa Luzia,Brazil,20.09S,44.36W
1887-04-01,20.996,0.79,Santa Luzia,Brazil,20.09S,44.36W
1887-05-01,18.480999999999998,0.8909999999999999,Santa Luzia,Brazil,20.09S,44.36W
1887-06-01,17.602,1.2670000000000001,Santa Luzia,Brazil,20.09S,44.36W
1887-07-01,17.096999999999998,1.044,Santa Luzia,Brazil,20.09S,44.36W
1887-08-01,20.025,1.666,Santa Luzia,Brazil,20.09S,44.36W
1887-09-01,21.024,1.067,Santa Luzia,Brazil,20.09S,44.36W
1887-10-01,22.318,1.145,Santa Luzia,Brazil,20.09S,44.36W
1887-11-01,21.535,1.486,Santa Luzia,Brazil,20.09S,44.36W
1887-12-01,23.070999999999998,1.4,Santa Luzia,Brazil,20.09S,44.36W
1888-01-01,21.197,2.31,Santa Luzia,Brazil,20.09S,44.36W
1888-02-01,22.861,1.195,Santa Luzia,Brazil,20.09S,44.36W
1888-03-01,22.253,0.852,Santa Luzia,Brazil,20.09S,44.36W
1888-04-01,20.365,0.968,Santa Luzia,Brazil,20.09S,44.36W
1888-05-01,19.124000000000002,0.858,Santa Luzia,Brazil,20.09S,44.36W
1888-06-01,17.714000000000002,0.8190000000000001,Santa Luzia,Brazil,20.09S,44.36W
1888-07-01,17.313,0.937,Santa Luzia,Brazil,20.09S,44.36W
1888-08-01,19.413,1.005,Santa Luzia,Brazil,20.09S,44.36W
1888-09-01,22.478,2.086,Santa Luzia,Brazil,20.09S,44.36W
1888-10-01,23.905,1.811,Santa Luzia,Brazil,20.09S,44.36W
1888-11-01,23.495,2.099,Santa Luzia,Brazil,20.09S,44.36W
1888-12-01,23.869000000000003,1.824,Santa Luzia,Brazil,20.09S,44.36W
1889-01-01,24.289,1.3019999999999998,Santa Luzia,Brazil,20.09S,44.36W
1889-02-01,24.441000000000006,1.033,Santa Luzia,Brazil,20.09S,44.36W
1889-03-01,24.151999999999997,1.2890000000000001,Santa Luzia,Brazil,20.09S,44.36W
1889-04-01,22.455,0.828,Santa Luzia,Brazil,20.09S,44.36W
1889-05-01,20.289,0.851,Santa Luzia,Brazil,20.09S,44.36W
1889-06-01,16.57,1.544,Santa Luzia,Brazil,20.09S,44.36W
1889-07-01,18.269000000000002,1.1059999999999999,Santa Luzia,Brazil,20.09S,44.36W
1889-08-01,18.884,1.334,Santa Luzia,Brazil,20.09S,44.36W
1889-09-01,19.398000000000003,1.031,Santa Luzia,Brazil,20.09S,44.36W
1889-10-01,21.512,0.841,Santa Luzia,Brazil,20.09S,44.36W
1889-11-01,22.318,1.003,Santa Luzia,Brazil,20.09S,44.36W
1889-12-01,24.28,1.5919999999999999,Santa Luzia,Brazil,20.09S,44.36W
1890-01-01,23.1,0.894,Santa Luzia,Brazil,20.09S,44.36W
1890-02-01,23.406,1.082,Santa Luzia,Brazil,20.09S,44.36W
1890-03-01,23.151999999999997,1.097,Santa Luzia,Brazil,20.09S,44.36W
1890-04-01,20.286,1.399,Santa Luzia,Brazil,20.09S,44.36W
1890-05-01,19.043,1.092,Santa Luzia,Brazil,20.09S,44.36W
1890-06-01,16.564,0.895,Santa Luzia,Brazil,20.09S,44.36W
1890-07-01,17.442,1.141,Santa Luzia,Brazil,20.09S,44.36W
1890-08-01,18.615,0.961,Santa Luzia,Brazil,20.09S,44.36W
1890-09-01,21.355,0.94,Santa Luzia,Brazil,20.09S,44.36W
1890-10-01,21.132,1.26,Santa Luzia,Brazil,20.09S,44.36W
1890-11-01,21.414,1.547,Santa Luzia,Brazil,20.09S,44.36W
1890-12-01,22.055999999999997,1.044,Santa Luzia,Brazil,20.09S,44.36W
1891-01-01,22.746,1.006,Santa Luzia,Brazil,20.09S,44.36W
1891-02-01,23.274,1.188,Santa Luzia,Brazil,20.09S,44.36W
1891-03-01,22.897,0.747,Santa Luzia,Brazil,20.09S,44.36W
1891-04-01,21.257,0.7190000000000001,Santa Luzia,Brazil,20.09S,44.36W
1891-05-01,19.105999999999998,0.807,Santa Luzia,Brazil,20.09S,44.36W
1891-06-01,18.403,0.8640000000000001,Santa Luzia,Brazil,20.09S,44.36W
1891-07-01,17.322,0.7659999999999999,Santa Luzia,Brazil,20.09S,44.36W
1891-08-01,18.48,1.0290000000000001,Santa Luzia,Brazil,20.09S,44.36W
1891-09-01,20.888,0.871,Santa Luzia,Brazil,20.09S,44.36W
1891-10-01,21.667,1.167,Santa Luzia,Brazil,20.09S,44.36W
1891-11-01,21.979,0.951,Santa Luzia,Brazil,20.09S,44.36W
1891-12-01,21.889000000000006,0.872,Santa Luzia,Brazil,20.09S,44.36W
1892-01-01,23.286,0.897,Santa Luzia,Brazil,20.09S,44.36W
1892-02-01,23.83,0.841,Santa Luzia,Brazil,20.09S,44.36W
1892-03-01,23.866,1.795,Santa Luzia,Brazil,20.09S,44.36W
1892-04-01,20.903000000000002,1.035,Santa Luzia,Brazil,20.09S,44.36W
1892-05-01,18.281,0.9279999999999999,Santa Luzia,Brazil,20.09S,44.36W
1892-06-01,17.506,0.862,Santa Luzia,Brazil,20.09S,44.36W
1892-07-01,16.250999999999998,1.619,Santa Luzia,Brazil,20.09S,44.36W
1892-08-01,18.480999999999998,1.001,Santa Luzia,Brazil,20.09S,44.36W
1892-09-01,20.397,0.7909999999999999,Santa Luzia,Brazil,20.09S,44.36W
1892-10-01,21.306,0.8809999999999999,Santa Luzia,Brazil,20.09S,44.36W
1892-11-01,21.699,1.0759999999999998,Santa Luzia,Brazil,20.09S,44.36W
1892-12-01,21.604000000000006,2.8,Santa Luzia,Brazil,20.09S,44.36W
1893-01-01,22.607,1.063,Santa Luzia,Brazil,20.09S,44.36W
1893-02-01,21.699,0.858,Santa Luzia,Brazil,20.09S,44.36W
1893-03-01,22.509,0.9,Santa Luzia,Brazil,20.09S,44.36W
1893-04-01,20.2,1.014,Santa Luzia,Brazil,20.09S,44.36W
1893-05-01,18.649,0.905,Santa Luzia,Brazil,20.09S,44.36W
1893-06-01,17.183,1.197,Santa Luzia,Brazil,20.09S,44.36W
1893-07-01,16.95,1.197,Santa Luzia,Brazil,20.09S,44.36W
1893-08-01,17.730999999999998,0.997,Santa Luzia,Brazil,20.09S,44.36W
1893-09-01,19.363,1.122,Santa Luzia,Brazil,20.09S,44.36W
1893-10-01,20.686,1.26,Santa Luzia,Brazil,20.09S,44.36W
1893-11-01,20.631,1.025,Santa Luzia,Brazil,20.09S,44.36W
1893-12-01,21.928,0.848,Santa Luzia,Brazil,20.09S,44.36W
1894-01-01,24.135,1.476,Santa Luzia,Brazil,20.09S,44.36W
1894-02-01,24.123,1.234,Santa Luzia,Brazil,20.09S,44.36W
1894-03-01,22.820999999999998,0.8859999999999999,Santa Luzia,Brazil,20.09S,44.36W
1894-04-01,20.46,0.871,Santa Luzia,Brazil,20.09S,44.36W
1894-05-01,18.979,1.4080000000000001,Santa Luzia,Brazil,20.09S,44.36W
1894-06-01,15.92,1.171,Santa Luzia,Brazil,20.09S,44.36W
1894-07-01,16.595,1.087,Santa Luzia,Brazil,20.09S,44.36W
1894-08-01,19.028,0.937,Santa Luzia,Brazil,20.09S,44.36W
1894-09-01,21.055,0.7829999999999999,Santa Luzia,Brazil,20.09S,44.36W
1894-10-01,22.954,0.973,Santa Luzia,Brazil,20.09S,44.36W
1894-11-01,22.252,1.063,Santa Luzia,Brazil,20.09S,44.36W
1894-12-01,22.340999999999998,1.002,Santa Luzia,Brazil,20.09S,44.36W
1895-01-01,22.563000000000002,0.981,Santa Luzia,Brazil,20.09S,44.36W
1895-02-01,22.055000000000003,0.804,Santa Luzia,Brazil,20.09S,44.36W
1895-03-01,22.401,1.716,Santa Luzia,Brazil,20.09S,44.36W
1895-04-01,21.016,1.166,Santa Luzia,Brazil,20.09S,44.36W
1895-05-01,19.102999999999998,0.9470000000000001,Santa Luzia,Brazil,20.09S,44.36W
1895-06-01,17.339000000000002,1.092,Santa Luzia,Brazil,20.09S,44.36W
1895-07-01,17.246,0.9179999999999999,Santa Luzia,Brazil,20.09S,44.36W
1895-08-01,19.256,0.779,Santa Luzia,Brazil,20.09S,44.36W
1895-09-01,20.031,0.9790000000000001,Santa Luzia,Brazil,20.09S,44.36W
1895-10-01,21.739,0.8170000000000001,Santa Luzia,Brazil,20.09S,44.36W
1895-11-01,21.924,1.253,Santa Luzia,Brazil,20.09S,44.36W
1895-12-01,23.389000000000006,1.6280000000000001,Santa Luzia,Brazil,20.09S,44.36W
1896-01-01,22.07,0.845,Santa Luzia,Brazil,20.09S,44.36W
1896-02-01,23.256999999999998,1.001,Santa Luzia,Brazil,20.09S,44.36W
1896-03-01,22.399,1.012,Santa Luzia,Brazil,20.09S,44.36W
1896-04-01,19.938,0.693,Santa Luzia,Brazil,20.09S,44.36W
1896-05-01,18.194000000000003,0.59,Santa Luzia,Brazil,20.09S,44.36W
1896-06-01,17.781,0.802,Santa Luzia,Brazil,20.09S,44.36W
1896-07-01,16.912999999999997,0.7340000000000001,Santa Luzia,Brazil,20.09S,44.36W
1896-08-01,19.222,0.695,Santa Luzia,Brazil,20.09S,44.36W
1896-09-01,20.865,1.022,Santa Luzia,Brazil,20.09S,44.36W
1896-10-01,21.757,0.9490000000000001,Santa Luzia,Brazil,20.09S,44.36W
1896-11-01,22.403000000000002,0.768,Santa Luzia,Brazil,20.09S,44.36W
1896-12-01,23.643,0.9440000000000001,Santa Luzia,Brazil,20.09S,44.36W
1897-01-01,22.746,1.25,Santa Luzia,Brazil,20.09S,44.36W
1897-02-01,22.555000000000003,1.139,Santa Luzia,Brazil,20.09S,44.36W
1897-03-01,22.221999999999998,1.163,Santa Luzia,Brazil,20.09S,44.36W
1897-04-01,22.18,1.225,Santa Luzia,Brazil,20.09S,44.36W
1897-05-01,20.121,0.98,Santa Luzia,Brazil,20.09S,44.36W
1897-06-01,17.09,1.236,Santa Luzia,Brazil,20.09S,44.36W
1897-07-01,16.398999999999994,0.9159999999999999,Santa Luzia,Brazil,20.09S,44.36W
1897-08-01,18.795,1.17,Santa Luzia,Brazil,20.09S,44.36W
1897-09-01,19.829,0.7190000000000001,Santa Luzia,Brazil,20.09S,44.36W
1897-10-01,21.506,0.8320000000000001,Santa Luzia,Brazil,20.09S,44.36W
1897-11-01,21.588,0.8290000000000001,Santa Luzia,Brazil,20.09S,44.36W
1897-12-01,22.790000000000006,0.8009999999999999,Santa Luzia,Brazil,20.09S,44.36W
1898-01-01,23.547,1.347,Santa Luzia,Brazil,20.09S,44.36W
1898-02-01,23.578000000000007,0.6990000000000001,Santa Luzia,Brazil,20.09S,44.36W
1898-03-01,23.129,0.905,Santa Luzia,Brazil,20.09S,44.36W
1898-04-01,21.816999999999997,0.56,Santa Luzia,Brazil,20.09S,44.36W
1898-05-01,18.7,1.298,Santa Luzia,Brazil,20.09S,44.36W
1898-06-01,18.566,0.9259999999999999,Santa Luzia,Brazil,20.09S,44.36W
1898-07-01,17.915,0.9990000000000001,Santa Luzia,Brazil,20.09S,44.36W
1898-08-01,19.28,0.904,Santa Luzia,Brazil,20.09S,44.36W
1898-09-01,19.630000000000006,0.625,Santa Luzia,Brazil,20.09S,44.36W
1898-10-01,20.666,0.588,Santa Luzia,Brazil,20.09S,44.36W
1898-11-01,21.612,0.65,Santa Luzia,Brazil,20.09S,44.36W
1898-12-01,22.339,0.9209999999999999,Santa Luzia,Brazil,20.09S,44.36W
1899-01-01,22.487,0.725,Santa Luzia,Brazil,20.09S,44.36W
1899-02-01,23.022,0.9790000000000001,Santa Luzia,Brazil,20.09S,44.36W
1899-03-01,23.877,0.8140000000000001,Santa Luzia,Brazil,20.09S,44.36W
1899-04-01,22.188000000000002,0.754,Santa Luzia,Brazil,20.09S,44.36W
1899-05-01,20.158,0.9129999999999999,Santa Luzia,Brazil,20.09S,44.36W
1899-06-01,16.922,0.938,Santa Luzia,Brazil,20.09S,44.36W
1899-07-01,17.855999999999995,0.8079999999999999,Santa Luzia,Brazil,20.09S,44.36W
1899-08-01,20.21,1.0659999999999998,Santa Luzia,Brazil,20.09S,44.36W
1899-09-01,20.903,0.8420000000000001,Santa Luzia,Brazil,20.09S,44.36W
1899-10-01,22.072,1.348,Santa Luzia,Brazil,20.09S,44.36W
1899-11-01,22.691,0.951,Santa Luzia,Brazil,20.09S,44.36W
1899-12-01,21.645000000000003,0.828,Santa Luzia,Brazil,20.09S,44.36W
1900-01-01,22.124000000000002,0.638,Santa Luzia,Brazil,20.09S,44.36W
1900-02-01,22.688,0.961,Santa Luzia,Brazil,20.09S,44.36W
1900-03-01,23.285999999999998,1.42,Santa Luzia,Brazil,20.09S,44.36W
1900-04-01,20.606,1.109,Santa Luzia,Brazil,20.09S,44.36W
1900-05-01,19.557000000000002,1.558,Santa Luzia,Brazil,20.09S,44.36W
1900-06-01,17.794999999999995,1.2770000000000001,Santa Luzia,Brazil,20.09S,44.36W
1900-07-01,18.45,1.357,Santa Luzia,Brazil,20.09S,44.36W
1900-08-01,19.412000000000006,0.9990000000000001,Santa Luzia,Brazil,20.09S,44.36W
1900-09-01,20.831000000000003,1.245,Santa Luzia,Brazil,20.09S,44.36W
1900-10-01,21.998,1.128,Santa Luzia,Brazil,20.09S,44.36W
1900-11-01,22.026,0.9490000000000001,Santa Luzia,Brazil,20.09S,44.36W
1900-12-01,22.531,0.743,Santa Luzia,Brazil,20.09S,44.36W
1901-01-01,22.515,0.94,Santa Luzia,Brazil,20.09S,44.36W
1901-02-01,23.238000000000003,1.757,Santa Luzia,Brazil,20.09S,44.36W
1901-03-01,22.676,1.49,Santa Luzia,Brazil,20.09S,44.36W
1901-04-01,21.123,1.205,Santa Luzia,Brazil,20.09S,44.36W
1901-05-01,18.835,0.9209999999999999,Santa Luzia,Brazil,20.09S,44.36W
1901-06-01,17.035,1.03,Santa Luzia,Brazil,20.09S,44.36W
1901-07-01,18.367,0.759,Santa Luzia,Brazil,20.09S,44.36W
1901-08-01,19.545,0.7759999999999999,Santa Luzia,Brazil,20.09S,44.36W
1901-09-01,21.134,1.3619999999999999,Santa Luzia,Brazil,20.09S,44.36W
1901-10-01,21.932,1.39,Santa Luzia,Brazil,20.09S,44.36W
1901-11-01,21.59,1.504,Santa Luzia,Brazil,20.09S,44.36W
1901-12-01,20.853,0.795,Santa Luzia,Brazil,20.09S,44.36W
1902-01-01,22.495,1.093,Santa Luzia,Brazil,20.09S,44.36W
1902-02-01,23.349,0.633,Santa Luzia,Brazil,20.09S,44.36W
1902-03-01,22.326999999999998,0.49700000000000005,Santa Luzia,Brazil,20.09S,44.36W
1902-04-01,21.306,0.45,Santa Luzia,Brazil,20.09S,44.36W
1902-05-01,19.805,0.7140000000000001,Santa Luzia,Brazil,20.09S,44.36W
1902-06-01,18.555,0.847,Santa Luzia,Brazil,20.09S,44.36W
1902-07-01,18.849,0.9129999999999999,Santa Luzia,Brazil,20.09S,44.36W
1902-08-01,18.719,1.1640000000000001,Santa Luzia,Brazil,20.09S,44.36W
1902-09-01,20.838,0.708,Santa Luzia,Brazil,20.09S,44.36W
1902-10-01,21.568,0.747,Santa Luzia,Brazil,20.09S,44.36W
1902-11-01,23.641,1.291,Santa Luzia,Brazil,20.09S,44.36W
1902-12-01,23.394,1.25,Santa Luzia,Brazil,20.09S,44.36W
1903-01-01,22.035,1.298,Santa Luzia,Brazil,20.09S,44.36W
1903-02-01,23.465000000000003,0.85,Santa Luzia,Brazil,20.09S,44.36W
1903-03-01,23.726,0.7709999999999999,Santa Luzia,Brazil,20.09S,44.36W
1903-04-01,20.818,1.065,Santa Luzia,Brazil,20.09S,44.36W
1903-05-01,18.799,0.937,Santa Luzia,Brazil,20.09S,44.36W
1903-06-01,18.74,0.8109999999999999,Santa Luzia,Brazil,20.09S,44.36W
1903-07-01,17.456999999999994,0.802,Santa Luzia,Brazil,20.09S,44.36W
1903-08-01,19.479000000000006,0.833,Santa Luzia,Brazil,20.09S,44.36W
1903-09-01,20.51,1.4280000000000002,Santa Luzia,Brazil,20.09S,44.36W
1903-10-01,21.585,0.86,Santa Luzia,Brazil,20.09S,44.36W
1903-11-01,22.361,0.914,Santa Luzia,Brazil,20.09S,44.36W
1903-12-01,23.024,0.9209999999999999,Santa Luzia,Brazil,20.09S,44.36W
1904-01-01,22.497,0.784,Santa Luzia,Brazil,20.09S,44.36W
1904-02-01,22.843000000000004,1.124,Santa Luzia,Brazil,20.09S,44.36W
1904-03-01,22.45,0.941,Santa Luzia,Brazil,20.09S,44.36W
1904-04-01,20.021,1.151,Santa Luzia,Brazil,20.09S,44.36W
1904-05-01,17.678,0.9440000000000001,Santa Luzia,Brazil,20.09S,44.36W
1904-06-01,16.205,1.757,Santa Luzia,Brazil,20.09S,44.36W
1904-07-01,16.654999999999998,1.6480000000000001,Santa Luzia,Brazil,20.09S,44.36W
1904-08-01,18.041,2.13,Santa Luzia,Brazil,20.09S,44.36W
1904-09-01,20.159,2.073,Santa Luzia,Brazil,20.09S,44.36W
1904-10-01,20.638,1.984,Santa Luzia,Brazil,20.09S,44.36W
1904-11-01,21.491999999999997,1.225,Santa Luzia,Brazil,20.09S,44.36W
1904-12-01,21.686999999999998,0.517,Santa Luzia,Brazil,20.09S,44.36W
1905-01-01,21.866,0.735,Santa Luzia,Brazil,20.09S,44.36W
1905-02-01,23.141,0.728,Santa Luzia,Brazil,20.09S,44.36W
1905-03-01,21.951999999999998,1.131,Santa Luzia,Brazil,20.09S,44.36W
1905-04-01,21.13,0.925,Santa Luzia,Brazil,20.09S,44.36W
1905-05-01,20.749000000000002,1.202,Santa Luzia,Brazil,20.09S,44.36W
1905-06-01,18.719,1.247,Santa Luzia,Brazil,20.09S,44.36W
1905-07-01,18.268,1.153,Santa Luzia,Brazil,20.09S,44.36W
1905-08-01,19.767000000000003,1.068,Santa Luzia,Brazil,20.09S,44.36W
1905-09-01,21.171999999999997,0.746,Santa Luzia,Brazil,20.09S,44.36W
1905-10-01,23.059,0.488,Santa Luzia,Brazil,20.09S,44.36W
1905-11-01,22.456999999999997,1.0070000000000001,Santa Luzia,Brazil,20.09S,44.36W
1905-12-01,23.146,0.7759999999999999,Santa Luzia,Brazil,20.09S,44.36W
1906-01-01,21.747,1.111,Santa Luzia,Brazil,20.09S,44.36W
1906-02-01,22.333,0.89,Santa Luzia,Brazil,20.09S,44.36W
1906-03-01,21.789,0.49200000000000005,Santa Luzia,Brazil,20.09S,44.36W
1906-04-01,20.698,0.74,Santa Luzia,Brazil,20.09S,44.36W
1906-05-01,19.938,1.117,Santa Luzia,Brazil,20.09S,44.36W
1906-06-01,18.933,1.198,Santa Luzia,Brazil,20.09S,44.36W
1906-07-01,18.324,1.425,Santa Luzia,Brazil,20.09S,44.36W
1906-08-01,19.700000000000006,0.79,Santa Luzia,Brazil,20.09S,44.36W
1906-09-01,20.686,0.9209999999999999,Santa Luzia,Brazil,20.09S,44.36W
1906-10-01,22.033,0.8220000000000001,Santa Luzia,Brazil,20.09S,44.36W
1906-11-01,22.418000000000003,0.7120000000000001,Santa Luzia,Brazil,20.09S,44.36W
1906-12-01,22.570999999999998,0.755,Santa Luzia,Brazil,20.09S,44.36W
1907-01-01,22.023000000000003,0.905,Santa Luzia,Brazil,20.09S,44.36W
1907-02-01,22.75,0.665,Santa Luzia,Brazil,20.09S,44.36W
1907-03-01,22.451999999999998,0.757,Santa Luzia,Brazil,20.09S,44.36W
1907-04-01,21.16,0.8490000000000001,Santa Luzia,Brazil,20.09S,44.36W
1907-05-01,18.447,1.138,Santa Luzia,Brazil,20.09S,44.36W
1907-06-01,18.46,1.157,Santa Luzia,Brazil,20.09S,44.36W
1907-07-01,16.558999999999994,1.2790000000000001,Santa Luzia,Brazil,20.09S,44.36W
1907-08-01,17.98,0.792,Santa Luzia,Brazil,20.09S,44.36W
1907-09-01,21.790000000000006,0.795,Santa Luzia,Brazil,20.09S,44.36W
1907-10-01,21.387,0.627,Santa Luzia,Brazil,20.09S,44.36W
1907-11-01,21.997,0.48100000000000004,Santa Luzia,Brazil,20.09S,44.36W
1907-12-01,22.603,0.8290000000000001,Santa Luzia,Brazil,20.09S,44.36W
1908-01-01,22.662,0.8,Santa Luzia,Brazil,20.09S,44.36W
1908-02-01,22.726999999999997,0.846,Santa Luzia,Brazil,20.09S,44.36W
1908-03-01,21.926,0.46799999999999997,Santa Luzia,Brazil,20.09S,44.36W
1908-04-01,21.226,0.625,Santa Luzia,Brazil,20.09S,44.36W
1908-05-01,19.38,0.932,Santa Luzia,Brazil,20.09S,44.36W
1908-06-01,18.243,1.067,Santa Luzia,Brazil,20.09S,44.36W
1908-07-01,18.508,0.638,Santa Luzia,Brazil,20.09S,44.36W
1908-08-01,18.815,1.035,Santa Luzia,Brazil,20.09S,44.36W
1908-09-01,21.105,0.785,Santa Luzia,Brazil,20.09S,44.36W
1908-10-01,21.522,0.675,Santa Luzia,Brazil,20.09S,44.36W
1908-11-01,22.224,1.0,Santa Luzia,Brazil,20.09S,44.36W
1908-12-01,23.003,0.877,Santa Luzia,Brazil,20.09S,44.36W
1909-01-01,22.612,1.091,Santa Luzia,Brazil,20.09S,44.36W
1909-02-01,24.046000000000006,0.742,Santa Luzia,Brazil,20.09S,44.36W
1909-03-01,22.479,1.297,Santa Luzia,Brazil,20.09S,44.36W
1909-04-01,20.534000000000002,1.062,Santa Luzia,Brazil,20.09S,44.36W
1909-05-01,18.32,0.753,Santa Luzia,Brazil,20.09S,44.36W
1909-06-01,17.726,0.74,Santa Luzia,Brazil,20.09S,44.36W
1909-07-01,17.787,1.234,Santa Luzia,Brazil,20.09S,44.36W
1909-08-01,18.735000000000007,1.235,Santa Luzia,Brazil,20.09S,44.36W
1909-09-01,20.516,0.7759999999999999,Santa Luzia,Brazil,20.09S,44.36W
1909-10-01,20.526,1.187,Santa Luzia,Brazil,20.09S,44.36W
1909-11-01,21.855,0.636,Santa Luzia,Brazil,20.09S,44.36W
1909-12-01,21.633000000000006,0.955,Santa Luzia,Brazil,20.09S,44.36W
1910-01-01,23.058000000000003,0.642,Santa Luzia,Brazil,20.09S,44.36W
1910-02-01,23.201,1.198,Santa Luzia,Brazil,20.09S,44.36W
1910-03-01,22.983,0.715,Santa Luzia,Brazil,20.09S,44.36W
1910-04-01,21.946,0.615,Santa Luzia,Brazil,20.09S,44.36W
1910-05-01,18.19,0.892,Santa Luzia,Brazil,20.09S,44.36W
1910-06-01,18.588,0.591,Santa Luzia,Brazil,20.09S,44.36W
1910-07-01,17.247999999999998,0.747,Santa Luzia,Brazil,20.09S,44.36W
1910-08-01,19.832,0.6559999999999999,Santa Luzia,Brazil,20.09S,44.36W
1910-09-01,20.888,0.721,Santa Luzia,Brazil,20.09S,44.36W
1910-10-01,20.652,0.935,Santa Luzia,Brazil,20.09S,44.36W
1910-11-01,21.33,0.82,Santa Luzia,Brazil,20.09S,44.36W
1910-12-01,21.765,1.056,Santa Luzia,Brazil,20.09S,44.36W
1911-01-01,22.854,0.679,Santa Luzia,Brazil,20.09S,44.36W
1911-02-01,23.052000000000003,0.583,Santa Luzia,Brazil,20.09S,44.36W
1911-03-01,21.541,0.603,Santa Luzia,Brazil,20.09S,44.36W
1911-04-01,21.065,0.985,Santa Luzia,Brazil,20.09S,44.36W
1911-05-01,19.144,0.782,Santa Luzia,Brazil,20.09S,44.36W
1911-06-01,17.031,0.715,Santa Luzia,Brazil,20.09S,44.36W
1911-07-01,16.619,0.625,Santa Luzia,Brazil,20.09S,44.36W
1911-08-01,18.852,0.6809999999999999,Santa Luzia,Brazil,20.09S,44.36W
1911-09-01,20.726000000000006,0.502,Santa Luzia,Brazil,20.09S,44.36W
1911-10-01,21.327,0.569,Santa Luzia,Brazil,20.09S,44.36W
1911-11-01,23.394000000000002,1.0390000000000001,Santa Luzia,Brazil,20.09S,44.36W
1911-12-01,22.828000000000007,0.674,Santa Luzia,Brazil,20.09S,44.36W
1912-01-01,22.587,0.953,Santa Luzia,Brazil,20.09S,44.36W
1912-02-01,23.296999999999997,0.62,Santa Luzia,Brazil,20.09S,44.36W
1912-03-01,22.156999999999996,0.595,Santa Luzia,Brazil,20.09S,44.36W
1912-04-01,21.162,0.7290000000000001,Santa Luzia,Brazil,20.09S,44.36W
1912-05-01,20.531,0.6920000000000001,Santa Luzia,Brazil,20.09S,44.36W
1912-06-01,18.444000000000003,0.429,Santa Luzia,Brazil,20.09S,44.36W
1912-07-01,17.101999999999997,0.993,Santa Luzia,Brazil,20.09S,44.36W
1912-08-01,19.192,0.9329999999999999,Santa Luzia,Brazil,20.09S,44.36W
1912-09-01,19.16,0.644,Santa Luzia,Brazil,20.09S,44.36W
1912-10-01,20.781999999999996,0.6459999999999999,Santa Luzia,Brazil,20.09S,44.36W
1912-11-01,22.581999999999997,0.8540000000000001,Santa Luzia,Brazil,20.09S,44.36W
1912-12-01,21.761000000000006,0.406,Santa Luzia,Brazil,20.09S,44.36W
1913-01-01,22.263,0.45799999999999996,Santa Luzia,Brazil,20.09S,44.36W
1913-02-01,23.003,0.73,Santa Luzia,Brazil,20.09S,44.36W
1913-03-01,23.21,0.428,Santa Luzia,Brazil,20.09S,44.36W
1913-04-01,21.638,0.713,Santa Luzia,Brazil,20.09S,44.36W
1913-05-01,19.51,0.528,Santa Luzia,Brazil,20.09S,44.36W
1913-06-01,17.743,0.672,Santa Luzia,Brazil,20.09S,44.36W
1913-07-01,18.562,0.7559999999999999,Santa Luzia,Brazil,20.09S,44.36W
1913-08-01,19.316000000000006,0.488,Santa Luzia,Brazil,20.09S,44.36W
1913-09-01,21.287000000000006,0.585,Santa Luzia,Brazil,20.09S,44.36W
1913-10-01,22.008000000000003,0.584,Santa Luzia,Brazil,20.09S,44.36W
1913-11-01,22.188000000000002,0.603,Santa Luzia,Brazil,20.09S,44.36W
1913-12-01,21.74,0.8959999999999999,Santa Luzia,Brazil,20.09S,44.36W
1914-01-01,22.952,0.8220000000000001,Santa Luzia,Brazil,20.09S,44.36W
1914-02-01,22.666,0.586,Santa Luzia,Brazil,20.09S,44.36W
1914-03-01,23.359,0.638,Santa Luzia,Brazil,20.09S,44.36W
1914-04-01,21.124000000000002,0.795,Santa Luzia,Brazil,20.09S,44.36W
1914-05-01,18.667,0.6920000000000001,Santa Luzia,Brazil,20.09S,44.36W
1914-06-01,19.844,0.5710000000000001,Santa Luzia,Brazil,20.09S,44.36W
1914-07-01,19.28,0.6409999999999999,Santa Luzia,Brazil,20.09S,44.36W
1914-08-01,19.678,0.578,Santa Luzia,Brazil,20.09S,44.36W
1914-09-01,22.281999999999996,0.602,Santa Luzia,Brazil,20.09S,44.36W
1914-10-01,22.682,0.474,Santa Luzia,Brazil,20.09S,44.36W
1914-11-01,23.000999999999998,1.158,Santa Luzia,Brazil,20.09S,44.36W
1914-12-01,21.956000000000003,0.807,Santa Luzia,Brazil,20.09S,44.36W
1915-01-01,23.125,1.219,Santa Luzia,Brazil,20.09S,44.36W
1915-02-01,23.601999999999997,1.013,Santa Luzia,Brazil,20.09S,44.36W
1915-03-01,22.823,0.8809999999999999,Santa Luzia,Brazil,20.09S,44.36W
1915-04-01,22.607,0.713,Santa Luzia,Brazil,20.09S,44.36W
1915-05-01,21.69,0.799,Santa Luzia,Brazil,20.09S,44.36W
1915-06-01,18.492,0.857,Santa Luzia,Brazil,20.09S,44.36W
1915-07-01,18.416,0.65,Santa Luzia,Brazil,20.09S,44.36W
1915-08-01,20.266,0.499,Santa Luzia,Brazil,20.09S,44.36W
1915-09-01,21.539,0.564,Santa Luzia,Brazil,20.09S,44.36W
1915-10-01,21.458000000000002,0.555,Santa Luzia,Brazil,20.09S,44.36W
1915-11-01,21.401999999999997,0.496,Santa Luzia,Brazil,20.09S,44.36W
1915-12-01,22.041,1.092,Santa Luzia,Brazil,20.09S,44.36W
1916-01-01,22.264,0.955,Santa Luzia,Brazil,20.09S,44.36W
1916-02-01,22.439,0.8220000000000001,Santa Luzia,Brazil,20.09S,44.36W
1916-03-01,21.8,0.614,Santa Luzia,Brazil,20.09S,44.36W
1916-04-01,20.714000000000002,0.723,Santa Luzia,Brazil,20.09S,44.36W
1916-05-01,19.922,0.63,Santa Luzia,Brazil,20.09S,44.36W
1916-06-01,18.694000000000003,0.39899999999999997,Santa Luzia,Brazil,20.09S,44.36W
1916-07-01,17.813,0.495,Santa Luzia,Brazil,20.09S,44.36W
1916-08-01,19.684,0.769,Santa Luzia,Brazil,20.09S,44.36W
1916-09-01,22.259,0.7609999999999999,Santa Luzia,Brazil,20.09S,44.36W
1916-10-01,21.031999999999996,0.429,Santa Luzia,Brazil,20.09S,44.36W
1916-11-01,21.998,0.439,Santa Luzia,Brazil,20.09S,44.36W
1916-12-01,21.349,0.6829999999999999,Santa Luzia,Brazil,20.09S,44.36W
1917-01-01,22.059,0.7929999999999999,Santa Luzia,Brazil,20.09S,44.36W
1917-02-01,22.209000000000003,0.685,Santa Luzia,Brazil,20.09S,44.36W
1917-03-01,22.000999999999998,0.47200000000000003,Santa Luzia,Brazil,20.09S,44.36W
1917-04-01,20.25,0.608,Santa Luzia,Brazil,20.09S,44.36W
1917-05-01,17.528,0.629,Santa Luzia,Brazil,20.09S,44.36W
1917-06-01,16.34,0.564,Santa Luzia,Brazil,20.09S,44.36W
1917-07-01,17.183,1.399,Santa Luzia,Brazil,20.09S,44.36W
1917-08-01,18.473000000000006,1.074,Santa Luzia,Brazil,20.09S,44.36W
1917-09-01,20.761999999999997,0.6659999999999999,Santa Luzia,Brazil,20.09S,44.36W
1917-10-01,21.093000000000004,0.7290000000000001,Santa Luzia,Brazil,20.09S,44.36W
1917-11-01,20.853,0.9259999999999999,Santa Luzia,Brazil,20.09S,44.36W
1917-12-01,21.453000000000007,0.5660000000000001,Santa Luzia,Brazil,20.09S,44.36W
1918-01-01,22.588,0.7659999999999999,Santa Luzia,Brazil,20.09S,44.36W
1918-02-01,22.401999999999997,0.8320000000000001,Santa Luzia,Brazil,20.09S,44.36W
1918-03-01,22.168000000000003,0.9590000000000001,Santa Luzia,Brazil,20.09S,44.36W
1918-04-01,20.841,0.8909999999999999,Santa Luzia,Brazil,20.09S,44.36W
1918-05-01,19.679,0.7390000000000001,Santa Luzia,Brazil,20.09S,44.36W
1918-06-01,17.646,0.475,Santa Luzia,Brazil,20.09S,44.36W
1918-07-01,17.067,0.821,Santa Luzia,Brazil,20.09S,44.36W
1918-08-01,18.012999999999998,0.544,Santa Luzia,Brazil,20.09S,44.36W
1918-09-01,20.540000000000006,0.532,Santa Luzia,Brazil,20.09S,44.36W
1918-10-01,21.599,0.596,Santa Luzia,Brazil,20.09S,44.36W
1918-11-01,21.875,0.509,Santa Luzia,Brazil,20.09S,44.36W
1918-12-01,21.763,0.748,Santa Luzia,Brazil,20.09S,44.36W
1919-01-01,21.873,0.838,Santa Luzia,Brazil,20.09S,44.36W
1919-02-01,22.26,0.726,Santa Luzia,Brazil,20.09S,44.36W
1919-03-01,22.163,1.248,Santa Luzia,Brazil,20.09S,44.36W
1919-04-01,21.305,1.383,Santa Luzia,Brazil,20.09S,44.36W
1919-05-01,20.504,0.9329999999999999,Santa Luzia,Brazil,20.09S,44.36W
1919-06-01,18.456,1.5030000000000001,Santa Luzia,Brazil,20.09S,44.36W
1919-07-01,18.037,1.381,Santa Luzia,Brazil,20.09S,44.36W
1919-08-01,18.299000000000003,1.0490000000000002,Santa Luzia,Brazil,20.09S,44.36W
1919-09-01,20.971,0.894,Santa Luzia,Brazil,20.09S,44.36W
1919-10-01,22.281,0.479,Santa Luzia,Brazil,20.09S,44.36W
1919-11-01,22.596,0.904,Santa Luzia,Brazil,20.09S,44.36W
1919-12-01,22.136999999999997,0.828,Santa Luzia,Brazil,20.09S,44.36W
1920-01-01,22.944000000000003,1.2690000000000001,Santa Luzia,Brazil,20.09S,44.36W
1920-02-01,22.978,1.015,Santa Luzia,Brazil,20.09S,44.36W
1920-03-01,22.605,0.8440000000000001,Santa Luzia,Brazil,20.09S,44.36W
1920-04-01,21.655,1.216,Santa Luzia,Brazil,20.09S,44.36W
1920-05-01,18.899,0.541,Santa Luzia,Brazil,20.09S,44.36W
1920-06-01,18.088,0.34,Santa Luzia,Brazil,20.09S,44.36W
1920-07-01,18.484,0.8,Santa Luzia,Brazil,20.09S,44.36W
1920-08-01,17.747,0.39899999999999997,Santa Luzia,Brazil,20.09S,44.36W
1920-09-01,20.112,0.568,Santa Luzia,Brazil,20.09S,44.36W
1920-10-01,21.793000000000003,0.823,Santa Luzia,Brazil,20.09S,44.36W
1920-11-01,22.254,0.733,Santa Luzia,Brazil,20.09S,44.36W
1920-12-01,21.928,0.838,Santa Luzia,Brazil,20.09S,44.36W
1921-01-01,22.6,0.8140000000000001,Santa Luzia,Brazil,20.09S,44.36W
1921-02-01,23.515,0.359,Santa Luzia,Brazil,20.09S,44.36W
1921-03-01,23.122,0.515,Santa Luzia,Brazil,20.09S,44.36W
1921-04-01,20.644000000000002,0.44299999999999995,Santa Luzia,Brazil,20.09S,44.36W
1921-05-01,19.387999999999998,0.461,Santa Luzia,Brazil,20.09S,44.36W
1921-06-01,16.358,2.332,Santa Luzia,Brazil,20.09S,44.36W
1921-07-01,16.598,0.493,Santa Luzia,Brazil,20.09S,44.36W
1921-08-01,20.320999999999998,0.718,Santa Luzia,Brazil,20.09S,44.36W
1921-09-01,20.639000000000006,1.036,Santa Luzia,Brazil,20.09S,44.36W
1921-10-01,21.133000000000003,0.8809999999999999,Santa Luzia,Brazil,20.09S,44.36W
1921-11-01,21.391,1.33,Santa Luzia,Brazil,20.09S,44.36W
1921-12-01,22.057,0.46,Santa Luzia,Brazil,20.09S,44.36W
1922-01-01,22.857,0.7170000000000001,Santa Luzia,Brazil,20.09S,44.36W
1922-02-01,23.151999999999997,0.5670000000000001,Santa Luzia,Brazil,20.09S,44.36W
1922-03-01,22.965999999999998,0.6779999999999999,Santa Luzia,Brazil,20.09S,44.36W
1922-04-01,21.48,0.501,Santa Luzia,Brazil,20.09S,44.36W
1922-05-01,19.881,0.506,Santa Luzia,Brazil,20.09S,44.36W
1922-06-01,18.453,0.8320000000000001,Santa Luzia,Brazil,20.09S,44.36W
1922-07-01,17.9,0.897,Santa Luzia,Brazil,20.09S,44.36W
1922-08-01,20.289,0.444,Santa Luzia,Brazil,20.09S,44.36W
1922-09-01,21.389000000000006,0.537,Santa Luzia,Brazil,20.09S,44.36W
1922-10-01,21.223000000000003,0.455,Santa Luzia,Brazil,20.09S,44.36W
1922-11-01,21.883000000000003,0.528,Santa Luzia,Brazil,20.09S,44.36W
1922-12-01,22.342,0.376,Santa Luzia,Brazil,20.09S,44.36W
1923-01-01,22.449,1.196,Santa Luzia,Brazil,20.09S,44.36W
1923-02-01,22.768,0.42,Santa Luzia,Brazil,20.09S,44.36W
1923-03-01,22.938000000000002,0.7120000000000001,Santa Luzia,Brazil,20.09S,44.36W
1923-04-01,22.046,0.478,Santa Luzia,Brazil,20.09S,44.36W
1923-05-01,19.468,0.7190000000000001,Santa Luzia,Brazil,20.09S,44.36W
1923-06-01,18.022000000000002,0.765,Santa Luzia,Brazil,20.09S,44.36W
1923-07-01,16.366999999999994,0.726,Santa Luzia,Brazil,20.09S,44.36W
1923-08-01,19.130000000000006,0.884,Santa Luzia,Brazil,20.09S,44.36W
1923-09-01,20.012999999999998,2.255,Santa Luzia,Brazil,20.09S,44.36W
1923-10-01,21.014,0.9490000000000001,Santa Luzia,Brazil,20.09S,44.36W
1923-11-01,21.829,0.7659999999999999,Santa Luzia,Brazil,20.09S,44.36W
1923-12-01,23.49,0.611,Santa Luzia,Brazil,20.09S,44.36W
1924-01-01,22.217,0.34299999999999997,Santa Luzia,Brazil,20.09S,44.36W
1924-02-01,22.625,0.792,Santa Luzia,Brazil,20.09S,44.36W
1924-03-01,23.211,0.38799999999999996,Santa Luzia,Brazil,20.09S,44.36W
1924-04-01,21.9,0.391,Santa Luzia,Brazil,20.09S,44.36W
1924-05-01,19.967,0.275,Santa Luzia,Brazil,20.09S,44.36W
1924-06-01,18.245,0.301,Santa Luzia,Brazil,20.09S,44.36W
1924-07-01,17.583,0.446,Santa Luzia,Brazil,20.09S,44.36W
1924-08-01,18.34,0.315,Santa Luzia,Brazil,20.09S,44.36W
1924-09-01,20.829,0.28300000000000003,Santa Luzia,Brazil,20.09S,44.36W
1924-10-01,20.433,0.271,Santa Luzia,Brazil,20.09S,44.36W
1924-11-01,21.548,0.299,Santa Luzia,Brazil,20.09S,44.36W
1924-12-01,21.498,0.519,Santa Luzia,Brazil,20.09S,44.36W
1925-01-01,22.436,0.767,Santa Luzia,Brazil,20.09S,44.36W
1925-02-01,23.23,0.43799999999999994,Santa Luzia,Brazil,20.09S,44.36W
1925-03-01,22.313000000000002,0.47,Santa Luzia,Brazil,20.09S,44.36W
1925-04-01,22.214000000000002,0.29600000000000004,Santa Luzia,Brazil,20.09S,44.36W
1925-05-01,19.95,0.574,Santa Luzia,Brazil,20.09S,44.36W
1925-06-01,17.397000000000002,0.386,Santa Luzia,Brazil,20.09S,44.36W
1925-07-01,16.764,0.507,Santa Luzia,Brazil,20.09S,44.36W
1925-08-01,20.137,0.7859999999999999,Santa Luzia,Brazil,20.09S,44.36W
1925-09-01,20.44,1.3230000000000002,Santa Luzia,Brazil,20.09S,44.36W
1925-10-01,20.154,1.109,Santa Luzia,Brazil,20.09S,44.36W
1925-11-01,21.607,0.565,Santa Luzia,Brazil,20.09S,44.36W
1925-12-01,22.616000000000003,0.47200000000000003,Santa Luzia,Brazil,20.09S,44.36W
1926-01-01,22.947,0.5539999999999999,Santa Luzia,Brazil,20.09S,44.36W
1926-02-01,22.215999999999998,0.61,Santa Luzia,Brazil,20.09S,44.36W
1926-03-01,22.551,0.7140000000000001,Santa Luzia,Brazil,20.09S,44.36W
1926-04-01,21.119,0.386,Santa Luzia,Brazil,20.09S,44.36W
1926-05-01,19.233,0.37,Santa Luzia,Brazil,20.09S,44.36W
1926-06-01,18.742,0.261,Santa Luzia,Brazil,20.09S,44.36W
1926-07-01,17.116999999999994,0.8690000000000001,Santa Luzia,Brazil,20.09S,44.36W
1926-08-01,19.383000000000006,0.319,Santa Luzia,Brazil,20.09S,44.36W
1926-09-01,22.456999999999997,0.677,Santa Luzia,Brazil,20.09S,44.36W
1926-10-01,21.919,0.547,Santa Luzia,Brazil,20.09S,44.36W
1926-11-01,22.625,0.28,Santa Luzia,Brazil,20.09S,44.36W
1926-12-01,22.342,0.45399999999999996,Santa Luzia,Brazil,20.09S,44.36W
1927-01-01,22.736,0.589,Santa Luzia,Brazil,20.09S,44.36W
1927-02-01,23.005000000000006,0.5479999999999999,Santa Luzia,Brazil,20.09S,44.36W
1927-03-01,23.676,1.327,Santa Luzia,Brazil,20.09S,44.36W
1927-04-01,21.686,0.361,Santa Luzia,Brazil,20.09S,44.36W
1927-05-01,19.058,0.669,Santa Luzia,Brazil,20.09S,44.36W
1927-06-01,17.991,0.35600000000000004,Santa Luzia,Brazil,20.09S,44.36W
1927-07-01,17.342,0.696,Santa Luzia,Brazil,20.09S,44.36W
1927-08-01,19.55,1.113,Santa Luzia,Brazil,20.09S,44.36W
1927-09-01,20.748,0.623,Santa Luzia,Brazil,20.09S,44.36W
1927-10-01,22.017,0.34700000000000003,Santa Luzia,Brazil,20.09S,44.36W
1927-11-01,23.019000000000002,0.88,Santa Luzia,Brazil,20.09S,44.36W
1927-12-01,22.750999999999998,0.7440000000000001,Santa Luzia,Brazil,20.09S,44.36W
1928-01-01,22.565,0.389,Santa Luzia,Brazil,20.09S,44.36W
1928-02-01,23.747000000000003,0.361,Santa Luzia,Brazil,20.09S,44.36W
1928-03-01,24.08,0.978,Santa Luzia,Brazil,20.09S,44.36W
1928-04-01,22.839000000000002,0.452,Santa Luzia,Brazil,20.09S,44.36W
1928-05-01,20.395,0.452,Santa Luzia,Brazil,20.09S,44.36W
1928-06-01,19.406,0.5329999999999999,Santa Luzia,Brazil,20.09S,44.36W
1928-07-01,18.28,0.371,Santa Luzia,Brazil,20.09S,44.36W
1928-08-01,19.105999999999998,0.39899999999999997,Santa Luzia,Brazil,20.09S,44.36W
1928-09-01,21.249,0.742,Santa Luzia,Brazil,20.09S,44.36W
1928-10-01,21.403000000000002,0.502,Santa Luzia,Brazil,20.09S,44.36W
1928-11-01,22.009,0.36200000000000004,Santa Luzia,Brazil,20.09S,44.36W
1928-12-01,22.108,0.466,Santa Luzia,Brazil,20.09S,44.36W
1929-01-01,23.28,0.853,Santa Luzia,Brazil,20.09S,44.36W
1929-02-01,23.136000000000006,0.392,Santa Luzia,Brazil,20.09S,44.36W
1929-03-01,23.005,0.501,Santa Luzia,Brazil,20.09S,44.36W
1929-04-01,20.087,0.379,Santa Luzia,Brazil,20.09S,44.36W
1929-05-01,18.509,0.57,Santa Luzia,Brazil,20.09S,44.36W
1929-06-01,18.198,0.439,Santa Luzia,Brazil,20.09S,44.36W
1929-07-01,17.375,0.56,Santa Luzia,Brazil,20.09S,44.36W
1929-08-01,19.675,0.557,Santa Luzia,Brazil,20.09S,44.36W
1929-09-01,21.781999999999996,0.214,Santa Luzia,Brazil,20.09S,44.36W
1929-10-01,23.077,0.38,Santa Luzia,Brazil,20.09S,44.36W
1929-11-01,21.965999999999998,0.809,Santa Luzia,Brazil,20.09S,44.36W
1929-12-01,23.363000000000003,0.6729999999999999,Santa Luzia,Brazil,20.09S,44.36W
1930-01-01,23.678,0.752,Santa Luzia,Brazil,20.09S,44.36W
1930-02-01,23.241999999999997,0.35200000000000004,Santa Luzia,Brazil,20.09S,44.36W
1930-03-01,23.525,0.541,Santa Luzia,Brazil,20.09S,44.36W
1930-04-01,20.736,0.419,Santa Luzia,Brazil,20.09S,44.36W
1930-05-01,19.765,0.387,Santa Luzia,Brazil,20.09S,44.36W
1930-06-01,19.372,0.413,Santa Luzia,Brazil,20.09S,44.36W
1930-07-01,18.602,0.63,Santa Luzia,Brazil,20.09S,44.36W
1930-08-01,20.081000000000003,0.429,Santa Luzia,Brazil,20.09S,44.36W
1930-09-01,20.961,0.619,Santa Luzia,Brazil,20.09S,44.36W
1930-10-01,22.131,1.054,Santa Luzia,Brazil,20.09S,44.36W
1930-11-01,21.165,0.209,Santa Luzia,Brazil,20.09S,44.36W
1930-12-01,21.943,0.287,Santa Luzia,Brazil,20.09S,44.36W
1931-01-01,23.582,0.9209999999999999,Santa Luzia,Brazil,20.09S,44.36W
1931-02-01,21.930000000000003,0.688,Santa Luzia,Brazil,20.09S,44.36W
1931-03-01,22.825,0.31,Santa Luzia,Brazil,20.09S,44.36W
1931-04-01,21.788,0.252,Santa Luzia,Brazil,20.09S,44.36W
1931-05-01,19.646,0.43799999999999994,Santa Luzia,Brazil,20.09S,44.36W
1931-06-01,18.242,0.377,Santa Luzia,Brazil,20.09S,44.36W
1931-07-01,18.234,0.38299999999999995,Santa Luzia,Brazil,20.09S,44.36W
1931-08-01,18.387999999999998,0.387,Santa Luzia,Brazil,20.09S,44.36W
1931-09-01,20.698,0.628,Santa Luzia,Brazil,20.09S,44.36W
1931-10-01,21.706,0.7340000000000001,Santa Luzia,Brazil,20.09S,44.36W
1931-11-01,21.936999999999998,0.743,Santa Luzia,Brazil,20.09S,44.36W
1931-12-01,22.941999999999997,0.787,Santa Luzia,Brazil,20.09S,44.36W
1932-01-01,21.765,0.304,Santa Luzia,Brazil,20.09S,44.36W
1932-02-01,23.739,0.445,Santa Luzia,Brazil,20.09S,44.36W
1932-03-01,23.389,0.5870000000000001,Santa Luzia,Brazil,20.09S,44.36W
1932-04-01,22.632,0.336,Santa Luzia,Brazil,20.09S,44.36W
1932-05-01,20.122,0.341,Santa Luzia,Brazil,20.09S,44.36W
1932-06-01,18.844,0.508,Santa Luzia,Brazil,20.09S,44.36W
1932-07-01,19.029,0.423,Santa Luzia,Brazil,20.09S,44.36W
1932-08-01,19.123,0.293,Santa Luzia,Brazil,20.09S,44.36W
1932-09-01,21.764000000000006,0.752,Santa Luzia,Brazil,20.09S,44.36W
1932-10-01,22.835,0.652,Santa Luzia,Brazil,20.09S,44.36W
1932-11-01,22.435,0.731,Santa Luzia,Brazil,20.09S,44.36W
1932-12-01,22.813,0.616,Santa Luzia,Brazil,20.09S,44.36W
1933-01-01,22.395,0.506,Santa Luzia,Brazil,20.09S,44.36W
1933-02-01,23.539,0.622,Santa Luzia,Brazil,20.09S,44.36W
1933-03-01,22.351,0.27,Santa Luzia,Brazil,20.09S,44.36W
1933-04-01,20.182000000000002,0.318,Santa Luzia,Brazil,20.09S,44.36W
1933-05-01,18.803,0.293,Santa Luzia,Brazil,20.09S,44.36W
1933-06-01,17.049,0.6409999999999999,Santa Luzia,Brazil,20.09S,44.36W
1933-07-01,17.561,0.5539999999999999,Santa Luzia,Brazil,20.09S,44.36W
1933-08-01,19.049000000000003,0.475,Santa Luzia,Brazil,20.09S,44.36W
1933-09-01,20.985000000000007,0.303,Santa Luzia,Brazil,20.09S,44.36W
1933-10-01,21.513,0.419,Santa Luzia,Brazil,20.09S,44.36W
1933-11-01,20.939,0.574,Santa Luzia,Brazil,20.09S,44.36W
1933-12-01,21.448,0.7040000000000001,Santa Luzia,Brazil,20.09S,44.36W
1934-01-01,22.888,0.672,Santa Luzia,Brazil,20.09S,44.36W
1934-02-01,23.809,0.9359999999999999,Santa Luzia,Brazil,20.09S,44.36W
1934-03-01,23.272,0.564,Santa Luzia,Brazil,20.09S,44.36W
1934-04-01,22.131,0.336,Santa Luzia,Brazil,20.09S,44.36W
1934-05-01,19.415,1.0,Santa Luzia,Brazil,20.09S,44.36W
1934-06-01,18.314,0.7190000000000001,Santa Luzia,Brazil,20.09S,44.36W
1934-07-01,17.163999999999998,0.66,Santa Luzia,Brazil,20.09S,44.36W
1934-08-01,19.299000000000003,0.446,Santa Luzia,Brazil,20.09S,44.36W
1934-09-01,21.22,0.5579999999999999,Santa Luzia,Brazil,20.09S,44.36W
1934-10-01,21.102,0.893,Santa Luzia,Brazil,20.09S,44.36W
1934-11-01,22.299,0.754,Santa Luzia,Brazil,20.09S,44.36W
1934-12-01,22.386000000000006,1.0,Santa Luzia,Brazil,20.09S,44.36W
1935-01-01,22.435,0.603,Santa Luzia,Brazil,20.09S,44.36W
1935-02-01,23.33,0.486,Santa Luzia,Brazil,20.09S,44.36W
1935-03-01,23.521,0.616,Santa Luzia,Brazil,20.09S,44.36W
1935-04-01,20.748,0.9059999999999999,Santa Luzia,Brazil,20.09S,44.36W
1935-05-01,18.430999999999997,0.49200000000000005,Santa Luzia,Brazil,20.09S,44.36W
1935-06-01,19.097,0.297,Santa Luzia,Brazil,20.09S,44.36W
1935-07-01,19.218,0.9279999999999999,Santa Luzia,Brazil,20.09S,44.36W
1935-08-01,19.447000000000006,0.607,Santa Luzia,Brazil,20.09S,44.36W
1935-09-01,21.279,0.598,Santa Luzia,Brazil,20.09S,44.36W
1935-10-01,22.593000000000004,1.115,Santa Luzia,Brazil,20.09S,44.36W
1935-11-01,22.215,0.648,Santa Luzia,Brazil,20.09S,44.36W
1935-12-01,22.933000000000003,0.973,Santa Luzia,Brazil,20.09S,44.36W
1936-01-01,23.238000000000003,0.509,Santa Luzia,Brazil,20.09S,44.36W
1936-02-01,22.706000000000003,0.414,Santa Luzia,Brazil,20.09S,44.36W
1936-03-01,22.778000000000002,0.382,Santa Luzia,Brazil,20.09S,44.36W
1936-04-01,21.754,0.44,Santa Luzia,Brazil,20.09S,44.36W
1936-05-01,21.229,0.41700000000000004,Santa Luzia,Brazil,20.09S,44.36W
1936-06-01,19.558,0.47,Santa Luzia,Brazil,20.09S,44.36W
1936-07-01,18.552,0.319,Santa Luzia,Brazil,20.09S,44.36W
1936-08-01,19.078000000000007,0.905,Santa Luzia,Brazil,20.09S,44.36W
1936-09-01,20.860000000000007,0.363,Santa Luzia,Brazil,20.09S,44.36W
1936-10-01,22.191999999999997,0.713,Santa Luzia,Brazil,20.09S,44.36W
1936-11-01,22.296,0.5329999999999999,Santa Luzia,Brazil,20.09S,44.36W
1936-12-01,22.225,0.568,Santa Luzia,Brazil,20.09S,44.36W
1937-01-01,22.063000000000002,0.72,Santa Luzia,Brazil,20.09S,44.36W
1937-02-01,23.489,0.465,Santa Luzia,Brazil,20.09S,44.36W
1937-03-01,23.248,0.606,Santa Luzia,Brazil,20.09S,44.36W
1937-04-01,21.173000000000002,0.904,Santa Luzia,Brazil,20.09S,44.36W
1937-05-01,18.906,0.639,Santa Luzia,Brazil,20.09S,44.36W
1937-06-01,18.61,0.27899999999999997,Santa Luzia,Brazil,20.09S,44.36W
1937-07-01,18.786,0.44299999999999995,Santa Luzia,Brazil,20.09S,44.36W
1937-08-01,20.698,0.736,Santa Luzia,Brazil,20.09S,44.36W
1937-09-01,20.897,0.636,Santa Luzia,Brazil,20.09S,44.36W
1937-10-01,21.683000000000003,0.293,Santa Luzia,Brazil,20.09S,44.36W
1937-11-01,21.698,0.456,Santa Luzia,Brazil,20.09S,44.36W
1937-12-01,21.238000000000003,0.619,Santa Luzia,Brazil,20.09S,44.36W
1938-01-01,23.868000000000002,0.47700000000000004,Santa Luzia,Brazil,20.09S,44.36W
1938-02-01,23.410999999999998,0.57,Santa Luzia,Brazil,20.09S,44.36W
1938-03-01,23.682,0.368,Santa Luzia,Brazil,20.09S,44.36W
1938-04-01,21.507,0.7929999999999999,Santa Luzia,Brazil,20.09S,44.36W
1938-05-01,19.773,0.823,Santa Luzia,Brazil,20.09S,44.36W
1938-06-01,18.262,0.508,Santa Luzia,Brazil,20.09S,44.36W
1938-07-01,17.974999999999994,0.56,Santa Luzia,Brazil,20.09S,44.36W
1938-08-01,19.227999999999998,0.324,Santa Luzia,Brazil,20.09S,44.36W
1938-09-01,21.133000000000006,0.342,Santa Luzia,Brazil,20.09S,44.36W
1938-10-01,21.891,0.527,Santa Luzia,Brazil,20.09S,44.36W
1938-11-01,22.338,0.594,Santa Luzia,Brazil,20.09S,44.36W
1938-12-01,22.014000000000006,0.43700000000000006,Santa Luzia,Brazil,20.09S,44.36W
1939-01-01,23.069000000000003,0.6609999999999999,Santa Luzia,Brazil,20.09S,44.36W
1939-02-01,23.432,0.679,Santa Luzia,Brazil,20.09S,44.36W
1939-03-01,23.994,0.879,Santa Luzia,Brazil,20.09S,44.36W
1939-04-01,21.723000000000003,0.6809999999999999,Santa Luzia,Brazil,20.09S,44.36W
1939-05-01,20.826,0.439,Santa Luzia,Brazil,20.09S,44.36W
1939-06-01,19.036,0.909,Santa Luzia,Brazil,20.09S,44.36W
1939-07-01,17.314999999999998,0.45899999999999996,Santa Luzia,Brazil,20.09S,44.36W
1939-08-01,19.789,0.61,Santa Luzia,Brazil,20.09S,44.36W
1939-09-01,20.654,0.508,Santa Luzia,Brazil,20.09S,44.36W
1939-10-01,21.616,1.0490000000000002,Santa Luzia,Brazil,20.09S,44.36W
1939-11-01,22.686999999999998,0.637,Santa Luzia,Brazil,20.09S,44.36W
1939-12-01,22.489,0.379,Santa Luzia,Brazil,20.09S,44.36W
1940-01-01,23.188000000000002,0.48200000000000004,Santa Luzia,Brazil,20.09S,44.36W
1940-02-01,22.843000000000004,0.46799999999999997,Santa Luzia,Brazil,20.09S,44.36W
1940-03-01,23.109,0.769,Santa Luzia,Brazil,20.09S,44.36W
1940-04-01,22.3,0.331,Santa Luzia,Brazil,20.09S,44.36W
1940-05-01,20.695999999999998,0.295,Santa Luzia,Brazil,20.09S,44.36W
1940-06-01,18.72,0.6970000000000001,Santa Luzia,Brazil,20.09S,44.36W
1940-07-01,19.095,0.9590000000000001,Santa Luzia,Brazil,20.09S,44.36W
1940-08-01,19.812,0.44799999999999995,Santa Luzia,Brazil,20.09S,44.36W
1940-09-01,20.576999999999998,1.002,Santa Luzia,Brazil,20.09S,44.36W
1940-10-01,21.88,0.5870000000000001,Santa Luzia,Brazil,20.09S,44.36W
1940-11-01,21.569000000000003,0.905,Santa Luzia,Brazil,20.09S,44.36W
1940-12-01,23.820999999999998,0.8759999999999999,Santa Luzia,Brazil,20.09S,44.36W
1941-01-01,23.776,1.649,Santa Luzia,Brazil,20.09S,44.36W
1941-02-01,24.311,0.6709999999999999,Santa Luzia,Brazil,20.09S,44.36W
1941-03-01,22.954,0.465,Santa Luzia,Brazil,20.09S,44.36W
1941-04-01,22.927,0.44,Santa Luzia,Brazil,20.09S,44.36W
1941-05-01,20.454,0.337,Santa Luzia,Brazil,20.09S,44.36W
1941-06-01,17.799,0.43700000000000006,Santa Luzia,Brazil,20.09S,44.36W
1941-07-01,17.985,0.483,Santa Luzia,Brazil,20.09S,44.36W
1941-08-01,20.745,0.281,Santa Luzia,Brazil,20.09S,44.36W
1941-09-01,19.847,1.7380000000000002,Santa Luzia,Brazil,20.09S,44.36W
1941-10-01,21.711,0.7,Santa Luzia,Brazil,20.09S,44.36W
1941-11-01,22.778000000000002,1.46,Santa Luzia,Brazil,20.09S,44.36W
1941-12-01,22.576,0.655,Santa Luzia,Brazil,20.09S,44.36W
1942-01-01,23.694000000000003,0.177,Santa Luzia,Brazil,20.09S,44.36W
1942-02-01,24.086,0.652,Santa Luzia,Brazil,20.09S,44.36W
1942-03-01,23.699,0.188,Santa Luzia,Brazil,20.09S,44.36W
1942-04-01,21.635,0.557,Santa Luzia,Brazil,20.09S,44.36W
1942-05-01,19.909000000000002,0.507,Santa Luzia,Brazil,20.09S,44.36W
1942-06-01,18.188,0.8640000000000001,Santa Luzia,Brazil,20.09S,44.36W
1942-07-01,16.662,0.7040000000000001,Santa Luzia,Brazil,20.09S,44.36W
1942-08-01,19.401,0.537,Santa Luzia,Brazil,20.09S,44.36W
1942-09-01,21.021,0.465,Santa Luzia,Brazil,20.09S,44.36W
1942-10-01,21.89,0.5710000000000001,Santa Luzia,Brazil,20.09S,44.36W
1942-11-01,22.143,1.254,Santa Luzia,Brazil,20.09S,44.36W
1942-12-01,21.592,0.525,Santa Luzia,Brazil,20.09S,44.36W
1943-01-01,22.392,0.358,Santa Luzia,Brazil,20.09S,44.36W
1943-02-01,23.156999999999996,0.449,Santa Luzia,Brazil,20.09S,44.36W
1943-03-01,23.24,0.7559999999999999,Santa Luzia,Brazil,20.09S,44.36W
1943-04-01,20.139,0.569,Santa Luzia,Brazil,20.09S,44.36W
1943-05-01,19.756,1.449,Santa Luzia,Brazil,20.09S,44.36W
1943-06-01,18.922,0.8959999999999999,Santa Luzia,Brazil,20.09S,44.36W
1943-07-01,17.898,1.146,Santa Luzia,Brazil,20.09S,44.36W
1943-08-01,18.055999999999997,0.583,Santa Luzia,Brazil,20.09S,44.36W
1943-09-01,20.127,0.8240000000000001,Santa Luzia,Brazil,20.09S,44.36W
1943-10-01,21.495,0.359,Santa Luzia,Brazil,20.09S,44.36W
1943-11-01,22.128,0.778,Santa Luzia,Brazil,20.09S,44.36W
1943-12-01,21.529000000000003,1.089,Santa Luzia,Brazil,20.09S,44.36W
1944-01-01,23.216,0.7040000000000001,Santa Luzia,Brazil,20.09S,44.36W
1944-02-01,23.020000000000003,0.264,Santa Luzia,Brazil,20.09S,44.36W
1944-03-01,23.9,0.631,Santa Luzia,Brazil,20.09S,44.36W
1944-04-01,20.796999999999997,0.8290000000000001,Santa Luzia,Brazil,20.09S,44.36W
1944-05-01,18.679,0.6,Santa Luzia,Brazil,20.09S,44.36W
1944-06-01,18.477,0.395,Santa Luzia,Brazil,20.09S,44.36W
1944-07-01,17.182000000000002,0.439,Santa Luzia,Brazil,20.09S,44.36W
1944-08-01,19.46,1.325,Santa Luzia,Brazil,20.09S,44.36W
1944-09-01,21.473000000000006,0.594,Santa Luzia,Brazil,20.09S,44.36W
1944-10-01,23.183000000000003,0.738,Santa Luzia,Brazil,20.09S,44.36W
1944-11-01,21.845,0.242,Santa Luzia,Brazil,20.09S,44.36W
1944-12-01,21.965999999999998,0.608,Santa Luzia,Brazil,20.09S,44.36W
1945-01-01,22.653000000000002,0.601,Santa Luzia,Brazil,20.09S,44.36W
1945-02-01,23.424000000000003,0.925,Santa Luzia,Brazil,20.09S,44.36W
1945-03-01,23.022,0.349,Santa Luzia,Brazil,20.09S,44.36W
1945-04-01,21.208000000000002,0.547,Santa Luzia,Brazil,20.09S,44.36W
1945-05-01,18.16,0.281,Santa Luzia,Brazil,20.09S,44.36W
1945-06-01,17.192,0.237,Santa Luzia,Brazil,20.09S,44.36W
1945-07-01,17.756999999999994,0.419,Santa Luzia,Brazil,20.09S,44.36W
1945-08-01,20.586,0.512,Santa Luzia,Brazil,20.09S,44.36W
1945-09-01,20.183,0.902,Santa Luzia,Brazil,20.09S,44.36W
1945-10-01,21.605,0.764,Santa Luzia,Brazil,20.09S,44.36W
1945-11-01,21.962,0.65,Santa Luzia,Brazil,20.09S,44.36W
1945-12-01,21.444000000000006,0.536,Santa Luzia,Brazil,20.09S,44.36W
1946-01-01,23.049,0.257,Santa Luzia,Brazil,20.09S,44.36W
1946-02-01,24.585,0.5820000000000001,Santa Luzia,Brazil,20.09S,44.36W
1946-03-01,22.976999999999997,0.6920000000000001,Santa Luzia,Brazil,20.09S,44.36W
1946-04-01,20.811,0.505,Santa Luzia,Brazil,20.09S,44.36W
1946-05-01,20.33,0.305,Santa Luzia,Brazil,20.09S,44.36W
1946-06-01,18.426,0.484,Santa Luzia,Brazil,20.09S,44.36W
1946-07-01,18.244,0.485,Santa Luzia,Brazil,20.09S,44.36W
1946-08-01,20.295,0.293,Santa Luzia,Brazil,20.09S,44.36W
1946-09-01,22.053,0.41,Santa Luzia,Brazil,20.09S,44.36W
1946-10-01,22.725,0.312,Santa Luzia,Brazil,20.09S,44.36W
1946-11-01,22.688000000000002,0.508,Santa Luzia,Brazil,20.09S,44.36W
1946-12-01,22.394,0.226,Santa Luzia,Brazil,20.09S,44.36W
1947-01-01,23.705,1.0,Santa Luzia,Brazil,20.09S,44.36W
1947-02-01,23.912000000000006,0.39299999999999996,Santa Luzia,Brazil,20.09S,44.36W
1947-03-01,22.323,0.584,Santa Luzia,Brazil,20.09S,44.36W
1947-04-01,21.17,0.361,Santa Luzia,Brazil,20.09S,44.36W
1947-05-01,20.401,0.302,Santa Luzia,Brazil,20.09S,44.36W
1947-06-01,19.015,0.304,Santa Luzia,Brazil,20.09S,44.36W
1947-07-01,17.519000000000002,0.424,Santa Luzia,Brazil,20.09S,44.36W
1947-08-01,18.894,0.564,Santa Luzia,Brazil,20.09S,44.36W
1947-09-01,20.899,0.366,Santa Luzia,Brazil,20.09S,44.36W
1947-10-01,20.257,0.794,Santa Luzia,Brazil,20.09S,44.36W
1947-11-01,20.522,1.044,Santa Luzia,Brazil,20.09S,44.36W
1947-12-01,21.506999999999998,0.28,Santa Luzia,Brazil,20.09S,44.36W
1948-01-01,23.721,0.345,Santa Luzia,Brazil,20.09S,44.36W
1948-02-01,23.487,0.617,Santa Luzia,Brazil,20.09S,44.36W
1948-03-01,22.267,0.409,Santa Luzia,Brazil,20.09S,44.36W
1948-04-01,21.276,0.38,Santa Luzia,Brazil,20.09S,44.36W
1948-05-01,19.662,0.223,Santa Luzia,Brazil,20.09S,44.36W
1948-06-01,18.529,0.634,Santa Luzia,Brazil,20.09S,44.36W
1948-07-01,19.14,0.551,Santa Luzia,Brazil,20.09S,44.36W
1948-08-01,19.035999999999998,0.37200000000000005,Santa Luzia,Brazil,20.09S,44.36W
1948-09-01,21.16,0.997,Santa Luzia,Brazil,20.09S,44.36W
1948-10-01,21.519000000000002,0.698,Santa Luzia,Brazil,20.09S,44.36W
1948-11-01,22.171,0.434,Santa Luzia,Brazil,20.09S,44.36W
1948-12-01,21.73,0.888,Santa Luzia,Brazil,20.09S,44.36W
1949-01-01,22.183000000000003,0.941,Santa Luzia,Brazil,20.09S,44.36W
1949-02-01,22.093000000000004,0.632,Santa Luzia,Brazil,20.09S,44.36W
1949-03-01,23.791,1.002,Santa Luzia,Brazil,20.09S,44.36W
1949-04-01,20.809,0.19399999999999998,Santa Luzia,Brazil,20.09S,44.36W
1949-05-01,18.952,0.58,Santa Luzia,Brazil,20.09S,44.36W
1949-06-01,19.117,0.517,Santa Luzia,Brazil,20.09S,44.36W
1949-07-01,17.785999999999994,1.034,Santa Luzia,Brazil,20.09S,44.36W
1949-08-01,19.14,0.557,Santa Luzia,Brazil,20.09S,44.36W
1949-09-01,20.332,0.364,Santa Luzia,Brazil,20.09S,44.36W
1949-10-01,20.495,0.479,Santa Luzia,Brazil,20.09S,44.36W
1949-11-01,21.695,0.706,Santa Luzia,Brazil,20.09S,44.36W
1949-12-01,22.316999999999997,0.851,Santa Luzia,Brazil,20.09S,44.36W
1950-01-01,22.765,0.195,Santa Luzia,Brazil,20.09S,44.36W
1950-02-01,23.239,0.282,Santa Luzia,Brazil,20.09S,44.36W
1950-03-01,22.761,0.252,Santa Luzia,Brazil,20.09S,44.36W
1950-04-01,21.571,0.415,Santa Luzia,Brazil,20.09S,44.36W
1950-05-01,19.64,1.034,Santa Luzia,Brazil,20.09S,44.36W
1950-06-01,18.55,0.24,Santa Luzia,Brazil,20.09S,44.36W
1950-07-01,18.133,0.5479999999999999,Santa Luzia,Brazil,20.09S,44.36W
1950-08-01,20.401,0.317,Santa Luzia,Brazil,20.09S,44.36W
1950-09-01,20.995,0.843,Santa Luzia,Brazil,20.09S,44.36W
1950-10-01,21.468000000000004,0.578,Santa Luzia,Brazil,20.09S,44.36W
1950-11-01,21.67,0.654,Santa Luzia,Brazil,20.09S,44.36W
1950-12-01,22.185,0.27699999999999997,Santa Luzia,Brazil,20.09S,44.36W
1951-01-01,23.063000000000002,1.276,Santa Luzia,Brazil,20.09S,44.36W
1951-02-01,23.164,0.45,Santa Luzia,Brazil,20.09S,44.36W
1951-03-01,23.621,1.426,Santa Luzia,Brazil,20.09S,44.36W
1951-04-01,20.385,1.105,Santa Luzia,Brazil,20.09S,44.36W
1951-05-01,20.025,1.633,Santa Luzia,Brazil,20.09S,44.36W
1951-06-01,18.171,1.339,Santa Luzia,Brazil,20.09S,44.36W
1951-07-01,17.843,1.9580000000000002,Santa Luzia,Brazil,20.09S,44.36W
1951-08-01,18.833,0.8340000000000001,Santa Luzia,Brazil,20.09S,44.36W
1951-09-01,21.26,0.511,Santa Luzia,Brazil,20.09S,44.36W
1951-10-01,22.735,0.44,Santa Luzia,Brazil,20.09S,44.36W
1951-11-01,22.834,0.773,Santa Luzia,Brazil,20.09S,44.36W
1951-12-01,21.62,0.594,Santa Luzia,Brazil,20.09S,44.36W
1952-01-01,23.005,0.439,Santa Luzia,Brazil,20.09S,44.36W
1952-02-01,23.195999999999998,0.435,Santa Luzia,Brazil,20.09S,44.36W
1952-03-01,22.436,0.741,Santa Luzia,Brazil,20.09S,44.36W
1952-04-01,21.006,0.46399999999999997,Santa Luzia,Brazil,20.09S,44.36W
1952-05-01,18.815,0.7090000000000001,Santa Luzia,Brazil,20.09S,44.36W
1952-06-01,18.461,0.177,Santa Luzia,Brazil,20.09S,44.36W
1952-07-01,18.194000000000003,0.28800000000000003,Santa Luzia,Brazil,20.09S,44.36W
1952-08-01,19.76,0.51,Santa Luzia,Brazil,20.09S,44.36W
1952-09-01,21.325000000000006,0.233,Santa Luzia,Brazil,20.09S,44.36W
1952-10-01,22.461,0.22699999999999998,Santa Luzia,Brazil,20.09S,44.36W
1952-11-01,22.500999999999998,0.121,Santa Luzia,Brazil,20.09S,44.36W
1952-12-01,22.496,0.261,Santa Luzia,Brazil,20.09S,44.36W
1953-01-01,24.003,0.335,Santa Luzia,Brazil,20.09S,44.36W
1953-02-01,23.534,0.645,Santa Luzia,Brazil,20.09S,44.36W
1953-03-01,22.843000000000004,0.833,Santa Luzia,Brazil,20.09S,44.36W
1953-04-01,21.108,0.439,Santa Luzia,Brazil,20.09S,44.36W
1953-05-01,19.543,0.342,Santa Luzia,Brazil,20.09S,44.36W
1953-06-01,18.459,0.20199999999999999,Santa Luzia,Brazil,20.09S,44.36W
1953-07-01,17.095,0.04,Santa Luzia,Brazil,20.09S,44.36W
1953-08-01,19.335,0.385,Santa Luzia,Brazil,20.09S,44.36W
1953-09-01,21.471,0.461,Santa Luzia,Brazil,20.09S,44.36W
1953-10-01,22.37,0.213,Santa Luzia,Brazil,20.09S,44.36W
1953-11-01,22.228,0.294,Santa Luzia,Brazil,20.09S,44.36W
1953-12-01,22.025,0.294,Santa Luzia,Brazil,20.09S,44.36W
1954-01-01,24.036,0.34299999999999997,Santa Luzia,Brazil,20.09S,44.36W
1954-02-01,23.895000000000003,0.542,Santa Luzia,Brazil,20.09S,44.36W
1954-03-01,23.435,0.317,Santa Luzia,Brazil,20.09S,44.36W
1954-04-01,21.142,0.226,Santa Luzia,Brazil,20.09S,44.36W
1954-05-01,19.929,0.39,Santa Luzia,Brazil,20.09S,44.36W
1954-06-01,19.077,0.39399999999999996,Santa Luzia,Brazil,20.09S,44.36W
1954-07-01,18.444000000000003,0.5329999999999999,Santa Luzia,Brazil,20.09S,44.36W
1954-08-01,19.762999999999998,1.6469999999999998,Santa Luzia,Brazil,20.09S,44.36W
1954-09-01,22.581999999999997,1.359,Santa Luzia,Brazil,20.09S,44.36W
1954-10-01,22.571,0.439,Santa Luzia,Brazil,20.09S,44.36W
1954-11-01,22.625999999999998,0.35100000000000003,Santa Luzia,Brazil,20.09S,44.36W
1954-12-01,22.253,0.396,Santa Luzia,Brazil,20.09S,44.36W
1955-01-01,22.622,0.3,Santa Luzia,Brazil,20.09S,44.36W
1955-02-01,23.209000000000003,0.48200000000000004,Santa Luzia,Brazil,20.09S,44.36W
1955-03-01,23.01,0.16899999999999998,Santa Luzia,Brazil,20.09S,44.36W
1955-04-01,20.849,0.312,Santa Luzia,Brazil,20.09S,44.36W
1955-05-01,19.345,0.536,Santa Luzia,Brazil,20.09S,44.36W
1955-06-01,18.878,1.151,Santa Luzia,Brazil,20.09S,44.36W
1955-07-01,18.092,0.25,Santa Luzia,Brazil,20.09S,44.36W
1955-08-01,19.941000000000006,1.9269999999999998,Santa Luzia,Brazil,20.09S,44.36W
1955-09-01,21.592,0.266,Santa Luzia,Brazil,20.09S,44.36W
1955-10-01,21.011999999999997,0.32,Santa Luzia,Brazil,20.09S,44.36W
1955-11-01,20.788,0.43,Santa Luzia,Brazil,20.09S,44.36W
1955-12-01,22.021,0.639,Santa Luzia,Brazil,20.09S,44.36W
1956-01-01,24.323,0.314,Santa Luzia,Brazil,20.09S,44.36W
1956-02-01,23.295,0.271,Santa Luzia,Brazil,20.09S,44.36W
1956-03-01,22.489,0.374,Santa Luzia,Brazil,20.09S,44.36W
1956-04-01,21.055,0.285,Santa Luzia,Brazil,20.09S,44.36W
1956-05-01,19.444000000000003,0.843,Santa Luzia,Brazil,20.09S,44.36W
1956-06-01,16.415,0.705,Santa Luzia,Brazil,20.09S,44.36W
1956-07-01,17.479999999999997,0.514,Santa Luzia,Brazil,20.09S,44.36W
1956-08-01,17.656000000000006,0.764,Santa Luzia,Brazil,20.09S,44.36W
1956-09-01,21.689,0.273,Santa Luzia,Brazil,20.09S,44.36W
1956-10-01,21.583000000000002,0.364,Santa Luzia,Brazil,20.09S,44.36W
1956-11-01,20.87,0.451,Santa Luzia,Brazil,20.09S,44.36W
1956-12-01,21.76,0.257,Santa Luzia,Brazil,20.09S,44.36W
1957-01-01,22.849,0.306,Santa Luzia,Brazil,20.09S,44.36W
1957-02-01,22.65,0.5,Santa Luzia,Brazil,20.09S,44.36W
1957-03-01,22.65,0.273,Santa Luzia,Brazil,20.09S,44.36W
1957-04-01,20.674,0.588,Santa Luzia,Brazil,20.09S,44.36W
1957-05-01,18.602,0.49,Santa Luzia,Brazil,20.09S,44.36W
1957-06-01,17.959,0.424,Santa Luzia,Brazil,20.09S,44.36W
1957-07-01,18.23,1.402,Santa Luzia,Brazil,20.09S,44.36W
1957-08-01,19.621,0.662,Santa Luzia,Brazil,20.09S,44.36W
1957-09-01,21.163,0.905,Santa Luzia,Brazil,20.09S,44.36W
1957-10-01,22.812,0.418,Santa Luzia,Brazil,20.09S,44.36W
1957-11-01,21.753,0.8270000000000001,Santa Luzia,Brazil,20.09S,44.36W
1957-12-01,22.58,1.169,Santa Luzia,Brazil,20.09S,44.36W
1958-01-01,23.289,0.633,Santa Luzia,Brazil,20.09S,44.36W
1958-02-01,24.399,1.39,Santa Luzia,Brazil,20.09S,44.36W
1958-03-01,22.738000000000003,0.41700000000000004,Santa Luzia,Brazil,20.09S,44.36W
1958-04-01,21.485,1.507,Santa Luzia,Brazil,20.09S,44.36W
1958-05-01,19.475,0.537,Santa Luzia,Brazil,20.09S,44.36W
1958-06-01,17.985,0.574,Santa Luzia,Brazil,20.09S,44.36W
1958-07-01,18.404,0.637,Santa Luzia,Brazil,20.09S,44.36W
1958-08-01,20.213,0.35700000000000004,Santa Luzia,Brazil,20.09S,44.36W
1958-09-01,20.855999999999998,0.44,Santa Luzia,Brazil,20.09S,44.36W
1958-10-01,21.996,0.527,Santa Luzia,Brazil,20.09S,44.36W
1958-11-01,23.663,0.324,Santa Luzia,Brazil,20.09S,44.36W
1958-12-01,23.406999999999996,0.5710000000000001,Santa Luzia,Brazil,20.09S,44.36W
1959-01-01,23.241,0.267,Santa Luzia,Brazil,20.09S,44.36W
1959-02-01,24.774,0.318,Santa Luzia,Brazil,20.09S,44.36W
1959-03-01,22.872,0.313,Santa Luzia,Brazil,20.09S,44.36W
1959-04-01,23.37,0.36,Santa Luzia,Brazil,20.09S,44.36W
1959-05-01,20.766,0.268,Santa Luzia,Brazil,20.09S,44.36W
1959-06-01,18.141,0.266,Santa Luzia,Brazil,20.09S,44.36W
1959-07-01,19.112000000000002,0.44,Santa Luzia,Brazil,20.09S,44.36W
1959-08-01,20.342,0.252,Santa Luzia,Brazil,20.09S,44.36W
1959-09-01,22.156,0.366,Santa Luzia,Brazil,20.09S,44.36W
1959-10-01,22.779,0.20199999999999999,Santa Luzia,Brazil,20.09S,44.36W
1959-11-01,22.438000000000002,0.22899999999999998,Santa Luzia,Brazil,20.09S,44.36W
1959-12-01,22.842,0.195,Santa Luzia,Brazil,20.09S,44.36W
1960-01-01,22.684,0.32299999999999995,Santa Luzia,Brazil,20.09S,44.36W
1960-02-01,23.233,0.136,Santa Luzia,Brazil,20.09S,44.36W
1960-03-01,22.561999999999998,0.307,Santa Luzia,Brazil,20.09S,44.36W
1960-04-01,20.658,0.271,Santa Luzia,Brazil,20.09S,44.36W
1960-05-01,18.921,0.528,Santa Luzia,Brazil,20.09S,44.36W
1960-06-01,17.852999999999994,0.348,Santa Luzia,Brazil,20.09S,44.36W
1960-07-01,17.759999999999994,0.28800000000000003,Santa Luzia,Brazil,20.09S,44.36W
1960-08-01,19.765,0.312,Santa Luzia,Brazil,20.09S,44.36W
1960-09-01,21.546000000000006,0.318,Santa Luzia,Brazil,20.09S,44.36W
1960-10-01,22.938000000000002,0.319,Santa Luzia,Brazil,20.09S,44.36W
1960-11-01,22.044,0.397,Santa Luzia,Brazil,20.09S,44.36W
1960-12-01,22.343000000000004,0.381,Santa Luzia,Brazil,20.09S,44.36W
1961-01-01,22.321,0.435,Santa Luzia,Brazil,20.09S,44.36W
1961-02-01,23.33,0.284,Santa Luzia,Brazil,20.09S,44.36W
1961-03-01,23.07,0.39799999999999996,Santa Luzia,Brazil,20.09S,44.36W
1961-04-01,22.061,0.445,Santa Luzia,Brazil,20.09S,44.36W
1961-05-01,19.778,0.287,Santa Luzia,Brazil,20.09S,44.36W
1961-06-01,18.749000000000002,0.32299999999999995,Santa Luzia,Brazil,20.09S,44.36W
1961-07-01,18.258,0.243,Santa Luzia,Brazil,20.09S,44.36W
1961-08-01,19.971,0.535,Santa Luzia,Brazil,20.09S,44.36W
1961-09-01,23.808000000000003,0.40299999999999997,Santa Luzia,Brazil,20.09S,44.36W
1961-10-01,22.947,0.528,Santa Luzia,Brazil,20.09S,44.36W
1961-11-01,23.691999999999997,0.298,Santa Luzia,Brazil,20.09S,44.36W
1961-12-01,22.325000000000006,0.344,Santa Luzia,Brazil,20.09S,44.36W
1962-01-01,22.791,0.174,Santa Luzia,Brazil,20.09S,44.36W
1962-02-01,23.319000000000006,0.255,Santa Luzia,Brazil,20.09S,44.36W
1962-03-01,22.938000000000002,0.34700000000000003,Santa Luzia,Brazil,20.09S,44.36W
1962-04-01,21.47,0.264,Santa Luzia,Brazil,20.09S,44.36W
1962-05-01,18.955,0.213,Santa Luzia,Brazil,20.09S,44.36W
1962-06-01,16.714000000000002,0.545,Santa Luzia,Brazil,20.09S,44.36W
1962-07-01,17.099,0.327,Santa Luzia,Brazil,20.09S,44.36W
1962-08-01,19.393,0.191,Santa Luzia,Brazil,20.09S,44.36W
1962-09-01,21.269,0.34600000000000003,Santa Luzia,Brazil,20.09S,44.36W
1962-10-01,20.75,0.563,Santa Luzia,Brazil,20.09S,44.36W
1962-11-01,22.38,0.348,Santa Luzia,Brazil,20.09S,44.36W
1962-12-01,21.761000000000006,0.315,Santa Luzia,Brazil,20.09S,44.36W
1963-01-01,24.11,0.36200000000000004,Santa Luzia,Brazil,20.09S,44.36W
1963-02-01,23.267000000000003,0.21,Santa Luzia,Brazil,20.09S,44.36W
1963-03-01,24.5,0.508,Santa Luzia,Brazil,20.09S,44.36W
1963-04-01,22.164,0.535,Santa Luzia,Brazil,20.09S,44.36W
1963-05-01,18.771,0.36,Santa Luzia,Brazil,20.09S,44.36W
1963-06-01,17.674,0.462,Santa Luzia,Brazil,20.09S,44.36W
1963-07-01,18.089000000000002,0.588,Santa Luzia,Brazil,20.09S,44.36W
1963-08-01,20.012,0.401,Santa Luzia,Brazil,20.09S,44.36W
1963-09-01,22.862,0.41,Santa Luzia,Brazil,20.09S,44.36W
1963-10-01,24.247,0.539,Santa Luzia,Brazil,20.09S,44.36W
1963-11-01,24.424,0.8109999999999999,Santa Luzia,Brazil,20.09S,44.36W
1963-12-01,23.291999999999998,0.58,Santa Luzia,Brazil,20.09S,44.36W
1964-01-01,22.099,0.428,Santa Luzia,Brazil,20.09S,44.36W
1964-02-01,23.31,0.19699999999999998,Santa Luzia,Brazil,20.09S,44.36W
1964-03-01,22.855,0.322,Santa Luzia,Brazil,20.09S,44.36W
1964-04-01,21.996,0.24,Santa Luzia,Brazil,20.09S,44.36W
1964-05-01,19.247,0.36,Santa Luzia,Brazil,20.09S,44.36W
1964-06-01,17.926,0.303,Santa Luzia,Brazil,20.09S,44.36W
1964-07-01,16.869,0.5539999999999999,Santa Luzia,Brazil,20.09S,44.36W
1964-08-01,19.601000000000006,0.528,Santa Luzia,Brazil,20.09S,44.36W
1964-09-01,21.124,0.32299999999999995,Santa Luzia,Brazil,20.09S,44.36W
1964-10-01,21.263,0.63,Santa Luzia,Brazil,20.09S,44.36W
1964-11-01,20.975,0.23199999999999998,Santa Luzia,Brazil,20.09S,44.36W
1964-12-01,21.508000000000006,0.205,Santa Luzia,Brazil,20.09S,44.36W
1965-01-01,21.921,0.24100000000000002,Santa Luzia,Brazil,20.09S,44.36W
1965-02-01,22.709000000000003,0.36700000000000005,Santa Luzia,Brazil,20.09S,44.36W
1965-03-01,22.043000000000003,0.42700000000000005,Santa Luzia,Brazil,20.09S,44.36W
1965-04-01,21.58,0.27399999999999997,Santa Luzia,Brazil,20.09S,44.36W
1965-05-01,20.282,0.212,Santa Luzia,Brazil,20.09S,44.36W
1965-06-01,19.036,0.5379999999999999,Santa Luzia,Brazil,20.09S,44.36W
1965-07-01,18.346,0.299,Santa Luzia,Brazil,20.09S,44.36W
1965-08-01,20.312,0.121,Santa Luzia,Brazil,20.09S,44.36W
1965-09-01,22.378,0.355,Santa Luzia,Brazil,20.09S,44.36W
1965-10-01,21.378,0.38,Santa Luzia,Brazil,20.09S,44.36W
1965-11-01,22.314,0.284,Santa Luzia,Brazil,20.09S,44.36W
1965-12-01,23.532000000000004,0.322,Santa Luzia,Brazil,20.09S,44.36W
1966-01-01,23.031999999999996,0.45399999999999996,Santa Luzia,Brazil,20.09S,44.36W
1966-02-01,23.97,0.503,Santa Luzia,Brazil,20.09S,44.36W
1966-03-01,23.250999999999998,0.48200000000000004,Santa Luzia,Brazil,20.09S,44.36W
1966-04-01,21.338,0.273,Santa Luzia,Brazil,20.09S,44.36W
1966-05-01,19.791,0.305,Santa Luzia,Brazil,20.09S,44.36W
1966-06-01,18.624000000000002,0.314,Santa Luzia,Brazil,20.09S,44.36W
1966-07-01,18.611,0.43,Santa Luzia,Brazil,20.09S,44.36W
1966-08-01,19.671000000000006,0.248,Santa Luzia,Brazil,20.09S,44.36W
1966-09-01,20.772,0.237,Santa Luzia,Brazil,20.09S,44.36W
1966-10-01,22.673000000000002,0.4,Santa Luzia,Brazil,20.09S,44.36W
1966-11-01,21.895,0.35100000000000003,Santa Luzia,Brazil,20.09S,44.36W
1966-12-01,23.271,0.32799999999999996,Santa Luzia,Brazil,20.09S,44.36W
1967-01-01,23.237,0.105,Santa Luzia,Brazil,20.09S,44.36W
1967-02-01,23.91,0.254,Santa Luzia,Brazil,20.09S,44.36W
1967-03-01,23.345,0.32,Santa Luzia,Brazil,20.09S,44.36W
1967-04-01,21.56,0.174,Santa Luzia,Brazil,20.09S,44.36W
1967-05-01,19.852999999999998,0.207,Santa Luzia,Brazil,20.09S,44.36W
1967-06-01,19.197,0.366,Santa Luzia,Brazil,20.09S,44.36W
1967-07-01,18.247,0.363,Santa Luzia,Brazil,20.09S,44.36W
1967-08-01,20.682,0.26899999999999996,Santa Luzia,Brazil,20.09S,44.36W
1967-09-01,21.883000000000006,0.255,Santa Luzia,Brazil,20.09S,44.36W
1967-10-01,23.241,0.37799999999999995,Santa Luzia,Brazil,20.09S,44.36W
1967-11-01,21.969,0.248,Santa Luzia,Brazil,20.09S,44.36W
1967-12-01,21.224,0.298,Santa Luzia,Brazil,20.09S,44.36W
1968-01-01,23.276,0.33,Santa Luzia,Brazil,20.09S,44.36W
1968-02-01,21.936999999999998,0.249,Santa Luzia,Brazil,20.09S,44.36W
1968-03-01,22.7,0.331,Santa Luzia,Brazil,20.09S,44.36W
1968-04-01,20.046,0.414,Santa Luzia,Brazil,20.09S,44.36W
1968-05-01,17.535999999999998,0.361,Santa Luzia,Brazil,20.09S,44.36W
1968-06-01,16.98,0.45799999999999996,Santa Luzia,Brazil,20.09S,44.36W
1968-07-01,17.474,0.40399999999999997,Santa Luzia,Brazil,20.09S,44.36W
1968-08-01,18.343,0.324,Santa Luzia,Brazil,20.09S,44.36W
1968-09-01,20.374,0.255,Santa Luzia,Brazil,20.09S,44.36W
1968-10-01,21.473000000000003,0.449,Santa Luzia,Brazil,20.09S,44.36W
1968-11-01,23.239,0.48700000000000004,Santa Luzia,Brazil,20.09S,44.36W
1968-12-01,22.756999999999998,0.168,Santa Luzia,Brazil,20.09S,44.36W
1969-01-01,24.057,0.523,Santa Luzia,Brazil,20.09S,44.36W
1969-02-01,24.644,0.332,Santa Luzia,Brazil,20.09S,44.36W
1969-03-01,23.39,0.278,Santa Luzia,Brazil,20.09S,44.36W
1969-04-01,21.361,0.523,Santa Luzia,Brazil,20.09S,44.36W
1969-05-01,20.194000000000003,0.614,Santa Luzia,Brazil,20.09S,44.36W
1969-06-01,18.658,0.648,Santa Luzia,Brazil,20.09S,44.36W
1969-07-01,18.575,0.727,Santa Luzia,Brazil,20.09S,44.36W
1969-08-01,20.398000000000003,0.6409999999999999,Santa Luzia,Brazil,20.09S,44.36W
1969-09-01,22.426,0.408,Santa Luzia,Brazil,20.09S,44.36W
1969-10-01,21.988000000000003,0.335,Santa Luzia,Brazil,20.09S,44.36W
1969-11-01,22.654,0.235,Santa Luzia,Brazil,20.09S,44.36W
1969-12-01,21.601000000000006,0.285,Santa Luzia,Brazil,20.09S,44.36W
1970-01-01,22.726,0.292,Santa Luzia,Brazil,20.09S,44.36W
1970-02-01,23.214,0.295,Santa Luzia,Brazil,20.09S,44.36W
1970-03-01,23.526,0.306,Santa Luzia,Brazil,20.09S,44.36W
1970-04-01,21.698,0.345,Santa Luzia,Brazil,20.09S,44.36W
1970-05-01,20.598000000000003,0.415,Santa Luzia,Brazil,20.09S,44.36W
1970-06-01,19.588,0.353,Santa Luzia,Brazil,20.09S,44.36W
1970-07-01,18.098,0.263,Santa Luzia,Brazil,20.09S,44.36W
1970-08-01,19.391,0.281,Santa Luzia,Brazil,20.09S,44.36W
1970-09-01,21.011000000000006,0.212,Santa Luzia,Brazil,20.09S,44.36W
1970-10-01,21.88,0.447,Santa Luzia,Brazil,20.09S,44.36W
1970-11-01,21.713,0.27899999999999997,Santa Luzia,Brazil,20.09S,44.36W
1970-12-01,23.682,0.762,Santa Luzia,Brazil,20.09S,44.36W
1971-01-01,23.522,1.485,Santa Luzia,Brazil,20.09S,44.36W
1971-02-01,23.899,0.741,Santa Luzia,Brazil,20.09S,44.36W
1971-03-01,23.421,0.598,Santa Luzia,Brazil,20.09S,44.36W
1971-04-01,21.557,0.529,Santa Luzia,Brazil,20.09S,44.36W
1971-05-01,19.723,0.484,Santa Luzia,Brazil,20.09S,44.36W
1971-06-01,18.482,0.37,Santa Luzia,Brazil,20.09S,44.36W
1971-07-01,18.31,0.434,Santa Luzia,Brazil,20.09S,44.36W
1971-08-01,19.503,0.434,Santa Luzia,Brazil,20.09S,44.36W
1971-09-01,20.366,0.878,Santa Luzia,Brazil,20.09S,44.36W
1971-10-01,20.468,1.287,Santa Luzia,Brazil,20.09S,44.36W
1971-11-01,20.781,0.992,Santa Luzia,Brazil,20.09S,44.36W
1971-12-01,22.221999999999998,0.425,Santa Luzia,Brazil,20.09S,44.36W
1972-01-01,22.74,0.7879999999999999,Santa Luzia,Brazil,20.09S,44.36W
1972-02-01,22.774,0.612,Santa Luzia,Brazil,20.09S,44.36W
1972-03-01,23.555,0.254,Santa Luzia,Brazil,20.09S,44.36W
1972-04-01,20.584,0.431,Santa Luzia,Brazil,20.09S,44.36W
1972-05-01,20.042,0.17300000000000001,Santa Luzia,Brazil,20.09S,44.36W
1972-06-01,20.003,0.36,Santa Luzia,Brazil,20.09S,44.36W
1972-07-01,19.067,0.314,Santa Luzia,Brazil,20.09S,44.36W
1972-08-01,20.796000000000006,0.78,Santa Luzia,Brazil,20.09S,44.36W
1972-09-01,21.188,0.8390000000000001,Santa Luzia,Brazil,20.09S,44.36W
1972-10-01,22.555,0.49,Santa Luzia,Brazil,20.09S,44.36W
1972-11-01,22.863000000000003,0.68,Santa Luzia,Brazil,20.09S,44.36W
1972-12-01,23.105999999999998,0.23800000000000002,Santa Luzia,Brazil,20.09S,44.36W
1973-01-01,24.361,0.255,Santa Luzia,Brazil,20.09S,44.36W
1973-02-01,24.682,0.45399999999999996,Santa Luzia,Brazil,20.09S,44.36W
1973-03-01,23.272,0.507,Santa Luzia,Brazil,20.09S,44.36W
1973-04-01,23.388,0.434,Santa Luzia,Brazil,20.09S,44.36W
1973-05-01,20.116,0.695,Santa Luzia,Brazil,20.09S,44.36W
1973-06-01,20.275,0.733,Santa Luzia,Brazil,20.09S,44.36W
1973-07-01,19.341,0.484,Santa Luzia,Brazil,20.09S,44.36W
1973-08-01,20.688,0.414,Santa Luzia,Brazil,20.09S,44.36W
1973-09-01,20.979000000000006,0.442,Santa Luzia,Brazil,20.09S,44.36W
1973-10-01,21.042,0.39899999999999997,Santa Luzia,Brazil,20.09S,44.36W
1973-11-01,21.718000000000004,0.257,Santa Luzia,Brazil,20.09S,44.36W
1973-12-01,22.554,0.138,Santa Luzia,Brazil,20.09S,44.36W
1974-01-01,22.877,0.29,Santa Luzia,Brazil,20.09S,44.36W
1974-02-01,23.956000000000003,0.561,Santa Luzia,Brazil,20.09S,44.36W
1974-03-01,22.491,0.45,Santa Luzia,Brazil,20.09S,44.36W
1974-04-01,21.425,0.18100000000000002,Santa Luzia,Brazil,20.09S,44.36W
1974-05-01,19.945999999999998,0.66,Santa Luzia,Brazil,20.09S,44.36W
1974-06-01,17.724999999999994,0.366,Santa Luzia,Brazil,20.09S,44.36W
1974-07-01,17.721,0.295,Santa Luzia,Brazil,20.09S,44.36W
1974-08-01,19.796000000000006,0.602,Santa Luzia,Brazil,20.09S,44.36W
1974-09-01,22.568,0.441,Santa Luzia,Brazil,20.09S,44.36W
1974-10-01,21.594,0.17600000000000002,Santa Luzia,Brazil,20.09S,44.36W
1974-11-01,22.355,0.32,Santa Luzia,Brazil,20.09S,44.36W
1974-12-01,21.179,0.22899999999999998,Santa Luzia,Brazil,20.09S,44.36W
1975-01-01,22.211,0.354,Santa Luzia,Brazil,20.09S,44.36W
1975-02-01,23.449,0.478,Santa Luzia,Brazil,20.09S,44.36W
1975-03-01,23.523000000000003,0.285,Santa Luzia,Brazil,20.09S,44.36W
1975-04-01,20.371,0.314,Santa Luzia,Brazil,20.09S,44.36W
1975-05-01,18.73,0.56,Santa Luzia,Brazil,20.09S,44.36W
1975-06-01,18.156,0.6759999999999999,Santa Luzia,Brazil,20.09S,44.36W
1975-07-01,16.752,0.48700000000000004,Santa Luzia,Brazil,20.09S,44.36W
1975-08-01,20.493,0.319,Santa Luzia,Brazil,20.09S,44.36W
1975-09-01,21.124,0.28600000000000003,Santa Luzia,Brazil,20.09S,44.36W
1975-10-01,21.964000000000002,0.42700000000000005,Santa Luzia,Brazil,20.09S,44.36W
1975-11-01,21.566999999999997,0.135,Santa Luzia,Brazil,20.09S,44.36W
1975-12-01,22.770000000000003,0.599,Santa Luzia,Brazil,20.09S,44.36W
1976-01-01,23.763,0.34700000000000003,Santa Luzia,Brazil,20.09S,44.36W
1976-02-01,22.62,0.254,Santa Luzia,Brazil,20.09S,44.36W
1976-03-01,22.835,0.237,Santa Luzia,Brazil,20.09S,44.36W
1976-04-01,21.86,0.377,Santa Luzia,Brazil,20.09S,44.36W
1976-05-01,19.742,0.43200000000000005,Santa Luzia,Brazil,20.09S,44.36W
1976-06-01,19.093,0.41100000000000003,Santa Luzia,Brazil,20.09S,44.36W
1976-07-01,17.799999999999994,0.207,Santa Luzia,Brazil,20.09S,44.36W
1976-08-01,19.843,0.252,Santa Luzia,Brazil,20.09S,44.36W
1976-09-01,20.378,0.505,Santa Luzia,Brazil,20.09S,44.36W
1976-10-01,20.918000000000003,0.278,Santa Luzia,Brazil,20.09S,44.36W
1976-11-01,22.064,0.475,Santa Luzia,Brazil,20.09S,44.36W
1976-12-01,21.953000000000007,0.34,Santa Luzia,Brazil,20.09S,44.36W
1977-01-01,22.901,0.446,Santa Luzia,Brazil,20.09S,44.36W
1977-02-01,23.8,0.21600000000000003,Santa Luzia,Brazil,20.09S,44.36W
1977-03-01,23.998,0.207,Santa Luzia,Brazil,20.09S,44.36W
1977-04-01,21.858,0.322,Santa Luzia,Brazil,20.09S,44.36W
1977-05-01,19.206,0.34600000000000003,Santa Luzia,Brazil,20.09S,44.36W
1977-06-01,19.016,0.179,Santa Luzia,Brazil,20.09S,44.36W
1977-07-01,19.369,0.534,Santa Luzia,Brazil,20.09S,44.36W
1977-08-01,21.122,0.41100000000000003,Santa Luzia,Brazil,20.09S,44.36W
1977-09-01,21.346999999999998,0.568,Santa Luzia,Brazil,20.09S,44.36W
1977-10-01,22.807,0.46,Santa Luzia,Brazil,20.09S,44.36W
1977-11-01,22.511,0.139,Santa Luzia,Brazil,20.09S,44.36W
1977-12-01,22.189,0.156,Santa Luzia,Brazil,20.09S,44.36W
1978-01-01,23.25,0.16699999999999998,Santa Luzia,Brazil,20.09S,44.36W
1978-02-01,22.801,0.318,Santa Luzia,Brazil,20.09S,44.36W
1978-03-01,22.913,0.456,Santa Luzia,Brazil,20.09S,44.36W
1978-04-01,21.01,0.20199999999999999,Santa Luzia,Brazil,20.09S,44.36W
1978-05-01,19.133,1.018,Santa Luzia,Brazil,20.09S,44.36W
1978-06-01,17.469,0.26899999999999996,Santa Luzia,Brazil,20.09S,44.36W
1978-07-01,18.623,0.5539999999999999,Santa Luzia,Brazil,20.09S,44.36W
1978-08-01,19.266,0.604,Santa Luzia,Brazil,20.09S,44.36W
1978-09-01,20.451,0.474,Santa Luzia,Brazil,20.09S,44.36W
1978-10-01,22.401,0.59,Santa Luzia,Brazil,20.09S,44.36W
1978-11-01,22.029,0.47200000000000003,Santa Luzia,Brazil,20.09S,44.36W
1978-12-01,21.962000000000003,0.29,Santa Luzia,Brazil,20.09S,44.36W
1979-01-01,21.13,0.221,Santa Luzia,Brazil,20.09S,44.36W
1979-02-01,22.340999999999998,0.46299999999999997,Santa Luzia,Brazil,20.09S,44.36W
1979-03-01,22.114,0.45299999999999996,Santa Luzia,Brazil,20.09S,44.36W
1979-04-01,20.807,0.221,Santa Luzia,Brazil,20.09S,44.36W
1979-05-01,20.258,0.373,Santa Luzia,Brazil,20.09S,44.36W
1979-06-01,17.346,0.301,Santa Luzia,Brazil,20.09S,44.36W
1979-07-01,17.798,0.753,Santa Luzia,Brazil,20.09S,44.36W
1979-08-01,20.192999999999998,0.221,Santa Luzia,Brazil,20.09S,44.36W
1979-09-01,20.483,0.5529999999999999,Santa Luzia,Brazil,20.09S,44.36W
1979-10-01,22.694000000000003,0.245,Santa Luzia,Brazil,20.09S,44.36W
1979-11-01,22.198,0.321,Santa Luzia,Brazil,20.09S,44.36W
1979-12-01,23.105999999999998,0.55,Santa Luzia,Brazil,20.09S,44.36W
1980-01-01,22.359,0.23,Santa Luzia,Brazil,20.09S,44.36W
1980-02-01,23.319000000000006,0.172,Santa Luzia,Brazil,20.09S,44.36W
1980-03-01,23.704,0.43799999999999994,Santa Luzia,Brazil,20.09S,44.36W
1980-04-01,21.534000000000002,0.312,Santa Luzia,Brazil,20.09S,44.36W
1980-05-01,20.334,0.9059999999999999,Santa Luzia,Brazil,20.09S,44.36W
1980-06-01,18.69,0.7240000000000001,Santa Luzia,Brazil,20.09S,44.36W
1980-07-01,19.4,0.805,Santa Luzia,Brazil,20.09S,44.36W
1980-08-01,20.8,0.8690000000000001,Santa Luzia,Brazil,20.09S,44.36W
1980-09-01,20.771,0.166,Santa Luzia,Brazil,20.09S,44.36W
1980-10-01,22.961,0.75,Santa Luzia,Brazil,20.09S,44.36W
1980-11-01,22.41,0.253,Santa Luzia,Brazil,20.09S,44.36W
1980-12-01,23.263,0.49,Santa Luzia,Brazil,20.09S,44.36W
1981-01-01,22.767,0.278,Santa Luzia,Brazil,20.09S,44.36W
1981-02-01,23.846999999999998,0.40700000000000003,Santa Luzia,Brazil,20.09S,44.36W
1981-03-01,23.671999999999997,0.465,Santa Luzia,Brazil,20.09S,44.36W
1981-04-01,21.147,0.58,Santa Luzia,Brazil,20.09S,44.36W
1981-05-01,20.136,0.725,Santa Luzia,Brazil,20.09S,44.36W
1981-06-01,17.813,0.36,Santa Luzia,Brazil,20.09S,44.36W
1981-07-01,17.096999999999998,0.354,Santa Luzia,Brazil,20.09S,44.36W
1981-08-01,19.68,0.40700000000000003,Santa Luzia,Brazil,20.09S,44.36W
1981-09-01,22.275,0.40299999999999997,Santa Luzia,Brazil,20.09S,44.36W
1981-10-01,20.781999999999996,0.519,Santa Luzia,Brazil,20.09S,44.36W
1981-11-01,22.250999999999998,0.285,Santa Luzia,Brazil,20.09S,44.36W
1981-12-01,22.807,0.861,Santa Luzia,Brazil,20.09S,44.36W
1982-01-01,21.915,0.562,Santa Luzia,Brazil,20.09S,44.36W
1982-02-01,24.054,0.451,Santa Luzia,Brazil,20.09S,44.36W
1982-03-01,22.623,0.332,Santa Luzia,Brazil,20.09S,44.36W
1982-04-01,20.175,1.244,Santa Luzia,Brazil,20.09S,44.36W
1982-05-01,19.016,0.621,Santa Luzia,Brazil,20.09S,44.36W
1982-06-01,19.834,0.55,Santa Luzia,Brazil,20.09S,44.36W
1982-07-01,19.082,0.634,Santa Luzia,Brazil,20.09S,44.36W
1982-08-01,20.513,0.49,Santa Luzia,Brazil,20.09S,44.36W
1982-09-01,21.178,0.327,Santa Luzia,Brazil,20.09S,44.36W
1982-10-01,22.745,0.56,Santa Luzia,Brazil,20.09S,44.36W
1982-11-01,24.723000000000003,0.9990000000000001,Santa Luzia,Brazil,20.09S,44.36W
1982-12-01,22.116000000000003,0.5660000000000001,Santa Luzia,Brazil,20.09S,44.36W
1983-01-01,22.821,0.373,Santa Luzia,Brazil,20.09S,44.36W
1983-02-01,23.795,0.24100000000000002,Santa Luzia,Brazil,20.09S,44.36W
1983-03-01,22.842,0.254,Santa Luzia,Brazil,20.09S,44.36W
1983-04-01,22.051,0.41200000000000003,Santa Luzia,Brazil,20.09S,44.36W
1983-05-01,21.311,0.501,Santa Luzia,Brazil,20.09S,44.36W
1983-06-01,19.728,0.821,Santa Luzia,Brazil,20.09S,44.36W
1983-07-01,19.606,0.581,Santa Luzia,Brazil,20.09S,44.36W
1983-08-01,19.618,0.359,Santa Luzia,Brazil,20.09S,44.36W
1983-09-01,20.809,0.499,Santa Luzia,Brazil,20.09S,44.36W
1983-10-01,21.171,0.5479999999999999,Santa Luzia,Brazil,20.09S,44.36W
1983-11-01,22.035999999999998,0.569,Santa Luzia,Brazil,20.09S,44.36W
1983-12-01,22.016,0.387,Santa Luzia,Brazil,20.09S,44.36W
1984-01-01,24.595,0.5,Santa Luzia,Brazil,20.09S,44.36W
1984-02-01,25.226000000000006,0.41600000000000004,Santa Luzia,Brazil,20.09S,44.36W
1984-03-01,23.845,0.325,Santa Luzia,Brazil,20.09S,44.36W
1984-04-01,21.619,0.135,Santa Luzia,Brazil,20.09S,44.36W
1984-05-01,22.1,0.374,Santa Luzia,Brazil,20.09S,44.36W
1984-06-01,19.959,0.251,Santa Luzia,Brazil,20.09S,44.36W
1984-07-01,19.441,0.324,Santa Luzia,Brazil,20.09S,44.36W
1984-08-01,19.746,0.373,Santa Luzia,Brazil,20.09S,44.36W
1984-09-01,20.561,0.076,Santa Luzia,Brazil,20.09S,44.36W
1984-10-01,22.946,0.42200000000000004,Santa Luzia,Brazil,20.09S,44.36W
1984-11-01,23.215999999999998,0.742,Santa Luzia,Brazil,20.09S,44.36W
1984-12-01,22.389000000000006,0.28300000000000003,Santa Luzia,Brazil,20.09S,44.36W
1985-01-01,21.998,0.20199999999999999,Santa Luzia,Brazil,20.09S,44.36W
1985-02-01,24.023000000000003,0.16899999999999998,Santa Luzia,Brazil,20.09S,44.36W
1985-03-01,23.518,0.163,Santa Luzia,Brazil,20.09S,44.36W
1985-04-01,22.492,0.48,Santa Luzia,Brazil,20.09S,44.36W
1985-05-01,20.329,0.431,Santa Luzia,Brazil,20.09S,44.36W
1985-06-01,17.034000000000002,0.439,Santa Luzia,Brazil,20.09S,44.36W
1985-07-01,17.744999999999994,0.423,Santa Luzia,Brazil,20.09S,44.36W
1985-08-01,20.623,0.578,Santa Luzia,Brazil,20.09S,44.36W
1985-09-01,21.368,0.7240000000000001,Santa Luzia,Brazil,20.09S,44.36W
1985-10-01,22.711,0.5529999999999999,Santa Luzia,Brazil,20.09S,44.36W
1985-11-01,22.816,0.743,Santa Luzia,Brazil,20.09S,44.36W
1985-12-01,22.074,0.603,Santa Luzia,Brazil,20.09S,44.36W
1986-01-01,23.461,0.34700000000000003,Santa Luzia,Brazil,20.09S,44.36W
1986-02-01,23.795,0.301,Santa Luzia,Brazil,20.09S,44.36W
1986-03-01,23.967,0.33399999999999996,Santa Luzia,Brazil,20.09S,44.36W
1986-04-01,22.813000000000002,0.295,Santa Luzia,Brazil,20.09S,44.36W
1986-05-01,21.276999999999997,0.11900000000000001,Santa Luzia,Brazil,20.09S,44.36W
1986-06-01,18.485,0.293,Santa Luzia,Brazil,20.09S,44.36W
1986-07-01,18.054000000000002,0.42,Santa Luzia,Brazil,20.09S,44.36W
1986-08-01,20.575000000000006,0.415,Santa Luzia,Brazil,20.09S,44.36W
1986-09-01,20.838,0.34600000000000003,Santa Luzia,Brazil,20.09S,44.36W
1986-10-01,22.762,0.613,Santa Luzia,Brazil,20.09S,44.36W
1986-11-01,23.261,0.242,Santa Luzia,Brazil,20.09S,44.36W
1986-12-01,22.752,0.249,Santa Luzia,Brazil,20.09S,44.36W
1987-01-01,24.02,0.384,Santa Luzia,Brazil,20.09S,44.36W
1987-02-01,24.048,0.424,Santa Luzia,Brazil,20.09S,44.36W
1987-03-01,23.18,0.252,Santa Luzia,Brazil,20.09S,44.36W
1987-04-01,22.516,0.368,Santa Luzia,Brazil,20.09S,44.36W
1987-05-01,20.633000000000003,0.608,Santa Luzia,Brazil,20.09S,44.36W
1987-06-01,18.548,0.396,Santa Luzia,Brazil,20.09S,44.36W
1987-07-01,19.532,0.69,Santa Luzia,Brazil,20.09S,44.36W
1987-08-01,20.613000000000003,0.489,Santa Luzia,Brazil,20.09S,44.36W
1987-09-01,21.516,0.45799999999999996,Santa Luzia,Brazil,20.09S,44.36W
1987-10-01,23.923000000000002,0.54,Santa Luzia,Brazil,20.09S,44.36W
1987-11-01,23.224,0.239,Santa Luzia,Brazil,20.09S,44.36W
1987-12-01,22.893,0.758,Santa Luzia,Brazil,20.09S,44.36W
1988-01-01,24.876,0.7240000000000001,Santa Luzia,Brazil,20.09S,44.36W
1988-02-01,23.561999999999998,0.245,Santa Luzia,Brazil,20.09S,44.36W
1988-03-01,24.011,1.035,Santa Luzia,Brazil,20.09S,44.36W
1988-04-01,22.406999999999996,0.262,Santa Luzia,Brazil,20.09S,44.36W
1988-05-01,21.225,0.307,Santa Luzia,Brazil,20.09S,44.36W
1988-06-01,18.016,0.598,Santa Luzia,Brazil,20.09S,44.36W
1988-07-01,17.061999999999998,0.489,Santa Luzia,Brazil,20.09S,44.36W
1988-08-01,19.579,0.34700000000000003,Santa Luzia,Brazil,20.09S,44.36W
1988-09-01,22.55,0.19699999999999998,Santa Luzia,Brazil,20.09S,44.36W
1988-10-01,21.878,0.33899999999999997,Santa Luzia,Brazil,20.09S,44.36W
1988-11-01,21.448,0.615,Santa Luzia,Brazil,20.09S,44.36W
1988-12-01,22.91,1.123,Santa Luzia,Brazil,20.09S,44.36W
1989-01-01,23.05,0.802,Santa Luzia,Brazil,20.09S,44.36W
1989-02-01,23.119000000000003,0.5579999999999999,Santa Luzia,Brazil,20.09S,44.36W
1989-03-01,23.226999999999997,0.151,Santa Luzia,Brazil,20.09S,44.36W
1989-04-01,22.48,0.162,Santa Luzia,Brazil,20.09S,44.36W
1989-05-01,19.289,0.306,Santa Luzia,Brazil,20.09S,44.36W
1989-06-01,18.532,0.317,Santa Luzia,Brazil,20.09S,44.36W
1989-07-01,17.154,0.5379999999999999,Santa Luzia,Brazil,20.09S,44.36W
1989-08-01,19.645000000000003,0.34700000000000003,Santa Luzia,Brazil,20.09S,44.36W
1989-09-01,21.614,0.8,Santa Luzia,Brazil,20.09S,44.36W
1989-10-01,21.273000000000003,0.32899999999999996,Santa Luzia,Brazil,20.09S,44.36W
1989-11-01,22.211,0.369,Santa Luzia,Brazil,20.09S,44.36W
1989-12-01,22.0,0.23199999999999998,Santa Luzia,Brazil,20.09S,44.36W
1990-01-01,24.364,0.45799999999999996,Santa Luzia,Brazil,20.09S,44.36W
1990-02-01,23.8,0.20800000000000002,Santa Luzia,Brazil,20.09S,44.36W
1990-03-01,24.401,0.29,Santa Luzia,Brazil,20.09S,44.36W
1990-04-01,23.322,0.313,Santa Luzia,Brazil,20.09S,44.36W
1990-05-01,19.792,0.155,Santa Luzia,Brazil,20.09S,44.36W
1990-06-01,18.722,0.326,Santa Luzia,Brazil,20.09S,44.36W
1990-07-01,18.667,0.419,Santa Luzia,Brazil,20.09S,44.36W
1990-08-01,19.008000000000006,0.254,Santa Luzia,Brazil,20.09S,44.36W
1990-09-01,20.531,0.392,Santa Luzia,Brazil,20.09S,44.36W
1990-10-01,22.546,0.602,Santa Luzia,Brazil,20.09S,44.36W
1990-11-01,24.19,0.217,Santa Luzia,Brazil,20.09S,44.36W
1990-12-01,23.177000000000003,0.341,Santa Luzia,Brazil,20.09S,44.36W
1991-01-01,22.218000000000004,0.295,Santa Luzia,Brazil,20.09S,44.36W
1991-02-01,23.296000000000006,0.23,Santa Luzia,Brazil,20.09S,44.36W
1991-03-01,22.844,0.41,Santa Luzia,Brazil,20.09S,44.36W
1991-04-01,21.777,0.254,Santa Luzia,Brazil,20.09S,44.36W
1991-05-01,19.952,0.392,Santa Luzia,Brazil,20.09S,44.36W
1991-06-01,19.403,0.154,Santa Luzia,Brazil,20.09S,44.36W
1991-07-01,18.559,0.488,Santa Luzia,Brazil,20.09S,44.36W
1991-08-01,19.739,0.281,Santa Luzia,Brazil,20.09S,44.36W
1991-09-01,20.894,0.336,Santa Luzia,Brazil,20.09S,44.36W
1991-10-01,21.974,0.5660000000000001,Santa Luzia,Brazil,20.09S,44.36W
1991-11-01,23.073,0.402,Santa Luzia,Brazil,20.09S,44.36W
1991-12-01,23.428,0.314,Santa Luzia,Brazil,20.09S,44.36W
1992-01-01,22.556,0.405,Santa Luzia,Brazil,20.09S,44.36W
1992-02-01,22.459000000000003,0.503,Santa Luzia,Brazil,20.09S,44.36W
1992-03-01,22.923,0.257,Santa Luzia,Brazil,20.09S,44.36W
1992-04-01,22.5,0.474,Santa Luzia,Brazil,20.09S,44.36W
1992-05-01,21.421,0.615,Santa Luzia,Brazil,20.09S,44.36W
1992-06-01,19.383,0.406,Santa Luzia,Brazil,20.09S,44.36W
1992-07-01,18.756,0.519,Santa Luzia,Brazil,20.09S,44.36W
1992-08-01,19.999,0.584,Santa Luzia,Brazil,20.09S,44.36W
1992-09-01,20.268,0.271,Santa Luzia,Brazil,20.09S,44.36W
1992-10-01,21.834,0.13,Santa Luzia,Brazil,20.09S,44.36W
1992-11-01,22.116,0.27399999999999997,Santa Luzia,Brazil,20.09S,44.36W
1992-12-01,22.039,0.397,Santa Luzia,Brazil,20.09S,44.36W
1993-01-01,23.487,0.535,Santa Luzia,Brazil,20.09S,44.36W
1993-02-01,23.026000000000003,0.32299999999999995,Santa Luzia,Brazil,20.09S,44.36W
1993-03-01,24.226,0.363,Santa Luzia,Brazil,20.09S,44.36W
1993-04-01,22.502,0.321,Santa Luzia,Brazil,20.09S,44.36W
1993-05-01,19.822,0.332,Santa Luzia,Brazil,20.09S,44.36W
1993-06-01,18.343,0.184,Santa Luzia,Brazil,20.09S,44.36W
1993-07-01,19.625,0.466,Santa Luzia,Brazil,20.09S,44.36W
1993-08-01,19.921000000000006,0.35600000000000004,Santa Luzia,Brazil,20.09S,44.36W
1993-09-01,22.549,0.33,Santa Luzia,Brazil,20.09S,44.36W
1993-10-01,22.864,0.282,Santa Luzia,Brazil,20.09S,44.36W
1993-11-01,24.175,0.293,Santa Luzia,Brazil,20.09S,44.36W
1993-12-01,22.756999999999998,0.212,Santa Luzia,Brazil,20.09S,44.36W
1994-01-01,22.713,0.37200000000000005,Santa Luzia,Brazil,20.09S,44.36W
1994-02-01,25.164,0.405,Santa Luzia,Brazil,20.09S,44.36W
1994-03-01,22.653000000000002,0.326,Santa Luzia,Brazil,20.09S,44.36W
1994-04-01,21.93,0.23800000000000002,Santa Luzia,Brazil,20.09S,44.36W
1994-05-01,21.276999999999997,0.166,Santa Luzia,Brazil,20.09S,44.36W
1994-06-01,18.521,0.335,Santa Luzia,Brazil,20.09S,44.36W
1994-07-01,18.588,0.49700000000000005,Santa Luzia,Brazil,20.09S,44.36W
1994-08-01,19.753,0.276,Santa Luzia,Brazil,20.09S,44.36W
1994-09-01,22.12,0.203,Santa Luzia,Brazil,20.09S,44.36W
1994-10-01,23.611,0.337,Santa Luzia,Brazil,20.09S,44.36W
1994-11-01,23.19,0.278,Santa Luzia,Brazil,20.09S,44.36W
1994-12-01,23.435,0.23800000000000002,Santa Luzia,Brazil,20.09S,44.36W
1995-01-01,24.816,0.44799999999999995,Santa Luzia,Brazil,20.09S,44.36W
1995-02-01,23.967,0.488,Santa Luzia,Brazil,20.09S,44.36W
1995-03-01,23.590999999999998,0.226,Santa Luzia,Brazil,20.09S,44.36W
1995-04-01,21.983,0.23199999999999998,Santa Luzia,Brazil,20.09S,44.36W
1995-05-01,20.708000000000002,0.267,Santa Luzia,Brazil,20.09S,44.36W
1995-06-01,18.448,0.209,Santa Luzia,Brazil,20.09S,44.36W
1995-07-01,19.985,0.267,Santa Luzia,Brazil,20.09S,44.36W
1995-08-01,21.846999999999998,0.304,Santa Luzia,Brazil,20.09S,44.36W
1995-09-01,22.05,0.272,Santa Luzia,Brazil,20.09S,44.36W
1995-10-01,22.63,0.14300000000000002,Santa Luzia,Brazil,20.09S,44.36W
1995-11-01,22.135,0.16899999999999998,Santa Luzia,Brazil,20.09S,44.36W
1995-12-01,22.700000000000006,0.355,Santa Luzia,Brazil,20.09S,44.36W
1996-01-01,24.1,0.322,Santa Luzia,Brazil,20.09S,44.36W
1996-02-01,24.200000000000006,0.209,Santa Luzia,Brazil,20.09S,44.36W
1996-03-01,23.956999999999997,0.111,Santa Luzia,Brazil,20.09S,44.36W
1996-04-01,22.209,0.535,Santa Luzia,Brazil,20.09S,44.36W
1996-05-01,19.493,0.231,Santa Luzia,Brazil,20.09S,44.36W
1996-06-01,18.342,0.239,Santa Luzia,Brazil,20.09S,44.36W
1996-07-01,18.338,0.188,Santa Luzia,Brazil,20.09S,44.36W
1996-08-01,19.633000000000006,0.36200000000000004,Santa Luzia,Brazil,20.09S,44.36W
1996-09-01,21.026999999999997,0.321,Santa Luzia,Brazil,20.09S,44.36W
1996-10-01,22.781,0.11800000000000001,Santa Luzia,Brazil,20.09S,44.36W
1996-11-01,21.756999999999998,0.32,Santa Luzia,Brazil,20.09S,44.36W
1996-12-01,22.896,0.18100000000000002,Santa Luzia,Brazil,20.09S,44.36W
1997-01-01,23.008000000000003,0.272,Santa Luzia,Brazil,20.09S,44.36W
1997-02-01,23.698,0.268,Santa Luzia,Brazil,20.09S,44.36W
1997-03-01,22.215,0.353,Santa Luzia,Brazil,20.09S,44.36W
1997-04-01,21.348000000000003,0.11699999999999999,Santa Luzia,Brazil,20.09S,44.36W
1997-05-01,19.264,0.196,Santa Luzia,Brazil,20.09S,44.36W
1997-06-01,18.445,0.425,Santa Luzia,Brazil,20.09S,44.36W
1997-07-01,18.953,0.48100000000000004,Santa Luzia,Brazil,20.09S,44.36W
1997-08-01,20.017000000000003,0.532,Santa Luzia,Brazil,20.09S,44.36W
1997-09-01,23.631999999999998,0.368,Santa Luzia,Brazil,20.09S,44.36W
1997-10-01,23.453000000000003,0.287,Santa Luzia,Brazil,20.09S,44.36W
1997-11-01,24.794,0.151,Santa Luzia,Brazil,20.09S,44.36W
1997-12-01,24.035,0.39299999999999996,Santa Luzia,Brazil,20.09S,44.36W
1998-01-01,24.441999999999997,0.488,Santa Luzia,Brazil,20.09S,44.36W
1998-02-01,24.857000000000006,0.302,Santa Luzia,Brazil,20.09S,44.36W
1998-03-01,24.718000000000004,0.321,Santa Luzia,Brazil,20.09S,44.36W
1998-04-01,23.443,0.26899999999999996,Santa Luzia,Brazil,20.09S,44.36W
1998-05-01,20.618,0.358,Santa Luzia,Brazil,20.09S,44.36W
1998-06-01,18.481,0.171,Santa Luzia,Brazil,20.09S,44.36W
1998-07-01,19.2,0.28,Santa Luzia,Brazil,20.09S,44.36W
1998-08-01,21.790000000000006,0.136,Santa Luzia,Brazil,20.09S,44.36W
1998-09-01,23.281,0.142,Santa Luzia,Brazil,20.09S,44.36W
1998-10-01,22.224,0.369,Santa Luzia,Brazil,20.09S,44.36W
1998-11-01,21.92,0.36,Santa Luzia,Brazil,20.09S,44.36W
1998-12-01,23.253,0.703,Santa Luzia,Brazil,20.09S,44.36W
1999-01-01,24.121,0.105,Santa Luzia,Brazil,20.09S,44.36W
1999-02-01,24.185,0.31,Santa Luzia,Brazil,20.09S,44.36W
1999-03-01,23.33,0.397,Santa Luzia,Brazil,20.09S,44.36W
1999-04-01,22.131,0.247,Santa Luzia,Brazil,20.09S,44.36W
1999-05-01,19.437,0.185,Santa Luzia,Brazil,20.09S,44.36W
1999-06-01,19.072,0.201,Santa Luzia,Brazil,20.09S,44.36W
1999-07-01,19.732,0.25,Santa Luzia,Brazil,20.09S,44.36W
1999-08-01,19.523,0.20199999999999999,Santa Luzia,Brazil,20.09S,44.36W
1999-09-01,21.866,0.158,Santa Luzia,Brazil,20.09S,44.36W
1999-10-01,21.525,0.25,Santa Luzia,Brazil,20.09S,44.36W
1999-11-01,21.408,0.27699999999999997,Santa Luzia,Brazil,20.09S,44.36W
1999-12-01,22.748,0.207,Santa Luzia,Brazil,20.09S,44.36W
2000-01-01,23.369,0.21100000000000002,Santa Luzia,Brazil,20.09S,44.36W
2000-02-01,23.616999999999997,0.271,Santa Luzia,Brazil,20.09S,44.36W
2000-03-01,23.052,0.185,Santa Luzia,Brazil,20.09S,44.36W
2000-04-01,21.899,0.131,Santa Luzia,Brazil,20.09S,44.36W
2000-05-01,19.99,0.23199999999999998,Santa Luzia,Brazil,20.09S,44.36W
2000-06-01,18.741,0.5670000000000001,Santa Luzia,Brazil,20.09S,44.36W
2000-07-01,18.254,0.317,Santa Luzia,Brazil,20.09S,44.36W
2000-08-01,20.605999999999998,0.33899999999999997,Santa Luzia,Brazil,20.09S,44.36W
2000-09-01,21.094,0.207,Santa Luzia,Brazil,20.09S,44.36W
2000-10-01,24.267,0.38799999999999996,Santa Luzia,Brazil,20.09S,44.36W
2000-11-01,22.115,0.35200000000000004,Santa Luzia,Brazil,20.09S,44.36W
2000-12-01,23.335,0.298,Santa Luzia,Brazil,20.09S,44.36W
2001-01-01,23.756,0.183,Santa Luzia,Brazil,20.09S,44.36W
2001-02-01,24.895000000000003,0.375,Santa Luzia,Brazil,20.09S,44.36W
2001-03-01,23.935,0.231,Santa Luzia,Brazil,20.09S,44.36W
2001-04-01,23.389,0.511,Santa Luzia,Brazil,20.09S,44.36W
2001-05-01,20.811,0.375,Santa Luzia,Brazil,20.09S,44.36W
2001-06-01,19.593,0.687,Santa Luzia,Brazil,20.09S,44.36W
2001-07-01,19.656,0.19699999999999998,Santa Luzia,Brazil,20.09S,44.36W
2001-08-01,20.245,0.635,Santa Luzia,Brazil,20.09S,44.36W
2001-09-01,21.464,0.256,Santa Luzia,Brazil,20.09S,44.36W
2001-10-01,21.951,0.8490000000000001,Santa Luzia,Brazil,20.09S,44.36W
2001-11-01,23.175,0.327,Santa Luzia,Brazil,20.09S,44.36W
2001-12-01,22.828000000000007,0.177,Santa Luzia,Brazil,20.09S,44.36W
2002-01-01,23.508000000000003,0.32799999999999996,Santa Luzia,Brazil,20.09S,44.36W
2002-02-01,23.204,0.433,Santa Luzia,Brazil,20.09S,44.36W
2002-03-01,24.183000000000003,0.18600000000000003,Santa Luzia,Brazil,20.09S,44.36W
2002-04-01,23.358,0.106,Santa Luzia,Brazil,20.09S,44.36W
2002-05-01,21.326,0.33799999999999997,Santa Luzia,Brazil,20.09S,44.36W
2002-06-01,20.188,0.35,Santa Luzia,Brazil,20.09S,44.36W
2002-07-01,19.45,0.29100000000000004,Santa Luzia,Brazil,20.09S,44.36W
2002-08-01,21.87,0.293,Santa Luzia,Brazil,20.09S,44.36W
2002-09-01,21.219,0.222,Santa Luzia,Brazil,20.09S,44.36W
2002-10-01,24.423000000000002,0.47600000000000003,Santa Luzia,Brazil,20.09S,44.36W
2002-11-01,23.549,0.218,Santa Luzia,Brazil,20.09S,44.36W
2002-12-01,23.69,0.08199999999999999,Santa Luzia,Brazil,20.09S,44.36W
2003-01-01,23.418000000000003,0.252,Santa Luzia,Brazil,20.09S,44.36W
2003-02-01,24.666,0.3,Santa Luzia,Brazil,20.09S,44.36W
2003-03-01,23.662,0.79,Santa Luzia,Brazil,20.09S,44.36W
2003-04-01,22.724,0.419,Santa Luzia,Brazil,20.09S,44.36W
2003-05-01,19.832,0.196,Santa Luzia,Brazil,20.09S,44.36W
2003-06-01,20.055,0.235,Santa Luzia,Brazil,20.09S,44.36W
2003-07-01,19.159000000000002,0.488,Santa Luzia,Brazil,20.09S,44.36W
2003-08-01,20.243,0.32899999999999996,Santa Luzia,Brazil,20.09S,44.36W
2003-09-01,21.610000000000007,0.653,Santa Luzia,Brazil,20.09S,44.36W
2003-10-01,22.701,0.165,Santa Luzia,Brazil,20.09S,44.36W
2003-11-01,23.177,0.294,Santa Luzia,Brazil,20.09S,44.36W
2003-12-01,23.700000000000006,0.126,Santa Luzia,Brazil,20.09S,44.36W
2004-01-01,23.162,0.299,Santa Luzia,Brazil,20.09S,44.36W
2004-02-01,22.587000000000003,0.379,Santa Luzia,Brazil,20.09S,44.36W
2004-03-01,22.962,0.363,Santa Luzia,Brazil,20.09S,44.36W
2004-04-01,22.062,0.107,Santa Luzia,Brazil,20.09S,44.36W
2004-05-01,20.295,0.327,Santa Luzia,Brazil,20.09S,44.36W
2004-06-01,18.473,0.33,Santa Luzia,Brazil,20.09S,44.36W
2004-07-01,18.047,0.508,Santa Luzia,Brazil,20.09S,44.36W
2004-08-01,19.973000000000006,0.209,Santa Luzia,Brazil,20.09S,44.36W
2004-09-01,22.958,0.298,Santa Luzia,Brazil,20.09S,44.36W
2004-10-01,22.507,0.7709999999999999,Santa Luzia,Brazil,20.09S,44.36W
2004-11-01,23.230999999999998,0.88,Santa Luzia,Brazil,20.09S,44.36W
2004-12-01,22.805999999999997,0.124,Santa Luzia,Brazil,20.09S,44.36W
2005-01-01,23.436,0.3,Santa Luzia,Brazil,20.09S,44.36W
2005-02-01,23.689,0.579,Santa Luzia,Brazil,20.09S,44.36W
2005-03-01,23.491,0.11699999999999999,Santa Luzia,Brazil,20.09S,44.36W
2005-04-01,23.278000000000002,0.136,Santa Luzia,Brazil,20.09S,44.36W
2005-05-01,20.721999999999998,0.191,Santa Luzia,Brazil,20.09S,44.36W
2005-06-01,19.406,0.27899999999999997,Santa Luzia,Brazil,20.09S,44.36W
2005-07-01,18.779,0.231,Santa Luzia,Brazil,20.09S,44.36W
2005-08-01,21.162000000000006,0.17800000000000002,Santa Luzia,Brazil,20.09S,44.36W
2005-09-01,21.905,0.221,Santa Luzia,Brazil,20.09S,44.36W
2005-10-01,24.309,0.268,Santa Luzia,Brazil,20.09S,44.36W
2005-11-01,22.311,0.359,Santa Luzia,Brazil,20.09S,44.36W
2005-12-01,22.168000000000006,0.23800000000000002,Santa Luzia,Brazil,20.09S,44.36W
2006-01-01,24.095,0.6559999999999999,Santa Luzia,Brazil,20.09S,44.36W
2006-02-01,24.479000000000006,0.633,Santa Luzia,Brazil,20.09S,44.36W
2006-03-01,23.506,0.384,Santa Luzia,Brazil,20.09S,44.36W
2006-04-01,22.113000000000003,0.583,Santa Luzia,Brazil,20.09S,44.36W
2006-05-01,19.729,0.442,Santa Luzia,Brazil,20.09S,44.36W
2006-06-01,18.465,0.348,Santa Luzia,Brazil,20.09S,44.36W
2006-07-01,19.11,0.292,Santa Luzia,Brazil,20.09S,44.36W
2006-08-01,21.141,0.204,Santa Luzia,Brazil,20.09S,44.36W
2006-09-01,21.41,0.287,Santa Luzia,Brazil,20.09S,44.36W
2006-10-01,22.356,0.254,Santa Luzia,Brazil,20.09S,44.36W
2006-11-01,22.397,0.444,Santa Luzia,Brazil,20.09S,44.36W
2006-12-01,23.014000000000006,0.23199999999999998,Santa Luzia,Brazil,20.09S,44.36W
2007-01-01,23.11,0.264,Santa Luzia,Brazil,20.09S,44.36W
2007-02-01,23.395000000000003,0.503,Santa Luzia,Brazil,20.09S,44.36W
2007-03-01,24.401999999999997,0.35700000000000004,Santa Luzia,Brazil,20.09S,44.36W
2007-04-01,22.774,0.35,Santa Luzia,Brazil,20.09S,44.36W
2007-05-01,20.055999999999997,0.20199999999999999,Santa Luzia,Brazil,20.09S,44.36W
2007-06-01,19.403,0.18600000000000003,Santa Luzia,Brazil,20.09S,44.36W
2007-07-01,19.365,0.195,Santa Luzia,Brazil,20.09S,44.36W
2007-08-01,20.399,0.209,Santa Luzia,Brazil,20.09S,44.36W
2007-09-01,22.450000000000006,0.428,Santa Luzia,Brazil,20.09S,44.36W
2007-10-01,24.019000000000002,0.308,Santa Luzia,Brazil,20.09S,44.36W
2007-11-01,23.25,0.266,Santa Luzia,Brazil,20.09S,44.36W
2007-12-01,23.649,0.24600000000000002,Santa Luzia,Brazil,20.09S,44.36W
2008-01-01,22.645,0.177,Santa Luzia,Brazil,20.09S,44.36W
2008-02-01,23.605,0.642,Santa Luzia,Brazil,20.09S,44.36W
2008-03-01,23.296,0.64,Santa Luzia,Brazil,20.09S,44.36W
2008-04-01,23.065,0.5920000000000001,Santa Luzia,Brazil,20.09S,44.36W
2008-05-01,20.189,0.365,Santa Luzia,Brazil,20.09S,44.36W
2008-06-01,19.361,0.266,Santa Luzia,Brazil,20.09S,44.36W
2008-07-01,18.669,0.28,Santa Luzia,Brazil,20.09S,44.36W
2008-08-01,21.47,0.18899999999999997,Santa Luzia,Brazil,20.09S,44.36W
2008-09-01,21.796000000000006,0.231,Santa Luzia,Brazil,20.09S,44.36W
2008-10-01,23.503,0.315,Santa Luzia,Brazil,20.09S,44.36W
2008-11-01,22.541999999999998,0.301,Santa Luzia,Brazil,20.09S,44.36W
2008-12-01,22.154000000000003,0.33799999999999997,Santa Luzia,Brazil,20.09S,44.36W
2009-01-01,23.184,0.27,Santa Luzia,Brazil,20.09S,44.36W
2009-02-01,23.955,0.316,Santa Luzia,Brazil,20.09S,44.36W
2009-03-01,23.987,0.183,Santa Luzia,Brazil,20.09S,44.36W
2009-04-01,21.99,0.212,Santa Luzia,Brazil,20.09S,44.36W
2009-05-01,20.457,0.295,Santa Luzia,Brazil,20.09S,44.36W
2009-06-01,18.819000000000003,0.307,Santa Luzia,Brazil,20.09S,44.36W
2009-07-01,20.328,0.41200000000000003,Santa Luzia,Brazil,20.09S,44.36W
2009-08-01,20.545,0.159,Santa Luzia,Brazil,20.09S,44.36W
2009-09-01,23.403,0.212,Santa Luzia,Brazil,20.09S,44.36W
2009-10-01,23.019000000000002,0.19699999999999998,Santa Luzia,Brazil,20.09S,44.36W
2009-11-01,24.552,0.28600000000000003,Santa Luzia,Brazil,20.09S,44.36W
2009-12-01,22.746,0.223,Santa Luzia,Brazil,20.09S,44.36W
2010-01-01,24.349,0.19,Santa Luzia,Brazil,20.09S,44.36W
2010-02-01,25.032000000000004,0.295,Santa Luzia,Brazil,20.09S,44.36W
2010-03-01,23.976,0.22699999999999998,Santa Luzia,Brazil,20.09S,44.36W
2010-04-01,22.267,0.23199999999999998,Santa Luzia,Brazil,20.09S,44.36W
2010-05-01,20.459,0.289,Santa Luzia,Brazil,20.09S,44.36W
2010-06-01,18.235,0.784,Santa Luzia,Brazil,20.09S,44.36W
2010-07-01,19.789,0.34600000000000003,Santa Luzia,Brazil,20.09S,44.36W
2010-08-01,20.301,0.47,Santa Luzia,Brazil,20.09S,44.36W
2010-09-01,22.191000000000006,0.39299999999999996,Santa Luzia,Brazil,20.09S,44.36W
2010-10-01,22.612,0.255,Santa Luzia,Brazil,20.09S,44.36W
2010-11-01,22.372,0.27,Santa Luzia,Brazil,20.09S,44.36W
2010-12-01,23.813,0.29100000000000004,Santa Luzia,Brazil,20.09S,44.36W
2011-01-01,23.625,0.183,Santa Luzia,Brazil,20.09S,44.36W
2011-02-01,24.676,0.32899999999999996,Santa Luzia,Brazil,20.09S,44.36W
2011-03-01,22.723000000000003,0.21100000000000002,Santa Luzia,Brazil,20.09S,44.36W
2011-04-01,22.529,0.295,Santa Luzia,Brazil,20.09S,44.36W
2011-05-01,20.108,0.342,Santa Luzia,Brazil,20.09S,44.36W
2011-06-01,18.677,0.48200000000000004,Santa Luzia,Brazil,20.09S,44.36W
2011-07-01,19.343,0.34700000000000003,Santa Luzia,Brazil,20.09S,44.36W
2011-08-01,21.756999999999998,0.479,Santa Luzia,Brazil,20.09S,44.36W
2011-09-01,22.015,0.409,Santa Luzia,Brazil,20.09S,44.36W
2011-10-01,21.969,0.467,Santa Luzia,Brazil,20.09S,44.36W
2011-11-01,21.41,0.389,Santa Luzia,Brazil,20.09S,44.36W
2011-12-01,22.054,0.321,Santa Luzia,Brazil,20.09S,44.36W
2012-01-01,22.278000000000002,0.20199999999999999,Santa Luzia,Brazil,20.09S,44.36W
2012-02-01,23.842,0.361,Santa Luzia,Brazil,20.09S,44.36W
2012-03-01,23.299,0.244,Santa Luzia,Brazil,20.09S,44.36W
2012-04-01,22.683000000000003,0.212,Santa Luzia,Brazil,20.09S,44.36W
2012-05-01,19.47,0.17,Santa Luzia,Brazil,20.09S,44.36W
2012-06-01,20.333,0.375,Santa Luzia,Brazil,20.09S,44.36W
2012-07-01,19.442,0.375,Santa Luzia,Brazil,20.09S,44.36W
2012-08-01,19.983,0.852,Santa Luzia,Brazil,20.09S,44.36W
2012-09-01,22.683000000000003,0.303,Santa Luzia,Brazil,20.09S,44.36W
2012-10-01,24.13,0.762,Santa Luzia,Brazil,20.09S,44.36W
2012-11-01,23.033,0.384,Santa Luzia,Brazil,20.09S,44.36W
2012-12-01,24.761999999999997,1.071,Santa Luzia,Brazil,20.09S,44.36W
2013-01-01,23.094,0.377,Santa Luzia,Brazil,20.09S,44.36W
2013-02-01,24.088,0.943,Santa Luzia,Brazil,20.09S,44.36W
2013-03-01,23.435,0.466,Santa Luzia,Brazil,20.09S,44.36W
2013-04-01,21.706,0.7609999999999999,Santa Luzia,Brazil,20.09S,44.36W
2013-05-01,20.316,0.41200000000000003,Santa Luzia,Brazil,20.09S,44.36W
2013-06-01,19.97,0.5539999999999999,Santa Luzia,Brazil,20.09S,44.36W
2013-07-01,19.498,0.498,Santa Luzia,Brazil,20.09S,44.36W
2013-08-01,20.581999999999997,0.442,Santa Luzia,Brazil,20.09S,44.36W
2013-09-01,,,Santa Luzia,Brazil,20.09S,44.36W
1832-01-01,24.471999999999998,1.7519999999999998,Santa Maria,Brazil,29.74S,53.54W
1832-02-01,23.934,2.589,Santa Maria,Brazil,29.74S,53.54W
1832-03-01,22.178,1.889,Santa Maria,Brazil,29.74S,53.54W
1832-04-01,18.533,2.487,Santa Maria,Brazil,29.74S,53.54W
1832-05-01,15.020999999999999,2.31,Santa Maria,Brazil,29.74S,53.54W
1832-06-01,13.66,2.252,Santa Maria,Brazil,29.74S,53.54W
1832-07-01,13.57,2.6439999999999997,Santa Maria,Brazil,29.74S,53.54W
1832-08-01,13.627,2.282,Santa Maria,Brazil,29.74S,53.54W
1832-09-01,15.026,2.531,Santa Maria,Brazil,29.74S,53.54W
1832-10-01,17.977999999999994,2.113,Santa Maria,Brazil,29.74S,53.54W
1832-11-01,20.695999999999998,1.536,Santa Maria,Brazil,29.74S,53.54W
1832-12-01,22.532,3.4010000000000002,Santa Maria,Brazil,29.74S,53.54W
1833-01-01,24.888,2.418,Santa Maria,Brazil,29.74S,53.54W
1833-02-01,24.889,1.902,Santa Maria,Brazil,29.74S,53.54W
1833-03-01,22.163,2.448,Santa Maria,Brazil,29.74S,53.54W
1833-04-01,19.133,1.965,Santa Maria,Brazil,29.74S,53.54W
1833-05-01,15.186000000000002,1.962,Santa Maria,Brazil,29.74S,53.54W
1833-06-01,13.726,2.174,Santa Maria,Brazil,29.74S,53.54W
1833-07-01,13.498,2.044,Santa Maria,Brazil,29.74S,53.54W
1833-08-01,14.74,2.2769999999999997,Santa Maria,Brazil,29.74S,53.54W
1833-09-01,16.201999999999998,1.865,Santa Maria,Brazil,29.74S,53.54W
1833-10-01,18.018,1.7919999999999998,Santa Maria,Brazil,29.74S,53.54W
1833-11-01,23.195999999999998,1.818,Santa Maria,Brazil,29.74S,53.54W
1833-12-01,24.445,2.307,Santa Maria,Brazil,29.74S,53.54W
1834-01-01,23.522,1.9140000000000001,Santa Maria,Brazil,29.74S,53.54W
1834-02-01,24.259,2.12,Santa Maria,Brazil,29.74S,53.54W
1834-03-01,22.808000000000003,2.26,Santa Maria,Brazil,29.74S,53.54W
1834-04-01,18.853,2.219,Santa Maria,Brazil,29.74S,53.54W
1834-05-01,16.226000000000006,1.9980000000000002,Santa Maria,Brazil,29.74S,53.54W
1834-06-01,12.966,2.5269999999999997,Santa Maria,Brazil,29.74S,53.54W
1834-07-01,13.934000000000001,2.17,Santa Maria,Brazil,29.74S,53.54W
1834-08-01,14.267999999999999,1.8719999999999999,Santa Maria,Brazil,29.74S,53.54W
1834-09-01,16.141,2.401,Santa Maria,Brazil,29.74S,53.54W
1834-10-01,17.846,1.716,Santa Maria,Brazil,29.74S,53.54W
1834-11-01,21.559,2.193,Santa Maria,Brazil,29.74S,53.54W
1834-12-01,24.08,1.761,Santa Maria,Brazil,29.74S,53.54W
1835-01-01,25.184,1.67,Santa Maria,Brazil,29.74S,53.54W
1835-02-01,24.551,2.126,Santa Maria,Brazil,29.74S,53.54W
1835-03-01,21.268,2.015,Santa Maria,Brazil,29.74S,53.54W
1835-04-01,18.243,2.234,Santa Maria,Brazil,29.74S,53.54W
1835-05-01,14.547,1.889,Santa Maria,Brazil,29.74S,53.54W
1835-06-01,12.69,2.184,Santa Maria,Brazil,29.74S,53.54W
1835-07-01,13.24,2.298,Santa Maria,Brazil,29.74S,53.54W
1835-08-01,13.868,1.902,Santa Maria,Brazil,29.74S,53.54W
1835-09-01,14.194,1.768,Santa Maria,Brazil,29.74S,53.54W
1835-10-01,17.395999999999994,1.649,Santa Maria,Brazil,29.74S,53.54W
1835-11-01,20.148000000000003,1.831,Santa Maria,Brazil,29.74S,53.54W
1835-12-01,22.049,1.754,Santa Maria,Brazil,29.74S,53.54W
1836-01-01,24.558000000000003,1.4769999999999999,Santa Maria,Brazil,29.74S,53.54W
1836-02-01,24.261,1.8840000000000001,Santa Maria,Brazil,29.74S,53.54W
1836-03-01,22.795,1.631,Santa Maria,Brazil,29.74S,53.54W
1836-04-01,17.922,1.685,Santa Maria,Brazil,29.74S,53.54W
1836-05-01,14.310000000000002,1.869,Santa Maria,Brazil,29.74S,53.54W
1836-06-01,13.087,1.8969999999999998,Santa Maria,Brazil,29.74S,53.54W
1836-07-01,13.875,2.383,Santa Maria,Brazil,29.74S,53.54W
1836-08-01,14.325,2.281,Santa Maria,Brazil,29.74S,53.54W
1836-09-01,14.806,2.09,Santa Maria,Brazil,29.74S,53.54W
1836-10-01,17.915,3.543,Santa Maria,Brazil,29.74S,53.54W
1836-11-01,20.172,1.8030000000000002,Santa Maria,Brazil,29.74S,53.54W
1836-12-01,23.483,2.2030000000000003,Santa Maria,Brazil,29.74S,53.54W
1837-01-01,24.659000000000002,1.916,Santa Maria,Brazil,29.74S,53.54W
1837-02-01,23.767,1.999,Santa Maria,Brazil,29.74S,53.54W
1837-03-01,20.849,1.882,Santa Maria,Brazil,29.74S,53.54W
1837-04-01,17.282,1.7169999999999999,Santa Maria,Brazil,29.74S,53.54W
1837-05-01,14.560000000000002,2.032,Santa Maria,Brazil,29.74S,53.54W
1837-06-01,12.344000000000001,2.2230000000000003,Santa Maria,Brazil,29.74S,53.54W
1837-07-01,13.049000000000001,1.9809999999999999,Santa Maria,Brazil,29.74S,53.54W
1837-08-01,14.173,1.7619999999999998,Santa Maria,Brazil,29.74S,53.54W
1837-09-01,15.291,1.6909999999999998,Santa Maria,Brazil,29.74S,53.54W
1837-10-01,17.509,2.29,Santa Maria,Brazil,29.74S,53.54W
1837-11-01,20.462000000000003,2.029,Santa Maria,Brazil,29.74S,53.54W
1837-12-01,23.097,2.957,Santa Maria,Brazil,29.74S,53.54W
1838-01-01,22.548,2.188,Santa Maria,Brazil,29.74S,53.54W
1838-02-01,23.213,1.696,Santa Maria,Brazil,29.74S,53.54W
1838-03-01,21.029,1.778,Santa Maria,Brazil,29.74S,53.54W
1838-04-01,18.245,1.692,Santa Maria,Brazil,29.74S,53.54W
1838-05-01,14.29,1.806,Santa Maria,Brazil,29.74S,53.54W
1838-06-01,13.424000000000001,2.025,Santa Maria,Brazil,29.74S,53.54W
1838-07-01,14.067,2.9739999999999998,Santa Maria,Brazil,29.74S,53.54W
1838-08-01,14.177,2.6639999999999997,Santa Maria,Brazil,29.74S,53.54W
1838-09-01,15.605999999999998,1.7369999999999999,Santa Maria,Brazil,29.74S,53.54W
1838-10-01,18.267,2.907,Santa Maria,Brazil,29.74S,53.54W
1838-11-01,20.846999999999998,2.21,Santa Maria,Brazil,29.74S,53.54W
1838-12-01,23.692,2.3280000000000003,Santa Maria,Brazil,29.74S,53.54W
1839-01-01,24.49,1.7080000000000002,Santa Maria,Brazil,29.74S,53.54W
1839-02-01,24.579,1.9880000000000002,Santa Maria,Brazil,29.74S,53.54W
1839-03-01,20.505,1.7309999999999999,Santa Maria,Brazil,29.74S,53.54W
1839-04-01,18.808,1.849,Santa Maria,Brazil,29.74S,53.54W
1839-05-01,15.020999999999999,1.756,Santa Maria,Brazil,29.74S,53.54W
1839-06-01,13.207,1.847,Santa Maria,Brazil,29.74S,53.54W
1839-07-01,13.545,2.8289999999999997,Santa Maria,Brazil,29.74S,53.54W
1839-08-01,14.705,2.173,Santa Maria,Brazil,29.74S,53.54W
1839-09-01,15.031,1.734,Santa Maria,Brazil,29.74S,53.54W
1839-10-01,17.395,1.993,Santa Maria,Brazil,29.74S,53.54W
1839-11-01,19.968,1.9169999999999998,Santa Maria,Brazil,29.74S,53.54W
1839-12-01,22.265,1.983,Santa Maria,Brazil,29.74S,53.54W
1840-01-01,24.945,1.69,Santa Maria,Brazil,29.74S,53.54W
1840-02-01,24.035,2.084,Santa Maria,Brazil,29.74S,53.54W
1840-03-01,20.991,1.581,Santa Maria,Brazil,29.74S,53.54W
1840-04-01,18.69,2.129,Santa Maria,Brazil,29.74S,53.54W
1840-05-01,15.839000000000002,2.001,Santa Maria,Brazil,29.74S,53.54W
1840-06-01,13.841,1.9669999999999999,Santa Maria,Brazil,29.74S,53.54W
1840-07-01,14.078,1.945,Santa Maria,Brazil,29.74S,53.54W
1840-08-01,13.932,1.8019999999999998,Santa Maria,Brazil,29.74S,53.54W
1840-09-01,15.704,1.713,Santa Maria,Brazil,29.74S,53.54W
1840-10-01,18.03,2.113,Santa Maria,Brazil,29.74S,53.54W
1840-11-01,20.656,2.541,Santa Maria,Brazil,29.74S,53.54W
1840-12-01,23.427,2.096,Santa Maria,Brazil,29.74S,53.54W
1841-01-01,23.794,1.871,Santa Maria,Brazil,29.74S,53.54W
1841-02-01,23.642,1.591,Santa Maria,Brazil,29.74S,53.54W
1841-03-01,21.753,2.9610000000000003,Santa Maria,Brazil,29.74S,53.54W
1841-04-01,18.475,1.939,Santa Maria,Brazil,29.74S,53.54W
1841-05-01,15.317000000000002,1.811,Santa Maria,Brazil,29.74S,53.54W
1841-06-01,13.422,1.8530000000000002,Santa Maria,Brazil,29.74S,53.54W
1841-07-01,13.917,1.985,Santa Maria,Brazil,29.74S,53.54W
1841-08-01,14.588,1.7919999999999998,Santa Maria,Brazil,29.74S,53.54W
1841-09-01,15.323999999999998,1.545,Santa Maria,Brazil,29.74S,53.54W
1841-10-01,17.996,1.6640000000000001,Santa Maria,Brazil,29.74S,53.54W
1841-11-01,20.78,1.463,Santa Maria,Brazil,29.74S,53.54W
1841-12-01,22.754,2.148,Santa Maria,Brazil,29.74S,53.54W
1842-01-01,24.513,1.692,Santa Maria,Brazil,29.74S,53.54W
1842-02-01,24.381,1.7480000000000002,Santa Maria,Brazil,29.74S,53.54W
1842-03-01,23.458000000000002,2.1180000000000003,Santa Maria,Brazil,29.74S,53.54W
1842-04-01,19.478,1.911,Santa Maria,Brazil,29.74S,53.54W
1842-05-01,15.247000000000002,1.85,Santa Maria,Brazil,29.74S,53.54W
1842-06-01,13.794,2.187,Santa Maria,Brazil,29.74S,53.54W
1842-07-01,13.754000000000001,2.188,Santa Maria,Brazil,29.74S,53.54W
1842-08-01,14.408,1.801,Santa Maria,Brazil,29.74S,53.54W
1842-09-01,14.765,1.765,Santa Maria,Brazil,29.74S,53.54W
1842-10-01,17.724,1.6159999999999999,Santa Maria,Brazil,29.74S,53.54W
1842-11-01,20.916999999999998,1.706,Santa Maria,Brazil,29.74S,53.54W
1842-12-01,24.103,1.666,Santa Maria,Brazil,29.74S,53.54W
1843-01-01,25.471999999999998,1.639,Santa Maria,Brazil,29.74S,53.54W
1843-02-01,25.538,1.652,Santa Maria,Brazil,29.74S,53.54W
1843-03-01,22.353,1.685,Santa Maria,Brazil,29.74S,53.54W
1843-04-01,18.68,1.704,Santa Maria,Brazil,29.74S,53.54W
1843-05-01,15.494000000000002,2.306,Santa Maria,Brazil,29.74S,53.54W
1843-06-01,13.065,1.902,Santa Maria,Brazil,29.74S,53.54W
1843-07-01,13.059000000000001,1.985,Santa Maria,Brazil,29.74S,53.54W
1843-08-01,14.667,2.028,Santa Maria,Brazil,29.74S,53.54W
1843-09-01,15.912999999999998,1.5830000000000002,Santa Maria,Brazil,29.74S,53.54W
1843-10-01,18.108,1.7380000000000002,Santa Maria,Brazil,29.74S,53.54W
1843-11-01,21.104000000000006,1.422,Santa Maria,Brazil,29.74S,53.54W
1843-12-01,24.58,2.278,Santa Maria,Brazil,29.74S,53.54W
1844-01-01,,,Santa Maria,Brazil,29.74S,53.54W
1844-02-01,,,Santa Maria,Brazil,29.74S,53.54W
1844-03-01,,,Santa Maria,Brazil,29.74S,53.54W
1844-04-01,,,Santa Maria,Brazil,29.74S,53.54W
1844-05-01,,,Santa Maria,Brazil,29.74S,53.54W
1844-06-01,,,Santa Maria,Brazil,29.74S,53.54W
1844-07-01,,,Santa Maria,Brazil,29.74S,53.54W
1844-08-01,,,Santa Maria,Brazil,29.74S,53.54W
1844-09-01,,,Santa Maria,Brazil,29.74S,53.54W
1844-10-01,,,Santa Maria,Brazil,29.74S,53.54W
1844-11-01,,,Santa Maria,Brazil,29.74S,53.54W
1844-12-01,,,Santa Maria,Brazil,29.74S,53.54W
1845-01-01,,,Santa Maria,Brazil,29.74S,53.54W
1845-02-01,,,Santa Maria,Brazil,29.74S,53.54W
1845-03-01,,,Santa Maria,Brazil,29.74S,53.54W
1845-04-01,,,Santa Maria,Brazil,29.74S,53.54W
1845-05-01,,,Santa Maria,Brazil,29.74S,53.54W
1845-06-01,,,Santa Maria,Brazil,29.74S,53.54W
1845-07-01,,,Santa Maria,Brazil,29.74S,53.54W
1845-08-01,,,Santa Maria,Brazil,29.74S,53.54W
1845-09-01,,,Santa Maria,Brazil,29.74S,53.54W
1845-10-01,,,Santa Maria,Brazil,29.74S,53.54W
1845-11-01,,,Santa Maria,Brazil,29.74S,53.54W
1845-12-01,,,Santa Maria,Brazil,29.74S,53.54W
1846-01-01,,,Santa Maria,Brazil,29.74S,53.54W
1846-02-01,,,Santa Maria,Brazil,29.74S,53.54W
1846-03-01,,,Santa Maria,Brazil,29.74S,53.54W
1846-04-01,,,Santa Maria,Brazil,29.74S,53.54W
1846-05-01,,,Santa Maria,Brazil,29.74S,53.54W
1846-06-01,,,Santa Maria,Brazil,29.74S,53.54W
1846-07-01,,,Santa Maria,Brazil,29.74S,53.54W
1846-08-01,,,Santa Maria,Brazil,29.74S,53.54W
1846-09-01,,,Santa Maria,Brazil,29.74S,53.54W
1846-10-01,,,Santa Maria,Brazil,29.74S,53.54W
1846-11-01,,,Santa Maria,Brazil,29.74S,53.54W
1846-12-01,,,Santa Maria,Brazil,29.74S,53.54W
1847-01-01,,,Santa Maria,Brazil,29.74S,53.54W
1847-02-01,,,Santa Maria,Brazil,29.74S,53.54W
1847-03-01,,,Santa Maria,Brazil,29.74S,53.54W
1847-04-01,,,Santa Maria,Brazil,29.74S,53.54W
1847-05-01,,,Santa Maria,Brazil,29.74S,53.54W
1847-06-01,,,Santa Maria,Brazil,29.74S,53.54W
1847-07-01,,,Santa Maria,Brazil,29.74S,53.54W
1847-08-01,,,Santa Maria,Brazil,29.74S,53.54W
1847-09-01,,,Santa Maria,Brazil,29.74S,53.54W
1847-10-01,,,Santa Maria,Brazil,29.74S,53.54W
1847-11-01,,,Santa Maria,Brazil,29.74S,53.54W
1847-12-01,,,Santa Maria,Brazil,29.74S,53.54W
1848-01-01,,,Santa Maria,Brazil,29.74S,53.54W
1848-02-01,,,Santa Maria,Brazil,29.74S,53.54W
1848-03-01,,,Santa Maria,Brazil,29.74S,53.54W
1848-04-01,,,Santa Maria,Brazil,29.74S,53.54W
1848-05-01,,,Santa Maria,Brazil,29.74S,53.54W
1848-06-01,,,Santa Maria,Brazil,29.74S,53.54W
1848-07-01,,,Santa Maria,Brazil,29.74S,53.54W
1848-08-01,,,Santa Maria,Brazil,29.74S,53.54W
1848-09-01,,,Santa Maria,Brazil,29.74S,53.54W
1848-10-01,,,Santa Maria,Brazil,29.74S,53.54W
1848-11-01,,,Santa Maria,Brazil,29.74S,53.54W
1848-12-01,,,Santa Maria,Brazil,29.74S,53.54W
1849-01-01,,,Santa Maria,Brazil,29.74S,53.54W
1849-02-01,,,Santa Maria,Brazil,29.74S,53.54W
1849-03-01,,,Santa Maria,Brazil,29.74S,53.54W
1849-04-01,,,Santa Maria,Brazil,29.74S,53.54W
1849-05-01,,,Santa Maria,Brazil,29.74S,53.54W
1849-06-01,,,Santa Maria,Brazil,29.74S,53.54W
1849-07-01,,,Santa Maria,Brazil,29.74S,53.54W
1849-08-01,,,Santa Maria,Brazil,29.74S,53.54W
1849-09-01,,,Santa Maria,Brazil,29.74S,53.54W
1849-10-01,,,Santa Maria,Brazil,29.74S,53.54W
1849-11-01,,,Santa Maria,Brazil,29.74S,53.54W
1849-12-01,,,Santa Maria,Brazil,29.74S,53.54W
1850-01-01,,,Santa Maria,Brazil,29.74S,53.54W
1850-02-01,,,Santa Maria,Brazil,29.74S,53.54W
1850-03-01,,,Santa Maria,Brazil,29.74S,53.54W
1850-04-01,,,Santa Maria,Brazil,29.74S,53.54W
1850-05-01,,,Santa Maria,Brazil,29.74S,53.54W
1850-06-01,,,Santa Maria,Brazil,29.74S,53.54W
1850-07-01,,,Santa Maria,Brazil,29.74S,53.54W
1850-08-01,,,Santa Maria,Brazil,29.74S,53.54W
1850-09-01,,,Santa Maria,Brazil,29.74S,53.54W
1850-10-01,,,Santa Maria,Brazil,29.74S,53.54W
1850-11-01,,,Santa Maria,Brazil,29.74S,53.54W
1850-12-01,,,Santa Maria,Brazil,29.74S,53.54W
1851-01-01,25.070999999999998,1.4380000000000002,Santa Maria,Brazil,29.74S,53.54W
1851-02-01,24.425,1.56,Santa Maria,Brazil,29.74S,53.54W
1851-03-01,21.816,1.631,Santa Maria,Brazil,29.74S,53.54W
1851-04-01,18.941,2.104,Santa Maria,Brazil,29.74S,53.54W
1851-05-01,15.752,1.7819999999999998,Santa Maria,Brazil,29.74S,53.54W
1851-06-01,13.651,1.837,Santa Maria,Brazil,29.74S,53.54W
1851-07-01,14.261,2.147,Santa Maria,Brazil,29.74S,53.54W
1851-08-01,14.823,1.893,Santa Maria,Brazil,29.74S,53.54W
1851-09-01,15.89,1.661,Santa Maria,Brazil,29.74S,53.54W
1851-10-01,18.632,2.093,Santa Maria,Brazil,29.74S,53.54W
1851-11-01,20.862,1.569,Santa Maria,Brazil,29.74S,53.54W
1851-12-01,23.498,2.637,Santa Maria,Brazil,29.74S,53.54W
1852-01-01,24.761,2.199,Santa Maria,Brazil,29.74S,53.54W
1852-02-01,24.055,1.5759999999999998,Santa Maria,Brazil,29.74S,53.54W
1852-03-01,21.995,2.16,Santa Maria,Brazil,29.74S,53.54W
1852-04-01,18.68,1.723,Santa Maria,Brazil,29.74S,53.54W
1852-05-01,15.963,1.831,Santa Maria,Brazil,29.74S,53.54W
1852-06-01,13.936,1.9580000000000002,Santa Maria,Brazil,29.74S,53.54W
1852-07-01,14.095999999999998,2.045,Santa Maria,Brazil,29.74S,53.54W
1852-08-01,14.342,1.775,Santa Maria,Brazil,29.74S,53.54W
1852-09-01,15.938999999999998,1.666,Santa Maria,Brazil,29.74S,53.54W
1852-10-01,18.311,1.671,Santa Maria,Brazil,29.74S,53.54W
1852-11-01,21.066999999999997,1.868,Santa Maria,Brazil,29.74S,53.54W
1852-12-01,24.613000000000003,1.903,Santa Maria,Brazil,29.74S,53.54W
1853-01-01,24.496,1.557,Santa Maria,Brazil,29.74S,53.54W
1853-02-01,23.483,1.669,Santa Maria,Brazil,29.74S,53.54W
1853-03-01,21.611,1.827,Santa Maria,Brazil,29.74S,53.54W
1853-04-01,19.031,1.855,Santa Maria,Brazil,29.74S,53.54W
1853-05-01,15.523,1.761,Santa Maria,Brazil,29.74S,53.54W
1853-06-01,13.815,1.855,Santa Maria,Brazil,29.74S,53.54W
1853-07-01,14.36,1.8869999999999998,Santa Maria,Brazil,29.74S,53.54W
1853-08-01,15.268,1.8259999999999998,Santa Maria,Brazil,29.74S,53.54W
1853-09-01,16.596,1.704,Santa Maria,Brazil,29.74S,53.54W
1853-10-01,18.39,1.619,Santa Maria,Brazil,29.74S,53.54W
1853-11-01,21.473000000000006,2.0180000000000002,Santa Maria,Brazil,29.74S,53.54W
1853-12-01,23.507,1.604,Santa Maria,Brazil,29.74S,53.54W
1854-01-01,23.766,1.786,Santa Maria,Brazil,29.74S,53.54W
1854-02-01,23.808000000000003,1.791,Santa Maria,Brazil,29.74S,53.54W
1854-03-01,22.139,1.723,Santa Maria,Brazil,29.74S,53.54W
1854-04-01,19.236,1.693,Santa Maria,Brazil,29.74S,53.54W
1854-05-01,15.784,1.7790000000000001,Santa Maria,Brazil,29.74S,53.54W
1854-06-01,13.716,2.033,Santa Maria,Brazil,29.74S,53.54W
1854-07-01,14.369000000000002,2.009,Santa Maria,Brazil,29.74S,53.54W
1854-08-01,15.084000000000001,1.8840000000000001,Santa Maria,Brazil,29.74S,53.54W
1854-09-01,16.372,1.651,Santa Maria,Brazil,29.74S,53.54W
1854-10-01,19.605,1.6469999999999998,Santa Maria,Brazil,29.74S,53.54W
1854-11-01,21.622,1.527,Santa Maria,Brazil,29.74S,53.54W
1854-12-01,23.877,2.094,Santa Maria,Brazil,29.74S,53.54W
1855-01-01,25.348000000000003,1.8769999999999998,Santa Maria,Brazil,29.74S,53.54W
1855-02-01,24.713,1.734,Santa Maria,Brazil,29.74S,53.54W
1855-03-01,22.77,1.6019999999999999,Santa Maria,Brazil,29.74S,53.54W
1855-04-01,19.807000000000002,1.7930000000000001,Santa Maria,Brazil,29.74S,53.54W
1855-05-01,15.945000000000002,1.383,Santa Maria,Brazil,29.74S,53.54W
1855-06-01,13.483,2.032,Santa Maria,Brazil,29.74S,53.54W
1855-07-01,13.458,1.463,Santa Maria,Brazil,29.74S,53.54W
1855-08-01,14.982999999999999,1.298,Santa Maria,Brazil,29.74S,53.54W
1855-09-01,15.889000000000001,1.095,Santa Maria,Brazil,29.74S,53.54W
1855-10-01,18.089000000000002,1.671,Santa Maria,Brazil,29.74S,53.54W
1855-11-01,21.259,1.114,Santa Maria,Brazil,29.74S,53.54W
1855-12-01,21.689,2.366,Santa Maria,Brazil,29.74S,53.54W
1856-01-01,24.4,0.9159999999999999,Santa Maria,Brazil,29.74S,53.54W
1856-02-01,23.136,1.213,Santa Maria,Brazil,29.74S,53.54W
1856-03-01,21.795,2.1959999999999997,Santa Maria,Brazil,29.74S,53.54W
1856-04-01,19.123,1.319,Santa Maria,Brazil,29.74S,53.54W
1856-05-01,14.997000000000002,0.9359999999999999,Santa Maria,Brazil,29.74S,53.54W
1856-06-01,14.324000000000002,0.855,Santa Maria,Brazil,29.74S,53.54W
1856-07-01,13.554,1.139,Santa Maria,Brazil,29.74S,53.54W
1856-08-01,14.556,1.9240000000000002,Santa Maria,Brazil,29.74S,53.54W
1856-09-01,15.759999999999998,1.633,Santa Maria,Brazil,29.74S,53.54W
1856-10-01,17.923,1.121,Santa Maria,Brazil,29.74S,53.54W
1856-11-01,21.873,1.328,Santa Maria,Brazil,29.74S,53.54W
1856-12-01,23.168000000000003,1.911,Santa Maria,Brazil,29.74S,53.54W
1857-01-01,24.226,1.351,Santa Maria,Brazil,29.74S,53.54W
1857-02-01,23.391,1.327,Santa Maria,Brazil,29.74S,53.54W
1857-03-01,23.264,2.657,Santa Maria,Brazil,29.74S,53.54W
1857-04-01,17.718,1.8430000000000002,Santa Maria,Brazil,29.74S,53.54W
1857-05-01,15.801000000000002,1.844,Santa Maria,Brazil,29.74S,53.54W
1857-06-01,15.265999999999998,2.536,Santa Maria,Brazil,29.74S,53.54W
1857-07-01,15.239,2.875,Santa Maria,Brazil,29.74S,53.54W
1857-08-01,15.002,2.31,Santa Maria,Brazil,29.74S,53.54W
1857-09-01,16.509999999999998,2.5810000000000004,Santa Maria,Brazil,29.74S,53.54W
1857-10-01,18.454,2.048,Santa Maria,Brazil,29.74S,53.54W
1857-11-01,23.252,2.16,Santa Maria,Brazil,29.74S,53.54W
1857-12-01,23.414,0.8590000000000001,Santa Maria,Brazil,29.74S,53.54W
1858-01-01,25.287,3.4410000000000003,Santa Maria,Brazil,29.74S,53.54W
1858-02-01,24.757,1.712,Santa Maria,Brazil,29.74S,53.54W
1858-03-01,22.444000000000003,1.02,Santa Maria,Brazil,29.74S,53.54W
1858-04-01,19.443,1.824,Santa Maria,Brazil,29.74S,53.54W
1858-05-01,15.45,1.3769999999999998,Santa Maria,Brazil,29.74S,53.54W
1858-06-01,12.885,1.452,Santa Maria,Brazil,29.74S,53.54W
1858-07-01,12.482999999999999,1.175,Santa Maria,Brazil,29.74S,53.54W
1858-08-01,14.773,1.181,Santa Maria,Brazil,29.74S,53.54W
1858-09-01,16.034000000000002,2.6919999999999997,Santa Maria,Brazil,29.74S,53.54W
1858-10-01,17.151,1.723,Santa Maria,Brazil,29.74S,53.54W
1858-11-01,19.573,2.51,Santa Maria,Brazil,29.74S,53.54W
1858-12-01,21.227,1.246,Santa Maria,Brazil,29.74S,53.54W
1859-01-01,22.596,2.04,Santa Maria,Brazil,29.74S,53.54W
1859-02-01,22.524,2.002,Santa Maria,Brazil,29.74S,53.54W
1859-03-01,22.498,1.6980000000000002,Santa Maria,Brazil,29.74S,53.54W
1859-04-01,19.697,1.158,Santa Maria,Brazil,29.74S,53.54W
1859-05-01,16.123,1.079,Santa Maria,Brazil,29.74S,53.54W
1859-06-01,14.206,1.3519999999999999,Santa Maria,Brazil,29.74S,53.54W
1859-07-01,14.342,1.6640000000000001,Santa Maria,Brazil,29.74S,53.54W
1859-08-01,14.588,1.5390000000000001,Santa Maria,Brazil,29.74S,53.54W
1859-09-01,15.957,0.835,Santa Maria,Brazil,29.74S,53.54W
1859-10-01,19.042,1.375,Santa Maria,Brazil,29.74S,53.54W
1859-11-01,20.956999999999997,0.856,Santa Maria,Brazil,29.74S,53.54W
1859-12-01,23.364,1.4980000000000002,Santa Maria,Brazil,29.74S,53.54W
1860-01-01,24.745,1.61,Santa Maria,Brazil,29.74S,53.54W
1860-02-01,23.811,1.149,Santa Maria,Brazil,29.74S,53.54W
1860-03-01,21.201,1.858,Santa Maria,Brazil,29.74S,53.54W
1860-04-01,17.959,2.765,Santa Maria,Brazil,29.74S,53.54W
1860-05-01,14.330000000000002,1.7169999999999999,Santa Maria,Brazil,29.74S,53.54W
1860-06-01,13.283,1.167,Santa Maria,Brazil,29.74S,53.54W
1860-07-01,14.448,0.96,Santa Maria,Brazil,29.74S,53.54W
1860-08-01,16.187,1.4580000000000002,Santa Maria,Brazil,29.74S,53.54W
1860-09-01,16.898,1.6880000000000002,Santa Maria,Brazil,29.74S,53.54W
1860-10-01,19.227,1.078,Santa Maria,Brazil,29.74S,53.54W
1860-11-01,20.951,0.841,Santa Maria,Brazil,29.74S,53.54W
1860-12-01,22.485,1.268,Santa Maria,Brazil,29.74S,53.54W
1861-01-01,23.838,1.5390000000000001,Santa Maria,Brazil,29.74S,53.54W
1861-02-01,24.231,1.047,Santa Maria,Brazil,29.74S,53.54W
1861-03-01,22.552,1.319,Santa Maria,Brazil,29.74S,53.54W
1861-04-01,19.695,0.6779999999999999,Santa Maria,Brazil,29.74S,53.54W
1861-05-01,14.589000000000002,0.8170000000000001,Santa Maria,Brazil,29.74S,53.54W
1861-06-01,13.023,1.526,Santa Maria,Brazil,29.74S,53.54W
1861-07-01,12.562000000000001,1.341,Santa Maria,Brazil,29.74S,53.54W
1861-08-01,16.69,1.9380000000000002,Santa Maria,Brazil,29.74S,53.54W
1861-09-01,16.096999999999998,0.733,Santa Maria,Brazil,29.74S,53.54W
1861-10-01,17.267,0.7859999999999999,Santa Maria,Brazil,29.74S,53.54W
1861-11-01,20.691999999999997,1.465,Santa Maria,Brazil,29.74S,53.54W
1861-12-01,22.947,2.162,Santa Maria,Brazil,29.74S,53.54W
1862-01-01,23.93,1.249,Santa Maria,Brazil,29.74S,53.54W
1862-02-01,23.492,1.413,Santa Maria,Brazil,29.74S,53.54W
1862-03-01,23.231,0.99,Santa Maria,Brazil,29.74S,53.54W
1862-04-01,20.11,1.3769999999999998,Santa Maria,Brazil,29.74S,53.54W
1862-05-01,16.914,2.521,Santa Maria,Brazil,29.74S,53.54W
1862-06-01,14.898,2.677,Santa Maria,Brazil,29.74S,53.54W
1862-07-01,12.021,1.465,Santa Maria,Brazil,29.74S,53.54W
1862-08-01,13.435,1.511,Santa Maria,Brazil,29.74S,53.54W
1862-09-01,14.796,1.256,Santa Maria,Brazil,29.74S,53.54W
1862-10-01,17.955,1.051,Santa Maria,Brazil,29.74S,53.54W
1862-11-01,21.090999999999998,1.517,Santa Maria,Brazil,29.74S,53.54W
1862-12-01,22.923000000000002,1.4780000000000002,Santa Maria,Brazil,29.74S,53.54W
1863-01-01,24.163,1.554,Santa Maria,Brazil,29.74S,53.54W
1863-02-01,23.976999999999997,3.072,Santa Maria,Brazil,29.74S,53.54W
1863-03-01,21.13,0.693,Santa Maria,Brazil,29.74S,53.54W
1863-04-01,18.722,1.4080000000000001,Santa Maria,Brazil,29.74S,53.54W
1863-05-01,14.677999999999999,1.595,Santa Maria,Brazil,29.74S,53.54W
1863-06-01,13.890999999999998,2.479,Santa Maria,Brazil,29.74S,53.54W
1863-07-01,13.04,1.7819999999999998,Santa Maria,Brazil,29.74S,53.54W
1863-08-01,14.152000000000001,1.365,Santa Maria,Brazil,29.74S,53.54W
1863-09-01,15.145,1.736,Santa Maria,Brazil,29.74S,53.54W
1863-10-01,17.624000000000002,0.96,Santa Maria,Brazil,29.74S,53.54W
1863-11-01,21.19,1.197,Santa Maria,Brazil,29.74S,53.54W
1863-12-01,23.524,1.412,Santa Maria,Brazil,29.74S,53.54W
1864-01-01,23.701,1.206,Santa Maria,Brazil,29.74S,53.54W
1864-02-01,24.197,1.567,Santa Maria,Brazil,29.74S,53.54W
1864-03-01,23.001,1.795,Santa Maria,Brazil,29.74S,53.54W
1864-04-01,18.508,1.4080000000000001,Santa Maria,Brazil,29.74S,53.54W
1864-05-01,16.281000000000002,0.953,Santa Maria,Brazil,29.74S,53.54W
1864-06-01,13.841,1.521,Santa Maria,Brazil,29.74S,53.54W
1864-07-01,13.125,1.271,Santa Maria,Brazil,29.74S,53.54W
1864-08-01,13.797,1.995,Santa Maria,Brazil,29.74S,53.54W
1864-09-01,15.678999999999998,1.54,Santa Maria,Brazil,29.74S,53.54W
1864-10-01,18.44,0.905,Santa Maria,Brazil,29.74S,53.54W
1864-11-01,21.511999999999997,1.182,Santa Maria,Brazil,29.74S,53.54W
1864-12-01,23.456,1.421,Santa Maria,Brazil,29.74S,53.54W
1865-01-01,24.115,1.6269999999999998,Santa Maria,Brazil,29.74S,53.54W
1865-02-01,23.784000000000002,1.318,Santa Maria,Brazil,29.74S,53.54W
1865-03-01,22.173000000000002,0.987,Santa Maria,Brazil,29.74S,53.54W
1865-04-01,18.964000000000002,1.196,Santa Maria,Brazil,29.74S,53.54W
1865-05-01,15.520999999999999,1.3230000000000002,Santa Maria,Brazil,29.74S,53.54W
1865-06-01,15.167,2.8489999999999998,Santa Maria,Brazil,29.74S,53.54W
1865-07-01,14.11,1.165,Santa Maria,Brazil,29.74S,53.54W
1865-08-01,14.493,0.9259999999999999,Santa Maria,Brazil,29.74S,53.54W
1865-09-01,16.034000000000002,1.048,Santa Maria,Brazil,29.74S,53.54W
1865-10-01,19.627,1.423,Santa Maria,Brazil,29.74S,53.54W
1865-11-01,22.08,1.3090000000000002,Santa Maria,Brazil,29.74S,53.54W
1865-12-01,23.87,1.175,Santa Maria,Brazil,29.74S,53.54W
1866-01-01,24.761,1.24,Santa Maria,Brazil,29.74S,53.54W
1866-02-01,23.445,1.537,Santa Maria,Brazil,29.74S,53.54W
1866-03-01,23.153000000000002,2.325,Santa Maria,Brazil,29.74S,53.54W
1866-04-01,18.597,1.4769999999999999,Santa Maria,Brazil,29.74S,53.54W
1866-05-01,16.417,1.304,Santa Maria,Brazil,29.74S,53.54W
1866-06-01,13.039000000000001,0.9540000000000001,Santa Maria,Brazil,29.74S,53.54W
1866-07-01,14.273,1.607,Santa Maria,Brazil,29.74S,53.54W
1866-08-01,14.883,1.208,Santa Maria,Brazil,29.74S,53.54W
1866-09-01,16.791999999999998,0.888,Santa Maria,Brazil,29.74S,53.54W
1866-10-01,18.201,0.899,Santa Maria,Brazil,29.74S,53.54W
1866-11-01,21.03,1.02,Santa Maria,Brazil,29.74S,53.54W
1866-12-01,23.442,1.59,Santa Maria,Brazil,29.74S,53.54W
1867-01-01,24.095,1.6440000000000001,Santa Maria,Brazil,29.74S,53.54W
1867-02-01,23.644000000000002,1.376,Santa Maria,Brazil,29.74S,53.54W
1867-03-01,22.004,1.382,Santa Maria,Brazil,29.74S,53.54W
1867-04-01,17.849999999999994,1.9869999999999999,Santa Maria,Brazil,29.74S,53.54W
1867-05-01,16.141000000000002,1.587,Santa Maria,Brazil,29.74S,53.54W
1867-06-01,13.568,1.02,Santa Maria,Brazil,29.74S,53.54W
1867-07-01,13.34,1.295,Santa Maria,Brazil,29.74S,53.54W
1867-08-01,15.15,1.986,Santa Maria,Brazil,29.74S,53.54W
1867-09-01,16.473,0.955,Santa Maria,Brazil,29.74S,53.54W
1867-10-01,18.582,0.96,Santa Maria,Brazil,29.74S,53.54W
1867-11-01,21.985000000000007,1.9909999999999999,Santa Maria,Brazil,29.74S,53.54W
1867-12-01,23.834,1.626,Santa Maria,Brazil,29.74S,53.54W
1868-01-01,25.419,1.195,Santa Maria,Brazil,29.74S,53.54W
1868-02-01,24.399,1.6030000000000002,Santa Maria,Brazil,29.74S,53.54W
1868-03-01,22.623,1.401,Santa Maria,Brazil,29.74S,53.54W
1868-04-01,18.901,1.16,Santa Maria,Brazil,29.74S,53.54W
1868-05-01,16.762999999999998,1.317,Santa Maria,Brazil,29.74S,53.54W
1868-06-01,15.056,1.669,Santa Maria,Brazil,29.74S,53.54W
1868-07-01,14.037,1.364,Santa Maria,Brazil,29.74S,53.54W
1868-08-01,15.332,1.3019999999999998,Santa Maria,Brazil,29.74S,53.54W
1868-09-01,16.627,1.2309999999999999,Santa Maria,Brazil,29.74S,53.54W
1868-10-01,20.177,2.0709999999999997,Santa Maria,Brazil,29.74S,53.54W
1868-11-01,21.645000000000003,1.0979999999999999,Santa Maria,Brazil,29.74S,53.54W
1868-12-01,23.272,1.9040000000000001,Santa Maria,Brazil,29.74S,53.54W
1869-01-01,24.956999999999997,1.8980000000000001,Santa Maria,Brazil,29.74S,53.54W
1869-02-01,23.815,1.504,Santa Maria,Brazil,29.74S,53.54W
1869-03-01,22.326,1.242,Santa Maria,Brazil,29.74S,53.54W
1869-04-01,19.714000000000002,1.574,Santa Maria,Brazil,29.74S,53.54W
1869-05-01,18.014000000000006,3.332,Santa Maria,Brazil,29.74S,53.54W
1869-06-01,13.893,2.095,Santa Maria,Brazil,29.74S,53.54W
1869-07-01,12.661,1.9180000000000001,Santa Maria,Brazil,29.74S,53.54W
1869-08-01,14.999,1.489,Santa Maria,Brazil,29.74S,53.54W
1869-09-01,17.206,1.087,Santa Maria,Brazil,29.74S,53.54W
1869-10-01,17.961,0.978,Santa Maria,Brazil,29.74S,53.54W
1869-11-01,21.084000000000003,0.9109999999999999,Santa Maria,Brazil,29.74S,53.54W
1869-12-01,23.099,0.997,Santa Maria,Brazil,29.74S,53.54W
1870-01-01,24.364,1.175,Santa Maria,Brazil,29.74S,53.54W
1870-02-01,25.009,1.3119999999999998,Santa Maria,Brazil,29.74S,53.54W
1870-03-01,22.93,1.137,Santa Maria,Brazil,29.74S,53.54W
1870-04-01,18.634,1.483,Santa Maria,Brazil,29.74S,53.54W
1870-05-01,16.503,0.973,Santa Maria,Brazil,29.74S,53.54W
1870-06-01,14.411,1.139,Santa Maria,Brazil,29.74S,53.54W
1870-07-01,14.113,1.0090000000000001,Santa Maria,Brazil,29.74S,53.54W
1870-08-01,14.118,0.986,Santa Maria,Brazil,29.74S,53.54W
1870-09-01,15.928999999999998,1.035,Santa Maria,Brazil,29.74S,53.54W
1870-10-01,19.509,1.3,Santa Maria,Brazil,29.74S,53.54W
1870-11-01,20.866999999999997,1.161,Santa Maria,Brazil,29.74S,53.54W
1870-12-01,24.374000000000002,1.86,Santa Maria,Brazil,29.74S,53.54W
1871-01-01,24.633000000000003,0.956,Santa Maria,Brazil,29.74S,53.54W
1871-02-01,24.35,1.331,Santa Maria,Brazil,29.74S,53.54W
1871-03-01,22.348000000000003,1.649,Santa Maria,Brazil,29.74S,53.54W
1871-04-01,18.267,0.8909999999999999,Santa Maria,Brazil,29.74S,53.54W
1871-05-01,15.416000000000002,1.112,Santa Maria,Brazil,29.74S,53.54W
1871-06-01,13.459000000000001,0.99,Santa Maria,Brazil,29.74S,53.54W
1871-07-01,13.328,1.214,Santa Maria,Brazil,29.74S,53.54W
1871-08-01,14.957,0.988,Santa Maria,Brazil,29.74S,53.54W
1871-09-01,15.695,0.995,Santa Maria,Brazil,29.74S,53.54W
1871-10-01,17.956999999999994,1.112,Santa Maria,Brazil,29.74S,53.54W
1871-11-01,21.263,1.2670000000000001,Santa Maria,Brazil,29.74S,53.54W
1871-12-01,23.4,0.925,Santa Maria,Brazil,29.74S,53.54W
1872-01-01,24.621,2.557,Santa Maria,Brazil,29.74S,53.54W
1872-02-01,24.014,1.489,Santa Maria,Brazil,29.74S,53.54W
1872-03-01,21.906,1.4469999999999998,Santa Maria,Brazil,29.74S,53.54W
1872-04-01,18.641,1.161,Santa Maria,Brazil,29.74S,53.54W
1872-05-01,14.520999999999999,1.031,Santa Maria,Brazil,29.74S,53.54W
1872-06-01,13.687000000000001,1.77,Santa Maria,Brazil,29.74S,53.54W
1872-07-01,13.465,1.4909999999999999,Santa Maria,Brazil,29.74S,53.54W
1872-08-01,15.375,1.5090000000000001,Santa Maria,Brazil,29.74S,53.54W
1872-09-01,16.968999999999998,1.527,Santa Maria,Brazil,29.74S,53.54W
1872-10-01,20.106,2.739,Santa Maria,Brazil,29.74S,53.54W
1872-11-01,21.609,1.109,Santa Maria,Brazil,29.74S,53.54W
1872-12-01,23.343000000000004,1.874,Santa Maria,Brazil,29.74S,53.54W
1873-01-01,25.444000000000003,1.785,Santa Maria,Brazil,29.74S,53.54W
1873-02-01,24.245,1.379,Santa Maria,Brazil,29.74S,53.54W
1873-03-01,21.995,1.579,Santa Maria,Brazil,29.74S,53.54W
1873-04-01,18.359,1.287,Santa Maria,Brazil,29.74S,53.54W
1873-05-01,16.534000000000002,1.022,Santa Maria,Brazil,29.74S,53.54W
1873-06-01,14.598,1.063,Santa Maria,Brazil,29.74S,53.54W
1873-07-01,12.685,0.9179999999999999,Santa Maria,Brazil,29.74S,53.54W
1873-08-01,15.25,0.904,Santa Maria,Brazil,29.74S,53.54W
1873-09-01,16.86,2.0780000000000003,Santa Maria,Brazil,29.74S,53.54W
1873-10-01,18.711,0.987,Santa Maria,Brazil,29.74S,53.54W
1873-11-01,21.893,0.9009999999999999,Santa Maria,Brazil,29.74S,53.54W
1873-12-01,23.505,1.317,Santa Maria,Brazil,29.74S,53.54W
1874-01-01,23.115,1.0270000000000001,Santa Maria,Brazil,29.74S,53.54W
1874-02-01,23.642,0.9940000000000001,Santa Maria,Brazil,29.74S,53.54W
1874-03-01,21.47,1.2590000000000001,Santa Maria,Brazil,29.74S,53.54W
1874-04-01,18.793,1.7590000000000001,Santa Maria,Brazil,29.74S,53.54W
1874-05-01,14.391000000000002,1.57,Santa Maria,Brazil,29.74S,53.54W
1874-06-01,13.653,1.86,Santa Maria,Brazil,29.74S,53.54W
1874-07-01,12.772,1.838,Santa Maria,Brazil,29.74S,53.54W
1874-08-01,15.449000000000002,1.7790000000000001,Santa Maria,Brazil,29.74S,53.54W
1874-09-01,16.349,0.833,Santa Maria,Brazil,29.74S,53.54W
1874-10-01,17.205,0.857,Santa Maria,Brazil,29.74S,53.54W
1874-11-01,20.348000000000006,1.318,Santa Maria,Brazil,29.74S,53.54W
1874-12-01,22.812,1.6909999999999998,Santa Maria,Brazil,29.74S,53.54W
1875-01-01,23.401,1.556,Santa Maria,Brazil,29.74S,53.54W
1875-02-01,24.244,1.01,Santa Maria,Brazil,29.74S,53.54W
1875-03-01,21.218000000000004,1.136,Santa Maria,Brazil,29.74S,53.54W
1875-04-01,18.441,1.1320000000000001,Santa Maria,Brazil,29.74S,53.54W
1875-05-01,16.207,1.2009999999999998,Santa Maria,Brazil,29.74S,53.54W
1875-06-01,11.896999999999998,1.507,Santa Maria,Brazil,29.74S,53.54W
1875-07-01,12.87,1.484,Santa Maria,Brazil,29.74S,53.54W
1875-08-01,14.06,1.04,Santa Maria,Brazil,29.74S,53.54W
1875-09-01,16.764,0.764,Santa Maria,Brazil,29.74S,53.54W
1875-10-01,18.437,0.84,Santa Maria,Brazil,29.74S,53.54W
1875-11-01,21.03,0.622,Santa Maria,Brazil,29.74S,53.54W
1875-12-01,23.105,1.9380000000000002,Santa Maria,Brazil,29.74S,53.54W
1876-01-01,23.769,0.9059999999999999,Santa Maria,Brazil,29.74S,53.54W
1876-02-01,23.958000000000002,0.897,Santa Maria,Brazil,29.74S,53.54W
1876-03-01,23.136999999999997,1.444,Santa Maria,Brazil,29.74S,53.54W
1876-04-01,18.918,1.2209999999999999,Santa Maria,Brazil,29.74S,53.54W
1876-05-01,16.317,0.82,Santa Maria,Brazil,29.74S,53.54W
1876-06-01,13.002,0.9840000000000001,Santa Maria,Brazil,29.74S,53.54W
1876-07-01,15.093,1.093,Santa Maria,Brazil,29.74S,53.54W
1876-08-01,14.17,1.234,Santa Maria,Brazil,29.74S,53.54W
1876-09-01,17.070999999999998,0.9279999999999999,Santa Maria,Brazil,29.74S,53.54W
1876-10-01,17.936,0.8170000000000001,Santa Maria,Brazil,29.74S,53.54W
1876-11-01,19.298,1.235,Santa Maria,Brazil,29.74S,53.54W
1876-12-01,21.375,1.403,Santa Maria,Brazil,29.74S,53.54W
1877-01-01,25.359,1.505,Santa Maria,Brazil,29.74S,53.54W
1877-02-01,24.772,1.511,Santa Maria,Brazil,29.74S,53.54W
1877-03-01,24.916,1.367,Santa Maria,Brazil,29.74S,53.54W
1877-04-01,20.518,1.38,Santa Maria,Brazil,29.74S,53.54W
1877-05-01,15.262,1.171,Santa Maria,Brazil,29.74S,53.54W
1877-06-01,14.269,1.682,Santa Maria,Brazil,29.74S,53.54W
1877-07-01,15.597000000000001,1.2790000000000001,Santa Maria,Brazil,29.74S,53.54W
1877-08-01,14.398,1.08,Santa Maria,Brazil,29.74S,53.54W
1877-09-01,16.52,0.6559999999999999,Santa Maria,Brazil,29.74S,53.54W
1877-10-01,20.067,1.002,Santa Maria,Brazil,29.74S,53.54W
1877-11-01,21.494,1.304,Santa Maria,Brazil,29.74S,53.54W
1877-12-01,23.685,2.122,Santa Maria,Brazil,29.74S,53.54W
1878-01-01,24.048,1.9,Santa Maria,Brazil,29.74S,53.54W
1878-02-01,24.269000000000002,1.465,Santa Maria,Brazil,29.74S,53.54W
1878-03-01,24.058000000000003,1.0170000000000001,Santa Maria,Brazil,29.74S,53.54W
1878-04-01,19.419,1.431,Santa Maria,Brazil,29.74S,53.54W
1878-05-01,15.212000000000002,1.4169999999999998,Santa Maria,Brazil,29.74S,53.54W
1878-06-01,13.681,1.5419999999999998,Santa Maria,Brazil,29.74S,53.54W
1878-07-01,13.333,1.0290000000000001,Santa Maria,Brazil,29.74S,53.54W
1878-08-01,14.25,1.149,Santa Maria,Brazil,29.74S,53.54W
1878-09-01,16.781,0.747,Santa Maria,Brazil,29.74S,53.54W
1878-10-01,17.828,1.1159999999999999,Santa Maria,Brazil,29.74S,53.54W
1878-11-01,21.881999999999998,1.197,Santa Maria,Brazil,29.74S,53.54W
1878-12-01,21.734,1.449,Santa Maria,Brazil,29.74S,53.54W
1879-01-01,23.212,1.421,Santa Maria,Brazil,29.74S,53.54W
1879-02-01,23.379,1.014,Santa Maria,Brazil,29.74S,53.54W
1879-03-01,22.149,0.742,Santa Maria,Brazil,29.74S,53.54W
1879-04-01,18.235,0.826,Santa Maria,Brazil,29.74S,53.54W
1879-05-01,15.346000000000002,0.7120000000000001,Santa Maria,Brazil,29.74S,53.54W
1879-06-01,13.294,1.274,Santa Maria,Brazil,29.74S,53.54W
1879-07-01,14.777000000000001,1.038,Santa Maria,Brazil,29.74S,53.54W
1879-08-01,14.514000000000001,1.0390000000000001,Santa Maria,Brazil,29.74S,53.54W
1879-09-01,15.371,0.9470000000000001,Santa Maria,Brazil,29.74S,53.54W
1879-10-01,18.419,1.064,Santa Maria,Brazil,29.74S,53.54W
1879-11-01,21.684,0.6970000000000001,Santa Maria,Brazil,29.74S,53.54W
1879-12-01,22.825,1.19,Santa Maria,Brazil,29.74S,53.54W
1880-01-01,23.456,1.199,Santa Maria,Brazil,29.74S,53.54W
1880-02-01,23.677,0.8170000000000001,Santa Maria,Brazil,29.74S,53.54W
1880-03-01,21.646,0.6829999999999999,Santa Maria,Brazil,29.74S,53.54W
1880-04-01,17.982,1.205,Santa Maria,Brazil,29.74S,53.54W
1880-05-01,15.416000000000002,0.828,Santa Maria,Brazil,29.74S,53.54W
1880-06-01,15.106,0.6629999999999999,Santa Maria,Brazil,29.74S,53.54W
1880-07-01,13.943,0.97,Santa Maria,Brazil,29.74S,53.54W
1880-08-01,16.184,0.8029999999999999,Santa Maria,Brazil,29.74S,53.54W
1880-09-01,14.701,1.619,Santa Maria,Brazil,29.74S,53.54W
1880-10-01,16.962999999999994,0.794,Santa Maria,Brazil,29.74S,53.54W
1880-11-01,21.203000000000007,1.371,Santa Maria,Brazil,29.74S,53.54W
1880-12-01,24.646,1.099,Santa Maria,Brazil,29.74S,53.54W
1881-01-01,23.461,0.997,Santa Maria,Brazil,29.74S,53.54W
1881-02-01,24.099,1.051,Santa Maria,Brazil,29.74S,53.54W
1881-03-01,23.234,1.131,Santa Maria,Brazil,29.74S,53.54W
1881-04-01,18.306,0.75,Santa Maria,Brazil,29.74S,53.54W
1881-05-01,15.36,0.752,Santa Maria,Brazil,29.74S,53.54W
1881-06-01,13.398,1.01,Santa Maria,Brazil,29.74S,53.54W
1881-07-01,12.759,0.815,Santa Maria,Brazil,29.74S,53.54W
1881-08-01,14.387,0.927,Santa Maria,Brazil,29.74S,53.54W
1881-09-01,16.985,0.847,Santa Maria,Brazil,29.74S,53.54W
1881-10-01,19.259,0.8440000000000001,Santa Maria,Brazil,29.74S,53.54W
1881-11-01,21.375999999999998,1.079,Santa Maria,Brazil,29.74S,53.54W
1881-12-01,24.041,0.958,Santa Maria,Brazil,29.74S,53.54W
1882-01-01,24.366,1.423,Santa Maria,Brazil,29.74S,53.54W
1882-02-01,23.671999999999997,1.202,Santa Maria,Brazil,29.74S,53.54W
1882-03-01,21.325,0.82,Santa Maria,Brazil,29.74S,53.54W
1882-04-01,17.653,0.882,Santa Maria,Brazil,29.74S,53.54W
1882-05-01,15.225,1.034,Santa Maria,Brazil,29.74S,53.54W
1882-06-01,12.826,0.8009999999999999,Santa Maria,Brazil,29.74S,53.54W
1882-07-01,12.319,0.961,Santa Maria,Brazil,29.74S,53.54W
1882-08-01,15.198,1.008,Santa Maria,Brazil,29.74S,53.54W
1882-09-01,15.36,0.991,Santa Maria,Brazil,29.74S,53.54W
1882-10-01,19.934,0.745,Santa Maria,Brazil,29.74S,53.54W
1882-11-01,20.874,1.193,Santa Maria,Brazil,29.74S,53.54W
1882-12-01,21.909000000000002,2.112,Santa Maria,Brazil,29.74S,53.54W
1883-01-01,23.791,1.745,Santa Maria,Brazil,29.74S,53.54W
1883-02-01,23.573,1.136,Santa Maria,Brazil,29.74S,53.54W
1883-03-01,22.918000000000003,0.9109999999999999,Santa Maria,Brazil,29.74S,53.54W
1883-04-01,17.163999999999998,0.779,Santa Maria,Brazil,29.74S,53.54W
1883-05-01,15.472,0.74,Santa Maria,Brazil,29.74S,53.54W
1883-06-01,14.677,0.894,Santa Maria,Brazil,29.74S,53.54W
1883-07-01,13.649000000000001,0.93,Santa Maria,Brazil,29.74S,53.54W
1883-08-01,13.571,0.6609999999999999,Santa Maria,Brazil,29.74S,53.54W
1883-09-01,15.556,0.606,Santa Maria,Brazil,29.74S,53.54W
1883-10-01,18.564,0.7020000000000001,Santa Maria,Brazil,29.74S,53.54W
1883-11-01,21.412000000000006,0.7,Santa Maria,Brazil,29.74S,53.54W
1883-12-01,23.213,0.992,Santa Maria,Brazil,29.74S,53.54W
1884-01-01,24.195,1.285,Santa Maria,Brazil,29.74S,53.54W
1884-02-01,23.621,1.111,Santa Maria,Brazil,29.74S,53.54W
1884-03-01,24.079,1.0590000000000002,Santa Maria,Brazil,29.74S,53.54W
1884-04-01,18.396,0.841,Santa Maria,Brazil,29.74S,53.54W
1884-05-01,13.883,0.818,Santa Maria,Brazil,29.74S,53.54W
1884-06-01,11.959000000000001,1.168,Santa Maria,Brazil,29.74S,53.54W
1884-07-01,12.601,1.055,Santa Maria,Brazil,29.74S,53.54W
1884-08-01,17.602,1.0490000000000002,Santa Maria,Brazil,29.74S,53.54W
1884-09-01,16.451,0.7509999999999999,Santa Maria,Brazil,29.74S,53.54W
1884-10-01,17.91,0.777,Santa Maria,Brazil,29.74S,53.54W
1884-11-01,21.130000000000006,0.897,Santa Maria,Brazil,29.74S,53.54W
1884-12-01,23.336,0.992,Santa Maria,Brazil,29.74S,53.54W
1885-01-01,24.531999999999996,1.2009999999999998,Santa Maria,Brazil,29.74S,53.54W
1885-02-01,23.695,1.399,Santa Maria,Brazil,29.74S,53.54W
1885-03-01,21.608,0.622,Santa Maria,Brazil,29.74S,53.54W
1885-04-01,18.404,1.369,Santa Maria,Brazil,29.74S,53.54W
1885-05-01,15.677999999999999,1.4809999999999999,Santa Maria,Brazil,29.74S,53.54W
1885-06-01,12.217,1.013,Santa Maria,Brazil,29.74S,53.54W
1885-07-01,12.314,1.706,Santa Maria,Brazil,29.74S,53.54W
1885-08-01,13.509,0.887,Santa Maria,Brazil,29.74S,53.54W
1885-09-01,16.465,0.647,Santa Maria,Brazil,29.74S,53.54W
1885-10-01,18.716,0.6659999999999999,Santa Maria,Brazil,29.74S,53.54W
1885-11-01,22.967,1.508,Santa Maria,Brazil,29.74S,53.54W
1885-12-01,23.595,1.501,Santa Maria,Brazil,29.74S,53.54W
1886-01-01,25.419,1.8230000000000002,Santa Maria,Brazil,29.74S,53.54W
1886-02-01,23.47,0.976,Santa Maria,Brazil,29.74S,53.54W
1886-03-01,22.85,1.1,Santa Maria,Brazil,29.74S,53.54W
1886-04-01,18.361,0.688,Santa Maria,Brazil,29.74S,53.54W
1886-05-01,14.464000000000002,0.8059999999999999,Santa Maria,Brazil,29.74S,53.54W
1886-06-01,11.774000000000001,1.001,Santa Maria,Brazil,29.74S,53.54W
1886-07-01,11.945,1.466,Santa Maria,Brazil,29.74S,53.54W
1886-08-01,13.414000000000001,1.431,Santa Maria,Brazil,29.74S,53.54W
1886-09-01,16.05,0.85,Santa Maria,Brazil,29.74S,53.54W
1886-10-01,17.628,0.866,Santa Maria,Brazil,29.74S,53.54W
1886-11-01,21.054,0.978,Santa Maria,Brazil,29.74S,53.54W
1886-12-01,23.759,1.386,Santa Maria,Brazil,29.74S,53.54W
1887-01-01,23.898000000000003,1.0090000000000001,Santa Maria,Brazil,29.74S,53.54W
1887-02-01,23.214000000000002,1.5619999999999998,Santa Maria,Brazil,29.74S,53.54W
1887-03-01,21.395,0.9359999999999999,Santa Maria,Brazil,29.74S,53.54W
1887-04-01,17.64,0.799,Santa Maria,Brazil,29.74S,53.54W
1887-05-01,14.149,1.018,Santa Maria,Brazil,29.74S,53.54W
1887-06-01,14.832,1.111,Santa Maria,Brazil,29.74S,53.54W
1887-07-01,13.274000000000001,0.602,Santa Maria,Brazil,29.74S,53.54W
1887-08-01,16.959,0.9940000000000001,Santa Maria,Brazil,29.74S,53.54W
1887-09-01,15.598999999999998,0.898,Santa Maria,Brazil,29.74S,53.54W
1887-10-01,18.421,0.745,Santa Maria,Brazil,29.74S,53.54W
1887-11-01,21.119,1.3359999999999999,Santa Maria,Brazil,29.74S,53.54W
1887-12-01,23.826,1.2830000000000001,Santa Maria,Brazil,29.74S,53.54W
1888-01-01,24.605999999999998,1.476,Santa Maria,Brazil,29.74S,53.54W
1888-02-01,24.506,0.857,Santa Maria,Brazil,29.74S,53.54W
1888-03-01,22.433000000000003,0.983,Santa Maria,Brazil,29.74S,53.54W
1888-04-01,18.809,0.813,Santa Maria,Brazil,29.74S,53.54W
1888-05-01,14.327000000000002,0.8759999999999999,Santa Maria,Brazil,29.74S,53.54W
1888-06-01,12.069,0.9129999999999999,Santa Maria,Brazil,29.74S,53.54W
1888-07-01,14.902000000000001,0.602,Santa Maria,Brazil,29.74S,53.54W
1888-08-01,15.837,0.769,Santa Maria,Brazil,29.74S,53.54W
1888-09-01,17.544999999999998,1.732,Santa Maria,Brazil,29.74S,53.54W
1888-10-01,19.759,1.402,Santa Maria,Brazil,29.74S,53.54W
1888-11-01,21.545,1.911,Santa Maria,Brazil,29.74S,53.54W
1888-12-01,24.329,1.375,Santa Maria,Brazil,29.74S,53.54W
1889-01-01,25.389,1.6540000000000001,Santa Maria,Brazil,29.74S,53.54W
1889-02-01,24.265,1.43,Santa Maria,Brazil,29.74S,53.54W
1889-03-01,23.516,0.7959999999999999,Santa Maria,Brazil,29.74S,53.54W
1889-04-01,18.924,0.893,Santa Maria,Brazil,29.74S,53.54W
1889-05-01,16.102,0.529,Santa Maria,Brazil,29.74S,53.54W
1889-06-01,12.271,1.28,Santa Maria,Brazil,29.74S,53.54W
1889-07-01,13.923,0.75,Santa Maria,Brazil,29.74S,53.54W
1889-08-01,13.009,0.884,Santa Maria,Brazil,29.74S,53.54W
1889-09-01,15.165,0.861,Santa Maria,Brazil,29.74S,53.54W
1889-10-01,18.251,0.452,Santa Maria,Brazil,29.74S,53.54W
1889-11-01,21.756999999999998,0.713,Santa Maria,Brazil,29.74S,53.54W
1889-12-01,24.286,1.03,Santa Maria,Brazil,29.74S,53.54W
1890-01-01,23.98,0.716,Santa Maria,Brazil,29.74S,53.54W
1890-02-01,23.843000000000004,0.8490000000000001,Santa Maria,Brazil,29.74S,53.54W
1890-03-01,21.819000000000003,0.679,Santa Maria,Brazil,29.74S,53.54W
1890-04-01,18.857,1.696,Santa Maria,Brazil,29.74S,53.54W
1890-05-01,13.908,1.318,Santa Maria,Brazil,29.74S,53.54W
1890-06-01,12.265,0.9329999999999999,Santa Maria,Brazil,29.74S,53.54W
1890-07-01,14.469000000000001,1.056,Santa Maria,Brazil,29.74S,53.54W
1890-08-01,13.241,0.826,Santa Maria,Brazil,29.74S,53.54W
1890-09-01,15.287,0.609,Santa Maria,Brazil,29.74S,53.54W
1890-10-01,17.932000000000002,0.669,Santa Maria,Brazil,29.74S,53.54W
1890-11-01,21.721,0.9620000000000001,Santa Maria,Brazil,29.74S,53.54W
1890-12-01,23.749000000000002,0.857,Santa Maria,Brazil,29.74S,53.54W
1891-01-01,24.384,0.8340000000000001,Santa Maria,Brazil,29.74S,53.54W
1891-02-01,24.549,0.7140000000000001,Santa Maria,Brazil,29.74S,53.54W
1891-03-01,22.617,0.442,Santa Maria,Brazil,29.74S,53.54W
1891-04-01,18.724,0.654,Santa Maria,Brazil,29.74S,53.54W
1891-05-01,16.073,0.718,Santa Maria,Brazil,29.74S,53.54W
1891-06-01,13.661,0.731,Santa Maria,Brazil,29.74S,53.54W
1891-07-01,13.311,0.604,Santa Maria,Brazil,29.74S,53.54W
1891-08-01,14.761,0.794,Santa Maria,Brazil,29.74S,53.54W
1891-09-01,16.415,0.865,Santa Maria,Brazil,29.74S,53.54W
1891-10-01,18.931,0.483,Santa Maria,Brazil,29.74S,53.54W
1891-11-01,22.018,0.889,Santa Maria,Brazil,29.74S,53.54W
1891-12-01,23.18,0.92,Santa Maria,Brazil,29.74S,53.54W
1892-01-01,25.441,1.069,Santa Maria,Brazil,29.74S,53.54W
1892-02-01,25.226,0.821,Santa Maria,Brazil,29.74S,53.54W
1892-03-01,22.479,0.88,Santa Maria,Brazil,29.74S,53.54W
1892-04-01,19.262,0.6659999999999999,Santa Maria,Brazil,29.74S,53.54W
1892-05-01,14.53,0.8140000000000001,Santa Maria,Brazil,29.74S,53.54W
1892-06-01,12.154000000000002,1.12,Santa Maria,Brazil,29.74S,53.54W
1892-07-01,13.790999999999999,1.2790000000000001,Santa Maria,Brazil,29.74S,53.54W
1892-08-01,14.215,1.11,Santa Maria,Brazil,29.74S,53.54W
1892-09-01,15.557,0.512,Santa Maria,Brazil,29.74S,53.54W
1892-10-01,18.711,1.47,Santa Maria,Brazil,29.74S,53.54W
1892-11-01,21.065,0.574,Santa Maria,Brazil,29.74S,53.54W
1892-12-01,22.751,1.956,Santa Maria,Brazil,29.74S,53.54W
1893-01-01,25.035,1.365,Santa Maria,Brazil,29.74S,53.54W
1893-02-01,23.014,0.5429999999999999,Santa Maria,Brazil,29.74S,53.54W
1893-03-01,23.336,0.732,Santa Maria,Brazil,29.74S,53.54W
1893-04-01,17.951,0.58,Santa Maria,Brazil,29.74S,53.54W
1893-05-01,14.429000000000002,0.544,Santa Maria,Brazil,29.74S,53.54W
1893-06-01,11.832999999999998,0.626,Santa Maria,Brazil,29.74S,53.54W
1893-07-01,14.47,0.812,Santa Maria,Brazil,29.74S,53.54W
1893-08-01,12.841,0.9640000000000001,Santa Maria,Brazil,29.74S,53.54W
1893-09-01,14.053999999999998,0.741,Santa Maria,Brazil,29.74S,53.54W
1893-10-01,16.491999999999994,1.151,Santa Maria,Brazil,29.74S,53.54W
1893-11-01,21.123,1.635,Santa Maria,Brazil,29.74S,53.54W
1893-12-01,25.07,0.768,Santa Maria,Brazil,29.74S,53.54W
1894-01-01,26.006999999999998,1.361,Santa Maria,Brazil,29.74S,53.54W
1894-02-01,24.888,0.912,Santa Maria,Brazil,29.74S,53.54W
1894-03-01,21.976,0.595,Santa Maria,Brazil,29.74S,53.54W
1894-04-01,18.375,0.462,Santa Maria,Brazil,29.74S,53.54W
1894-05-01,15.603000000000002,0.513,Santa Maria,Brazil,29.74S,53.54W
1894-06-01,11.173,0.6890000000000001,Santa Maria,Brazil,29.74S,53.54W
1894-07-01,13.107000000000001,0.43200000000000005,Santa Maria,Brazil,29.74S,53.54W
1894-08-01,14.515999999999998,0.519,Santa Maria,Brazil,29.74S,53.54W
1894-09-01,15.715,0.597,Santa Maria,Brazil,29.74S,53.54W
1894-10-01,18.364,0.557,Santa Maria,Brazil,29.74S,53.54W
1894-11-01,22.116,0.679,Santa Maria,Brazil,29.74S,53.54W
1894-12-01,23.076,0.624,Santa Maria,Brazil,29.74S,53.54W
1895-01-01,23.680999999999997,0.315,Santa Maria,Brazil,29.74S,53.54W
1895-02-01,24.259,0.795,Santa Maria,Brazil,29.74S,53.54W
1895-03-01,23.622,0.59,Santa Maria,Brazil,29.74S,53.54W
1895-04-01,19.071,0.45899999999999996,Santa Maria,Brazil,29.74S,53.54W
1895-05-01,15.740000000000002,0.696,Santa Maria,Brazil,29.74S,53.54W
1895-06-01,15.202,0.623,Santa Maria,Brazil,29.74S,53.54W
1895-07-01,13.716,0.631,Santa Maria,Brazil,29.74S,53.54W
1895-08-01,15.909,0.54,Santa Maria,Brazil,29.74S,53.54W
1895-09-01,16.778,0.455,Santa Maria,Brazil,29.74S,53.54W
1895-10-01,18.554000000000002,0.77,Santa Maria,Brazil,29.74S,53.54W
1895-11-01,21.014000000000006,1.001,Santa Maria,Brazil,29.74S,53.54W
1895-12-01,24.892,1.022,Santa Maria,Brazil,29.74S,53.54W
1896-01-01,23.503,0.38,Santa Maria,Brazil,29.74S,53.54W
1896-02-01,23.608,0.995,Santa Maria,Brazil,29.74S,53.54W
1896-03-01,22.123,0.539,Santa Maria,Brazil,29.74S,53.54W
1896-04-01,18.945,0.643,Santa Maria,Brazil,29.74S,53.54W
1896-05-01,16.375999999999998,0.9259999999999999,Santa Maria,Brazil,29.74S,53.54W
1896-06-01,12.99,0.597,Santa Maria,Brazil,29.74S,53.54W
1896-07-01,14.886,0.564,Santa Maria,Brazil,29.74S,53.54W
1896-08-01,17.663,0.6679999999999999,Santa Maria,Brazil,29.74S,53.54W
1896-09-01,18.558,0.564,Santa Maria,Brazil,29.74S,53.54W
1896-10-01,19.662,0.501,Santa Maria,Brazil,29.74S,53.54W
1896-11-01,23.101999999999997,0.521,Santa Maria,Brazil,29.74S,53.54W
1896-12-01,24.244,0.552,Santa Maria,Brazil,29.74S,53.54W
1897-01-01,24.548,0.966,Santa Maria,Brazil,29.74S,53.54W
1897-02-01,24.952,0.9229999999999999,Santa Maria,Brazil,29.74S,53.54W
1897-03-01,23.885,0.95,Santa Maria,Brazil,29.74S,53.54W
1897-04-01,20.928,0.447,Santa Maria,Brazil,29.74S,53.54W
1897-05-01,17.287000000000006,0.5589999999999999,Santa Maria,Brazil,29.74S,53.54W
1897-06-01,13.806,1.0590000000000002,Santa Maria,Brazil,29.74S,53.54W
1897-07-01,11.531,0.578,Santa Maria,Brazil,29.74S,53.54W
1897-08-01,13.719000000000001,0.649,Santa Maria,Brazil,29.74S,53.54W
1897-09-01,14.992,0.63,Santa Maria,Brazil,29.74S,53.54W
1897-10-01,19.145,1.005,Santa Maria,Brazil,29.74S,53.54W
1897-11-01,22.148000000000003,0.8540000000000001,Santa Maria,Brazil,29.74S,53.54W
1897-12-01,25.53,0.79,Santa Maria,Brazil,29.74S,53.54W
1898-01-01,25.558000000000003,1.157,Santa Maria,Brazil,29.74S,53.54W
1898-02-01,25.526,0.747,Santa Maria,Brazil,29.74S,53.54W
1898-03-01,22.263,0.774,Santa Maria,Brazil,29.74S,53.54W
1898-04-01,18.854,0.6,Santa Maria,Brazil,29.74S,53.54W
1898-05-01,14.724000000000002,0.9670000000000001,Santa Maria,Brazil,29.74S,53.54W
1898-06-01,15.787,0.887,Santa Maria,Brazil,29.74S,53.54W
1898-07-01,12.583,0.721,Santa Maria,Brazil,29.74S,53.54W
1898-08-01,12.6,0.8140000000000001,Santa Maria,Brazil,29.74S,53.54W
1898-09-01,15.056,0.765,Santa Maria,Brazil,29.74S,53.54W
1898-10-01,17.104,0.5770000000000001,Santa Maria,Brazil,29.74S,53.54W
1898-11-01,20.271,0.841,Santa Maria,Brazil,29.74S,53.54W
1898-12-01,23.544,1.107,Santa Maria,Brazil,29.74S,53.54W
1899-01-01,25.024,0.825,Santa Maria,Brazil,29.74S,53.54W
1899-02-01,23.669,0.993,Santa Maria,Brazil,29.74S,53.54W
1899-03-01,23.367,0.82,Santa Maria,Brazil,29.74S,53.54W
1899-04-01,19.788,0.677,Santa Maria,Brazil,29.74S,53.54W
1899-05-01,17.985000000000007,0.953,Santa Maria,Brazil,29.74S,53.54W
1899-06-01,11.849,1.3130000000000002,Santa Maria,Brazil,29.74S,53.54W
1899-07-01,16.241,0.716,Santa Maria,Brazil,29.74S,53.54W
1899-08-01,16.36,0.698,Santa Maria,Brazil,29.74S,53.54W
1899-09-01,15.842,0.638,Santa Maria,Brazil,29.74S,53.54W
1899-10-01,18.284000000000002,0.6890000000000001,Santa Maria,Brazil,29.74S,53.54W
1899-11-01,21.281,0.662,Santa Maria,Brazil,29.74S,53.54W
1899-12-01,23.828000000000003,0.644,Santa Maria,Brazil,29.74S,53.54W
1900-01-01,25.365,0.871,Santa Maria,Brazil,29.74S,53.54W
1900-02-01,25.56,0.722,Santa Maria,Brazil,29.74S,53.54W
1900-03-01,23.319000000000003,0.599,Santa Maria,Brazil,29.74S,53.54W
1900-04-01,18.904,0.657,Santa Maria,Brazil,29.74S,53.54W
1900-05-01,16.25,0.708,Santa Maria,Brazil,29.74S,53.54W
1900-06-01,14.805,0.9109999999999999,Santa Maria,Brazil,29.74S,53.54W
1900-07-01,16.645,1.061,Santa Maria,Brazil,29.74S,53.54W
1900-08-01,15.593,0.596,Santa Maria,Brazil,29.74S,53.54W
1900-09-01,17.108,0.499,Santa Maria,Brazil,29.74S,53.54W
1900-10-01,18.91,0.6659999999999999,Santa Maria,Brazil,29.74S,53.54W
1900-11-01,21.94,0.826,Santa Maria,Brazil,29.74S,53.54W
1900-12-01,23.626,0.863,Santa Maria,Brazil,29.74S,53.54W
1901-01-01,23.397,0.601,Santa Maria,Brazil,29.74S,53.54W
1901-02-01,23.908,0.725,Santa Maria,Brazil,29.74S,53.54W
1901-03-01,22.421,0.705,Santa Maria,Brazil,29.74S,53.54W
1901-04-01,17.183999999999994,0.821,Santa Maria,Brazil,29.74S,53.54W
1901-05-01,16.28,0.816,Santa Maria,Brazil,29.74S,53.54W
1901-06-01,14.724,1.035,Santa Maria,Brazil,29.74S,53.54W
1901-07-01,13.86,1.052,Santa Maria,Brazil,29.74S,53.54W
1901-08-01,13.898,0.8009999999999999,Santa Maria,Brazil,29.74S,53.54W
1901-09-01,17.541999999999998,0.674,Santa Maria,Brazil,29.74S,53.54W
1901-10-01,19.628,0.616,Santa Maria,Brazil,29.74S,53.54W
1901-11-01,21.291999999999998,0.722,Santa Maria,Brazil,29.74S,53.54W
1901-12-01,23.619,0.743,Santa Maria,Brazil,29.74S,53.54W
1902-01-01,24.093000000000004,0.7170000000000001,Santa Maria,Brazil,29.74S,53.54W
1902-02-01,25.976,0.706,Santa Maria,Brazil,29.74S,53.54W
1902-03-01,23.205,0.74,Santa Maria,Brazil,29.74S,53.54W
1902-04-01,20.122,0.619,Santa Maria,Brazil,29.74S,53.54W
1902-05-01,17.789,0.6970000000000001,Santa Maria,Brazil,29.74S,53.54W
1902-06-01,15.925,0.7879999999999999,Santa Maria,Brazil,29.74S,53.54W
1902-07-01,14.455,0.7070000000000001,Santa Maria,Brazil,29.74S,53.54W
1902-08-01,12.222000000000001,0.8170000000000001,Santa Maria,Brazil,29.74S,53.54W
1902-09-01,16.985,0.581,Santa Maria,Brazil,29.74S,53.54W
1902-10-01,18.023,0.615,Santa Maria,Brazil,29.74S,53.54W
1902-11-01,22.274,0.794,Santa Maria,Brazil,29.74S,53.54W
1902-12-01,24.205,0.546,Santa Maria,Brazil,29.74S,53.54W
1903-01-01,23.851,0.653,Santa Maria,Brazil,29.74S,53.54W
1903-02-01,24.686,0.667,Santa Maria,Brazil,29.74S,53.54W
1903-03-01,23.858,0.5820000000000001,Santa Maria,Brazil,29.74S,53.54W
1903-04-01,18.869,0.758,Santa Maria,Brazil,29.74S,53.54W
1903-05-01,15.421,0.644,Santa Maria,Brazil,29.74S,53.54W
1903-06-01,14.828,0.598,Santa Maria,Brazil,29.74S,53.54W
1903-07-01,13.505999999999998,0.847,Santa Maria,Brazil,29.74S,53.54W
1903-08-01,14.664000000000001,0.8740000000000001,Santa Maria,Brazil,29.74S,53.54W
1903-09-01,18.026,0.6990000000000001,Santa Maria,Brazil,29.74S,53.54W
1903-10-01,17.842,0.6970000000000001,Santa Maria,Brazil,29.74S,53.54W
1903-11-01,21.761999999999997,0.897,Santa Maria,Brazil,29.74S,53.54W
1903-12-01,23.389,0.805,Santa Maria,Brazil,29.74S,53.54W
1904-01-01,23.396,0.8240000000000001,Santa Maria,Brazil,29.74S,53.54W
1904-02-01,23.042,0.696,Santa Maria,Brazil,29.74S,53.54W
1904-03-01,23.062,0.595,Santa Maria,Brazil,29.74S,53.54W
1904-04-01,19.536,0.5770000000000001,Santa Maria,Brazil,29.74S,53.54W
1904-05-01,14.922,0.7859999999999999,Santa Maria,Brazil,29.74S,53.54W
1904-06-01,13.19,0.8540000000000001,Santa Maria,Brazil,29.74S,53.54W
1904-07-01,15.048,0.7490000000000001,Santa Maria,Brazil,29.74S,53.54W
1904-08-01,14.264000000000001,0.6679999999999999,Santa Maria,Brazil,29.74S,53.54W
1904-09-01,17.486,0.8909999999999999,Santa Maria,Brazil,29.74S,53.54W
1904-10-01,18.269000000000002,0.565,Santa Maria,Brazil,29.74S,53.54W
1904-11-01,21.465999999999998,0.53,Santa Maria,Brazil,29.74S,53.54W
1904-12-01,22.308000000000003,0.513,Santa Maria,Brazil,29.74S,53.54W
1905-01-01,23.076999999999998,0.868,Santa Maria,Brazil,29.74S,53.54W
1905-02-01,23.112,0.6920000000000001,Santa Maria,Brazil,29.74S,53.54W
1905-03-01,22.328000000000003,0.602,Santa Maria,Brazil,29.74S,53.54W
1905-04-01,18.691,0.611,Santa Maria,Brazil,29.74S,53.54W
1905-05-01,15.341,0.708,Santa Maria,Brazil,29.74S,53.54W
1905-06-01,14.79,0.799,Santa Maria,Brazil,29.74S,53.54W
1905-07-01,12.606,0.848,Santa Maria,Brazil,29.74S,53.54W
1905-08-01,14.524000000000001,0.6609999999999999,Santa Maria,Brazil,29.74S,53.54W
1905-09-01,17.177999999999994,0.919,Santa Maria,Brazil,29.74S,53.54W
1905-10-01,20.433,0.757,Santa Maria,Brazil,29.74S,53.54W
1905-11-01,20.825000000000006,1.031,Santa Maria,Brazil,29.74S,53.54W
1905-12-01,23.091,0.563,Santa Maria,Brazil,29.74S,53.54W
1906-01-01,24.811999999999998,0.6609999999999999,Santa Maria,Brazil,29.74S,53.54W
1906-02-01,24.554000000000002,0.73,Santa Maria,Brazil,29.74S,53.54W
1906-03-01,23.633000000000003,0.7170000000000001,Santa Maria,Brazil,29.74S,53.54W
1906-04-01,19.837,0.82,Santa Maria,Brazil,29.74S,53.54W
1906-05-01,18.066000000000006,0.6679999999999999,Santa Maria,Brazil,29.74S,53.54W
1906-06-01,12.877,1.265,Santa Maria,Brazil,29.74S,53.54W
1906-07-01,14.602,0.7140000000000001,Santa Maria,Brazil,29.74S,53.54W
1906-08-01,15.17,0.6990000000000001,Santa Maria,Brazil,29.74S,53.54W
1906-09-01,16.195999999999998,0.6609999999999999,Santa Maria,Brazil,29.74S,53.54W
1906-10-01,19.644000000000002,0.512,Santa Maria,Brazil,29.74S,53.54W
1906-11-01,21.743,0.718,Santa Maria,Brazil,29.74S,53.54W
1906-12-01,23.414,0.9009999999999999,Santa Maria,Brazil,29.74S,53.54W
1907-01-01,24.51,0.705,Santa Maria,Brazil,29.74S,53.54W
1907-02-01,24.641,0.879,Santa Maria,Brazil,29.74S,53.54W
1907-03-01,23.867,1.021,Santa Maria,Brazil,29.74S,53.54W
1907-04-01,19.11,0.605,Santa Maria,Brazil,29.74S,53.54W
1907-05-01,13.872000000000002,1.013,Santa Maria,Brazil,29.74S,53.54W
1907-06-01,13.845,0.8270000000000001,Santa Maria,Brazil,29.74S,53.54W
1907-07-01,13.228,0.9620000000000001,Santa Maria,Brazil,29.74S,53.54W
1907-08-01,13.140999999999998,0.688,Santa Maria,Brazil,29.74S,53.54W
1907-09-01,16.205,0.732,Santa Maria,Brazil,29.74S,53.54W
1907-10-01,17.913999999999994,0.71,Santa Maria,Brazil,29.74S,53.54W
1907-11-01,21.517000000000003,0.599,Santa Maria,Brazil,29.74S,53.54W
1907-12-01,24.417,1.064,Santa Maria,Brazil,29.74S,53.54W
1908-01-01,23.517,0.5539999999999999,Santa Maria,Brazil,29.74S,53.54W
1908-02-01,23.085,0.878,Santa Maria,Brazil,29.74S,53.54W
1908-03-01,22.303,0.9229999999999999,Santa Maria,Brazil,29.74S,53.54W
1908-04-01,18.758,0.775,Santa Maria,Brazil,29.74S,53.54W
1908-05-01,15.156000000000002,1.014,Santa Maria,Brazil,29.74S,53.54W
1908-06-01,14.533,0.72,Santa Maria,Brazil,29.74S,53.54W
1908-07-01,13.878,0.9740000000000001,Santa Maria,Brazil,29.74S,53.54W
1908-08-01,12.925,1.226,Santa Maria,Brazil,29.74S,53.54W
1908-09-01,16.544999999999998,0.797,Santa Maria,Brazil,29.74S,53.54W
1908-10-01,18.635,0.6829999999999999,Santa Maria,Brazil,29.74S,53.54W
1908-11-01,21.1,0.904,Santa Maria,Brazil,29.74S,53.54W
1908-12-01,23.327,0.725,Santa Maria,Brazil,29.74S,53.54W
1909-01-01,24.434,0.7190000000000001,Santa Maria,Brazil,29.74S,53.54W
1909-02-01,23.68,0.725,Santa Maria,Brazil,29.74S,53.54W
1909-03-01,21.448,0.836,Santa Maria,Brazil,29.74S,53.54W
1909-04-01,18.798,0.9570000000000001,Santa Maria,Brazil,29.74S,53.54W
1909-05-01,13.284000000000002,0.611,Santa Maria,Brazil,29.74S,53.54W
1909-06-01,12.425999999999998,0.8809999999999999,Santa Maria,Brazil,29.74S,53.54W
1909-07-01,13.922,0.8759999999999999,Santa Maria,Brazil,29.74S,53.54W
1909-08-01,16.423,0.773,Santa Maria,Brazil,29.74S,53.54W
1909-09-01,16.895999999999994,0.71,Santa Maria,Brazil,29.74S,53.54W
1909-10-01,17.727,0.738,Santa Maria,Brazil,29.74S,53.54W
1909-11-01,20.613000000000003,0.938,Santa Maria,Brazil,29.74S,53.54W
1909-12-01,22.044,1.345,Santa Maria,Brazil,29.74S,53.54W
1910-01-01,24.478,0.6629999999999999,Santa Maria,Brazil,29.74S,53.54W
1910-02-01,23.001,0.863,Santa Maria,Brazil,29.74S,53.54W
1910-03-01,21.101,1.1520000000000001,Santa Maria,Brazil,29.74S,53.54W
1910-04-01,19.183,1.248,Santa Maria,Brazil,29.74S,53.54W
1910-05-01,14.517,0.71,Santa Maria,Brazil,29.74S,53.54W
1910-06-01,14.874,0.643,Santa Maria,Brazil,29.74S,53.54W
1910-07-01,12.613,0.789,Santa Maria,Brazil,29.74S,53.54W
1910-08-01,15.292,0.675,Santa Maria,Brazil,29.74S,53.54W
1910-09-01,15.917,0.84,Santa Maria,Brazil,29.74S,53.54W
1910-10-01,17.599999999999994,1.5490000000000002,Santa Maria,Brazil,29.74S,53.54W
1910-11-01,21.43,0.626,Santa Maria,Brazil,29.74S,53.54W
1910-12-01,23.483,1.301,Santa Maria,Brazil,29.74S,53.54W
1911-01-01,24.554,0.578,Santa Maria,Brazil,29.74S,53.54W
1911-02-01,23.761999999999997,0.735,Santa Maria,Brazil,29.74S,53.54W
1911-03-01,21.088,1.328,Santa Maria,Brazil,29.74S,53.54W
1911-04-01,18.279,0.66,Santa Maria,Brazil,29.74S,53.54W
1911-05-01,15.429000000000002,0.6679999999999999,Santa Maria,Brazil,29.74S,53.54W
1911-06-01,11.012,1.236,Santa Maria,Brazil,29.74S,53.54W
1911-07-01,12.414000000000001,0.746,Santa Maria,Brazil,29.74S,53.54W
1911-08-01,13.47,0.9890000000000001,Santa Maria,Brazil,29.74S,53.54W
1911-09-01,14.847000000000001,0.9209999999999999,Santa Maria,Brazil,29.74S,53.54W
1911-10-01,17.383,0.81,Santa Maria,Brazil,29.74S,53.54W
1911-11-01,21.730999999999998,0.61,Santa Maria,Brazil,29.74S,53.54W
1911-12-01,23.046,1.185,Santa Maria,Brazil,29.74S,53.54W
1912-01-01,24.58,0.848,Santa Maria,Brazil,29.74S,53.54W
1912-02-01,24.929000000000002,0.9540000000000001,Santa Maria,Brazil,29.74S,53.54W
1912-03-01,23.08,0.92,Santa Maria,Brazil,29.74S,53.54W
1912-04-01,18.814,0.855,Santa Maria,Brazil,29.74S,53.54W
1912-05-01,16.539,0.8009999999999999,Santa Maria,Brazil,29.74S,53.54W
1912-06-01,14.432,0.897,Santa Maria,Brazil,29.74S,53.54W
1912-07-01,12.017000000000001,0.8009999999999999,Santa Maria,Brazil,29.74S,53.54W
1912-08-01,14.156,0.887,Santa Maria,Brazil,29.74S,53.54W
1912-09-01,14.861999999999998,0.983,Santa Maria,Brazil,29.74S,53.54W
1912-10-01,18.597,0.71,Santa Maria,Brazil,29.74S,53.54W
1912-11-01,21.691999999999997,0.87,Santa Maria,Brazil,29.74S,53.54W
1912-12-01,23.865,0.7190000000000001,Santa Maria,Brazil,29.74S,53.54W
1913-01-01,23.449,0.858,Santa Maria,Brazil,29.74S,53.54W
1913-02-01,24.976999999999997,0.638,Santa Maria,Brazil,29.74S,53.54W
1913-03-01,22.229,0.753,Santa Maria,Brazil,29.74S,53.54W
1913-04-01,20.309,0.8220000000000001,Santa Maria,Brazil,29.74S,53.54W
1913-05-01,17.192,0.898,Santa Maria,Brazil,29.74S,53.54W
1913-06-01,13.415999999999999,1.126,Santa Maria,Brazil,29.74S,53.54W
1913-07-01,16.555,0.7859999999999999,Santa Maria,Brazil,29.74S,53.54W
1913-08-01,15.691,1.0590000000000002,Santa Maria,Brazil,29.74S,53.54W
1913-09-01,16.93,0.685,Santa Maria,Brazil,29.74S,53.54W
1913-10-01,19.184,0.6,Santa Maria,Brazil,29.74S,53.54W
1913-11-01,22.28,0.667,Santa Maria,Brazil,29.74S,53.54W
1913-12-01,22.986,0.8059999999999999,Santa Maria,Brazil,29.74S,53.54W
1914-01-01,25.471,0.9670000000000001,Santa Maria,Brazil,29.74S,53.54W
1914-02-01,24.196,0.7659999999999999,Santa Maria,Brazil,29.74S,53.54W
1914-03-01,22.385,0.9079999999999999,Santa Maria,Brazil,29.74S,53.54W
1914-04-01,19.253,0.753,Santa Maria,Brazil,29.74S,53.54W
1914-05-01,16.467000000000002,0.9159999999999999,Santa Maria,Brazil,29.74S,53.54W
1914-06-01,16.715,0.696,Santa Maria,Brazil,29.74S,53.54W
1914-07-01,16.564999999999998,0.857,Santa Maria,Brazil,29.74S,53.54W
1914-08-01,15.421,1.124,Santa Maria,Brazil,29.74S,53.54W
1914-09-01,16.698999999999998,0.737,Santa Maria,Brazil,29.74S,53.54W
1914-10-01,19.161,0.6779999999999999,Santa Maria,Brazil,29.74S,53.54W
1914-11-01,21.631,0.601,Santa Maria,Brazil,29.74S,53.54W
1914-12-01,22.866,1.1159999999999999,Santa Maria,Brazil,29.74S,53.54W
1915-01-01,24.750999999999998,0.721,Santa Maria,Brazil,29.74S,53.54W
1915-02-01,25.646,1.3840000000000001,Santa Maria,Brazil,29.74S,53.54W
1915-03-01,21.421,0.861,Santa Maria,Brazil,29.74S,53.54W
1915-04-01,21.263,0.745,Santa Maria,Brazil,29.74S,53.54W
1915-05-01,18.069000000000006,1.023,Santa Maria,Brazil,29.74S,53.54W
1915-06-01,11.773,0.8059999999999999,Santa Maria,Brazil,29.74S,53.54W
1915-07-01,13.813,0.7859999999999999,Santa Maria,Brazil,29.74S,53.54W
1915-08-01,15.886,0.722,Santa Maria,Brazil,29.74S,53.54W
1915-09-01,15.985,0.6659999999999999,Santa Maria,Brazil,29.74S,53.54W
1915-10-01,18.581,0.713,Santa Maria,Brazil,29.74S,53.54W
1915-11-01,21.375,0.92,Santa Maria,Brazil,29.74S,53.54W
1915-12-01,23.753,0.726,Santa Maria,Brazil,29.74S,53.54W
1916-01-01,25.008000000000003,1.077,Santa Maria,Brazil,29.74S,53.54W
1916-02-01,23.69,1.3630000000000002,Santa Maria,Brazil,29.74S,53.54W
1916-03-01,21.379,0.755,Santa Maria,Brazil,29.74S,53.54W
1916-04-01,20.138,1.115,Santa Maria,Brazil,29.74S,53.54W
1916-05-01,16.779,0.862,Santa Maria,Brazil,29.74S,53.54W
1916-06-01,11.437000000000001,1.102,Santa Maria,Brazil,29.74S,53.54W
1916-07-01,11.759,0.976,Santa Maria,Brazil,29.74S,53.54W
1916-08-01,14.228,1.011,Santa Maria,Brazil,29.74S,53.54W
1916-09-01,17.541999999999998,0.732,Santa Maria,Brazil,29.74S,53.54W
1916-10-01,18.757,0.8690000000000001,Santa Maria,Brazil,29.74S,53.54W
1916-11-01,22.355999999999998,0.6990000000000001,Santa Maria,Brazil,29.74S,53.54W
1916-12-01,23.391,0.746,Santa Maria,Brazil,29.74S,53.54W
1917-01-01,25.695,1.087,Santa Maria,Brazil,29.74S,53.54W
1917-02-01,24.525,0.8320000000000001,Santa Maria,Brazil,29.74S,53.54W
1917-03-01,22.162,0.743,Santa Maria,Brazil,29.74S,53.54W
1917-04-01,18.615,0.976,Santa Maria,Brazil,29.74S,53.54W
1917-05-01,13.55,1.014,Santa Maria,Brazil,29.74S,53.54W
1917-06-01,13.675999999999998,0.7070000000000001,Santa Maria,Brazil,29.74S,53.54W
1917-07-01,12.472000000000001,0.966,Santa Maria,Brazil,29.74S,53.54W
1917-08-01,13.290999999999999,0.78,Santa Maria,Brazil,29.74S,53.54W
1917-09-01,16.986,0.6890000000000001,Santa Maria,Brazil,29.74S,53.54W
1917-10-01,17.953,1.0,Santa Maria,Brazil,29.74S,53.54W
1917-11-01,21.184,1.2819999999999998,Santa Maria,Brazil,29.74S,53.54W
1917-12-01,24.714000000000002,0.883,Santa Maria,Brazil,29.74S,53.54W
1918-01-01,25.403,0.75,Santa Maria,Brazil,29.74S,53.54W
1918-02-01,23.884,0.763,Santa Maria,Brazil,29.74S,53.54W
1918-03-01,22.52,0.7979999999999999,Santa Maria,Brazil,29.74S,53.54W
1918-04-01,19.792,0.867,Santa Maria,Brazil,29.74S,53.54W
1918-05-01,15.681,0.758,Santa Maria,Brazil,29.74S,53.54W
1918-06-01,13.523,1.167,Santa Maria,Brazil,29.74S,53.54W
1918-07-01,13.269,0.7759999999999999,Santa Maria,Brazil,29.74S,53.54W
1918-08-01,14.677,0.774,Santa Maria,Brazil,29.74S,53.54W
1918-09-01,16.217,0.8270000000000001,Santa Maria,Brazil,29.74S,53.54W
1918-10-01,18.367,0.7909999999999999,Santa Maria,Brazil,29.74S,53.54W
1918-11-01,22.035,0.703,Santa Maria,Brazil,29.74S,53.54W
1918-12-01,23.267,0.703,Santa Maria,Brazil,29.74S,53.54W
1919-01-01,25.453000000000003,0.9540000000000001,Santa Maria,Brazil,29.74S,53.54W
1919-02-01,23.411,0.94,Santa Maria,Brazil,29.74S,53.54W
1919-03-01,23.052,0.706,Santa Maria,Brazil,29.74S,53.54W
1919-04-01,20.825,0.735,Santa Maria,Brazil,29.74S,53.54W
1919-05-01,18.442,1.084,Santa Maria,Brazil,29.74S,53.54W
1919-06-01,14.554,0.8270000000000001,Santa Maria,Brazil,29.74S,53.54W
1919-07-01,15.415999999999999,1.193,Santa Maria,Brazil,29.74S,53.54W
1919-08-01,13.997,0.88,Santa Maria,Brazil,29.74S,53.54W
1919-09-01,16.48,1.27,Santa Maria,Brazil,29.74S,53.54W
1919-10-01,18.636,0.7959999999999999,Santa Maria,Brazil,29.74S,53.54W
1919-11-01,22.011999999999997,1.258,Santa Maria,Brazil,29.74S,53.54W
1919-12-01,24.119,1.087,Santa Maria,Brazil,29.74S,53.54W
1920-01-01,25.33,0.6509999999999999,Santa Maria,Brazil,29.74S,53.54W
1920-02-01,24.354,0.609,Santa Maria,Brazil,29.74S,53.54W
1920-03-01,23.716,0.774,Santa Maria,Brazil,29.74S,53.54W
1920-04-01,20.615,0.752,Santa Maria,Brazil,29.74S,53.54W
1920-05-01,16.817999999999998,0.914,Santa Maria,Brazil,29.74S,53.54W
1920-06-01,13.521,0.747,Santa Maria,Brazil,29.74S,53.54W
1920-07-01,12.602,1.1440000000000001,Santa Maria,Brazil,29.74S,53.54W
1920-08-01,13.583,0.7340000000000001,Santa Maria,Brazil,29.74S,53.54W
1920-09-01,16.56,0.634,Santa Maria,Brazil,29.74S,53.54W
1920-10-01,18.875,0.725,Santa Maria,Brazil,29.74S,53.54W
1920-11-01,21.934,0.878,Santa Maria,Brazil,29.74S,53.54W
1920-12-01,23.642,0.8540000000000001,Santa Maria,Brazil,29.74S,53.54W
1921-01-01,24.381999999999998,0.67,Santa Maria,Brazil,29.74S,53.54W
1921-02-01,24.456,0.772,Santa Maria,Brazil,29.74S,53.54W
1921-03-01,22.503,0.635,Santa Maria,Brazil,29.74S,53.54W
1921-04-01,19.025,0.688,Santa Maria,Brazil,29.74S,53.54W
1921-05-01,17.839000000000006,1.273,Santa Maria,Brazil,29.74S,53.54W
1921-06-01,11.871,0.99,Santa Maria,Brazil,29.74S,53.54W
1921-07-01,12.281,0.96,Santa Maria,Brazil,29.74S,53.54W
1921-08-01,15.305,0.8109999999999999,Santa Maria,Brazil,29.74S,53.54W
1921-09-01,16.3,0.644,Santa Maria,Brazil,29.74S,53.54W
1921-10-01,18.251,0.7509999999999999,Santa Maria,Brazil,29.74S,53.54W
1921-11-01,20.901999999999997,0.7240000000000001,Santa Maria,Brazil,29.74S,53.54W
1921-12-01,24.76,0.708,Santa Maria,Brazil,29.74S,53.54W
1922-01-01,24.430999999999997,0.687,Santa Maria,Brazil,29.74S,53.54W
1922-02-01,23.76,0.6509999999999999,Santa Maria,Brazil,29.74S,53.54W
1922-03-01,22.433000000000003,0.629,Santa Maria,Brazil,29.74S,53.54W
1922-04-01,18.824,0.794,Santa Maria,Brazil,29.74S,53.54W
1922-05-01,16.026,0.804,Santa Maria,Brazil,29.74S,53.54W
1922-06-01,13.038,0.71,Santa Maria,Brazil,29.74S,53.54W
1922-07-01,15.823,0.929,Santa Maria,Brazil,29.74S,53.54W
1922-08-01,15.470999999999998,0.785,Santa Maria,Brazil,29.74S,53.54W
1922-09-01,16.855,0.6,Santa Maria,Brazil,29.74S,53.54W
1922-10-01,17.134999999999998,0.8290000000000001,Santa Maria,Brazil,29.74S,53.54W
1922-11-01,22.193,0.775,Santa Maria,Brazil,29.74S,53.54W
1922-12-01,23.3,0.6679999999999999,Santa Maria,Brazil,29.74S,53.54W
1923-01-01,24.846,0.639,Santa Maria,Brazil,29.74S,53.54W
1923-02-01,25.248,0.782,Santa Maria,Brazil,29.74S,53.54W
1923-03-01,24.166,0.662,Santa Maria,Brazil,29.74S,53.54W
1923-04-01,20.408,0.6579999999999999,Santa Maria,Brazil,29.74S,53.54W
1923-05-01,14.379,0.7140000000000001,Santa Maria,Brazil,29.74S,53.54W
1923-06-01,14.281,0.705,Santa Maria,Brazil,29.74S,53.54W
1923-07-01,12.265,0.7170000000000001,Santa Maria,Brazil,29.74S,53.54W
1923-08-01,15.317,0.691,Santa Maria,Brazil,29.74S,53.54W
1923-09-01,16.750999999999998,0.648,Santa Maria,Brazil,29.74S,53.54W
1923-10-01,17.558999999999994,1.0659999999999998,Santa Maria,Brazil,29.74S,53.54W
1923-11-01,21.531999999999996,0.738,Santa Maria,Brazil,29.74S,53.54W
1923-12-01,23.469,1.1540000000000001,Santa Maria,Brazil,29.74S,53.54W
1924-01-01,23.32,0.72,Santa Maria,Brazil,29.74S,53.54W
1924-02-01,23.535,1.073,Santa Maria,Brazil,29.74S,53.54W
1924-03-01,22.959,0.655,Santa Maria,Brazil,29.74S,53.54W
1924-04-01,17.435,1.5419999999999998,Santa Maria,Brazil,29.74S,53.54W
1924-05-01,14.138000000000002,1.102,Santa Maria,Brazil,29.74S,53.54W
1924-06-01,14.085,0.439,Santa Maria,Brazil,29.74S,53.54W
1924-07-01,13.157,0.44,Santa Maria,Brazil,29.74S,53.54W
1924-08-01,12.904000000000002,0.377,Santa Maria,Brazil,29.74S,53.54W
1924-09-01,15.416,0.36,Santa Maria,Brazil,29.74S,53.54W
1924-10-01,17.177999999999994,0.45299999999999996,Santa Maria,Brazil,29.74S,53.54W
1924-11-01,19.709000000000003,1.264,Santa Maria,Brazil,29.74S,53.54W
1924-12-01,24.661,0.848,Santa Maria,Brazil,29.74S,53.54W
1925-01-01,25.079,0.968,Santa Maria,Brazil,29.74S,53.54W
1925-02-01,26.11,0.495,Santa Maria,Brazil,29.74S,53.54W
1925-03-01,24.031999999999996,0.664,Santa Maria,Brazil,29.74S,53.54W
1925-04-01,20.024,0.483,Santa Maria,Brazil,29.74S,53.54W
1925-05-01,15.336000000000002,0.391,Santa Maria,Brazil,29.74S,53.54W
1925-06-01,11.343,1.107,Santa Maria,Brazil,29.74S,53.54W
1925-07-01,12.049000000000001,0.456,Santa Maria,Brazil,29.74S,53.54W
1925-08-01,16.442,0.573,Santa Maria,Brazil,29.74S,53.54W
1925-09-01,17.016,0.584,Santa Maria,Brazil,29.74S,53.54W
1925-10-01,18.231,0.7040000000000001,Santa Maria,Brazil,29.74S,53.54W
1925-11-01,22.487,0.39899999999999997,Santa Maria,Brazil,29.74S,53.54W
1925-12-01,24.249000000000002,0.501,Santa Maria,Brazil,29.74S,53.54W
1926-01-01,25.796,0.934,Santa Maria,Brazil,29.74S,53.54W
1926-02-01,24.993000000000002,0.531,Santa Maria,Brazil,29.74S,53.54W
1926-03-01,25.735,1.072,Santa Maria,Brazil,29.74S,53.54W
1926-04-01,20.081,0.682,Santa Maria,Brazil,29.74S,53.54W
1926-05-01,15.308000000000002,0.512,Santa Maria,Brazil,29.74S,53.54W
1926-06-01,15.382,0.528,Santa Maria,Brazil,29.74S,53.54W
1926-07-01,13.272,0.49200000000000005,Santa Maria,Brazil,29.74S,53.54W
1926-08-01,16.58,0.48,Santa Maria,Brazil,29.74S,53.54W
1926-09-01,17.020999999999994,0.5820000000000001,Santa Maria,Brazil,29.74S,53.54W
1926-10-01,19.221,0.525,Santa Maria,Brazil,29.74S,53.54W
1926-11-01,22.94,1.361,Santa Maria,Brazil,29.74S,53.54W
1926-12-01,24.112,0.653,Santa Maria,Brazil,29.74S,53.54W
1927-01-01,25.391,0.6559999999999999,Santa Maria,Brazil,29.74S,53.54W
1927-02-01,25.776,0.857,Santa Maria,Brazil,29.74S,53.54W
1927-03-01,24.116,0.7190000000000001,Santa Maria,Brazil,29.74S,53.54W
1927-04-01,19.719,0.732,Santa Maria,Brazil,29.74S,53.54W
1927-05-01,16.294,0.522,Santa Maria,Brazil,29.74S,53.54W
1927-06-01,13.300999999999998,0.5579999999999999,Santa Maria,Brazil,29.74S,53.54W
1927-07-01,14.199000000000002,0.46399999999999997,Santa Maria,Brazil,29.74S,53.54W
1927-08-01,15.15,0.568,Santa Maria,Brazil,29.74S,53.54W
1927-09-01,16.814,0.441,Santa Maria,Brazil,29.74S,53.54W
1927-10-01,18.493,0.35100000000000003,Santa Maria,Brazil,29.74S,53.54W
1927-11-01,21.521,1.0170000000000001,Santa Maria,Brazil,29.74S,53.54W
1927-12-01,22.93,0.595,Santa Maria,Brazil,29.74S,53.54W
1928-01-01,24.403,0.53,Santa Maria,Brazil,29.74S,53.54W
1928-02-01,23.362,0.6970000000000001,Santa Maria,Brazil,29.74S,53.54W
1928-03-01,23.068,0.6459999999999999,Santa Maria,Brazil,29.74S,53.54W
1928-04-01,21.128,0.473,Santa Maria,Brazil,29.74S,53.54W
1928-05-01,16.000999999999998,0.606,Santa Maria,Brazil,29.74S,53.54W
1928-06-01,13.056,0.5710000000000001,Santa Maria,Brazil,29.74S,53.54W
1928-07-01,13.864,0.5920000000000001,Santa Maria,Brazil,29.74S,53.54W
1928-08-01,14.42,0.45299999999999996,Santa Maria,Brazil,29.74S,53.54W
1928-09-01,16.593999999999998,0.615,Santa Maria,Brazil,29.74S,53.54W
1928-10-01,19.271,0.35600000000000004,Santa Maria,Brazil,29.74S,53.54W
1928-11-01,23.268,0.504,Santa Maria,Brazil,29.74S,53.54W
1928-12-01,24.371,0.61,Santa Maria,Brazil,29.74S,53.54W
1929-01-01,25.933000000000003,0.826,Santa Maria,Brazil,29.74S,53.54W
1929-02-01,25.097,0.5710000000000001,Santa Maria,Brazil,29.74S,53.54W
1929-03-01,22.082,0.40700000000000003,Santa Maria,Brazil,29.74S,53.54W
1929-04-01,19.457,0.365,Santa Maria,Brazil,29.74S,53.54W
1929-05-01,15.12,0.524,Santa Maria,Brazil,29.74S,53.54W
1929-06-01,12.788,0.42700000000000005,Santa Maria,Brazil,29.74S,53.54W
1929-07-01,14.613,0.605,Santa Maria,Brazil,29.74S,53.54W
1929-08-01,14.839,0.629,Santa Maria,Brazil,29.74S,53.54W
1929-09-01,16.884,0.649,Santa Maria,Brazil,29.74S,53.54W
1929-10-01,18.974,0.5,Santa Maria,Brazil,29.74S,53.54W
1929-11-01,21.351999999999997,0.754,Santa Maria,Brazil,29.74S,53.54W
1929-12-01,23.903000000000002,0.617,Santa Maria,Brazil,29.74S,53.54W
1930-01-01,24.956,0.63,Santa Maria,Brazil,29.74S,53.54W
1930-02-01,24.416,0.573,Santa Maria,Brazil,29.74S,53.54W
1930-03-01,22.808000000000003,0.42100000000000004,Santa Maria,Brazil,29.74S,53.54W
1930-04-01,20.252,0.65,Santa Maria,Brazil,29.74S,53.54W
1930-05-01,17.212,0.51,Santa Maria,Brazil,29.74S,53.54W
1930-06-01,18.073,0.6779999999999999,Santa Maria,Brazil,29.74S,53.54W
1930-07-01,13.616,0.8290000000000001,Santa Maria,Brazil,29.74S,53.54W
1930-08-01,14.274000000000001,1.013,Santa Maria,Brazil,29.74S,53.54W
1930-09-01,15.95,0.605,Santa Maria,Brazil,29.74S,53.54W
1930-10-01,17.816,0.517,Santa Maria,Brazil,29.74S,53.54W
1930-11-01,21.678,0.5920000000000001,Santa Maria,Brazil,29.74S,53.54W
1930-12-01,24.247,0.304,Santa Maria,Brazil,29.74S,53.54W
1931-01-01,25.148000000000003,0.467,Santa Maria,Brazil,29.74S,53.54W
1931-02-01,25.511999999999997,0.53,Santa Maria,Brazil,29.74S,53.54W
1931-03-01,23.38,0.578,Santa Maria,Brazil,29.74S,53.54W
1931-04-01,18.718,0.41700000000000004,Santa Maria,Brazil,29.74S,53.54W
1931-05-01,13.717000000000002,0.469,Santa Maria,Brazil,29.74S,53.54W
1931-06-01,12.194,0.45,Santa Maria,Brazil,29.74S,53.54W
1931-07-01,13.809000000000001,0.46299999999999997,Santa Maria,Brazil,29.74S,53.54W
1931-08-01,15.127,0.56,Santa Maria,Brazil,29.74S,53.54W
1931-09-01,14.829,0.493,Santa Maria,Brazil,29.74S,53.54W
1931-10-01,19.274,0.36700000000000005,Santa Maria,Brazil,29.74S,53.54W
1931-11-01,20.569000000000006,0.568,Santa Maria,Brazil,29.74S,53.54W
1931-12-01,24.519000000000002,0.539,Santa Maria,Brazil,29.74S,53.54W
1932-01-01,25.881999999999998,0.67,Santa Maria,Brazil,29.74S,53.54W
1932-02-01,24.533,0.613,Santa Maria,Brazil,29.74S,53.54W
1932-03-01,23.705,0.39299999999999996,Santa Maria,Brazil,29.74S,53.54W
1932-04-01,19.714000000000002,0.66,Santa Maria,Brazil,29.74S,53.54W
1932-05-01,14.724000000000002,0.445,Santa Maria,Brazil,29.74S,53.54W
1932-06-01,13.077,0.523,Santa Maria,Brazil,29.74S,53.54W
1932-07-01,17.062,0.375,Santa Maria,Brazil,29.74S,53.54W
1932-08-01,13.79,0.47600000000000003,Santa Maria,Brazil,29.74S,53.54W
1932-09-01,16.935,0.382,Santa Maria,Brazil,29.74S,53.54W
1932-10-01,19.799,0.408,Santa Maria,Brazil,29.74S,53.54W
1932-11-01,23.247,0.331,Santa Maria,Brazil,29.74S,53.54W
1932-12-01,24.178,0.512,Santa Maria,Brazil,29.74S,53.54W
1933-01-01,24.676,0.6659999999999999,Santa Maria,Brazil,29.74S,53.54W
1933-02-01,24.38,0.504,Santa Maria,Brazil,29.74S,53.54W
1933-03-01,22.649,0.575,Santa Maria,Brazil,29.74S,53.54W
1933-04-01,19.538,0.45899999999999996,Santa Maria,Brazil,29.74S,53.54W
1933-05-01,17.525000000000002,0.337,Santa Maria,Brazil,29.74S,53.54W
1933-06-01,13.144,0.531,Santa Maria,Brazil,29.74S,53.54W
1933-07-01,11.648,0.368,Santa Maria,Brazil,29.74S,53.54W
1933-08-01,15.54,0.5539999999999999,Santa Maria,Brazil,29.74S,53.54W
1933-09-01,16.874000000000002,0.47600000000000003,Santa Maria,Brazil,29.74S,53.54W
1933-10-01,19.684,0.573,Santa Maria,Brazil,29.74S,53.54W
1933-11-01,21.589,0.486,Santa Maria,Brazil,29.74S,53.54W
1933-12-01,24.084,0.642,Santa Maria,Brazil,29.74S,53.54W
1934-01-01,25.669,0.679,Santa Maria,Brazil,29.74S,53.54W
1934-02-01,23.027,0.914,Santa Maria,Brazil,29.74S,53.54W
1934-03-01,23.653000000000002,0.528,Santa Maria,Brazil,29.74S,53.54W
1934-04-01,17.369,0.746,Santa Maria,Brazil,29.74S,53.54W
1934-05-01,16.932000000000002,0.39799999999999996,Santa Maria,Brazil,29.74S,53.54W
1934-06-01,16.092,0.617,Santa Maria,Brazil,29.74S,53.54W
1934-07-01,13.557,0.76,Santa Maria,Brazil,29.74S,53.54W
1934-08-01,15.193,0.386,Santa Maria,Brazil,29.74S,53.54W
1934-09-01,16.656,0.537,Santa Maria,Brazil,29.74S,53.54W
1934-10-01,18.331,0.5670000000000001,Santa Maria,Brazil,29.74S,53.54W
1934-11-01,21.572000000000006,0.509,Santa Maria,Brazil,29.74S,53.54W
1934-12-01,23.638,0.523,Santa Maria,Brazil,29.74S,53.54W
1935-01-01,24.898000000000003,0.52,Santa Maria,Brazil,29.74S,53.54W
1935-02-01,24.756,0.627,Santa Maria,Brazil,29.74S,53.54W
1935-03-01,24.408,0.6459999999999999,Santa Maria,Brazil,29.74S,53.54W
1935-04-01,18.024,0.691,Santa Maria,Brazil,29.74S,53.54W
1935-05-01,16.720000000000002,0.993,Santa Maria,Brazil,29.74S,53.54W
1935-06-01,15.671,0.605,Santa Maria,Brazil,29.74S,53.54W
1935-07-01,13.917,0.693,Santa Maria,Brazil,29.74S,53.54W
1935-08-01,14.780999999999999,0.5429999999999999,Santa Maria,Brazil,29.74S,53.54W
1935-09-01,15.521,0.539,Santa Maria,Brazil,29.74S,53.54W
1935-10-01,17.468,0.63,Santa Maria,Brazil,29.74S,53.54W
1935-11-01,21.712,0.635,Santa Maria,Brazil,29.74S,53.54W
1935-12-01,23.621,1.015,Santa Maria,Brazil,29.74S,53.54W
1936-01-01,24.658,0.902,Santa Maria,Brazil,29.74S,53.54W
1936-02-01,23.653000000000002,0.7340000000000001,Santa Maria,Brazil,29.74S,53.54W
1936-03-01,23.435,0.552,Santa Maria,Brazil,29.74S,53.54W
1936-04-01,19.045,0.544,Santa Maria,Brazil,29.74S,53.54W
1936-05-01,18.368,0.612,Santa Maria,Brazil,29.74S,53.54W
1936-06-01,15.749,0.5760000000000001,Santa Maria,Brazil,29.74S,53.54W
1936-07-01,14.476,0.604,Santa Maria,Brazil,29.74S,53.54W
1936-08-01,13.382,0.575,Santa Maria,Brazil,29.74S,53.54W
1936-09-01,16.534000000000002,0.573,Santa Maria,Brazil,29.74S,53.54W
1936-10-01,18.837,0.596,Santa Maria,Brazil,29.74S,53.54W
1936-11-01,21.445999999999998,0.569,Santa Maria,Brazil,29.74S,53.54W
1936-12-01,24.33,0.522,Santa Maria,Brazil,29.74S,53.54W
1937-01-01,24.463,0.562,Santa Maria,Brazil,29.74S,53.54W
1937-02-01,25.113000000000003,0.598,Santa Maria,Brazil,29.74S,53.54W
1937-03-01,22.273000000000003,0.741,Santa Maria,Brazil,29.74S,53.54W
1937-04-01,18.477,0.579,Santa Maria,Brazil,29.74S,53.54W
1937-05-01,15.097999999999999,0.5920000000000001,Santa Maria,Brazil,29.74S,53.54W
1937-06-01,15.661,0.621,Santa Maria,Brazil,29.74S,53.54W
1937-07-01,13.241,0.84,Santa Maria,Brazil,29.74S,53.54W
1937-08-01,16.257,0.642,Santa Maria,Brazil,29.74S,53.54W
1937-09-01,16.265,0.6509999999999999,Santa Maria,Brazil,29.74S,53.54W
1937-10-01,17.237000000000002,0.626,Santa Maria,Brazil,29.74S,53.54W
1937-11-01,20.683000000000003,0.517,Santa Maria,Brazil,29.74S,53.54W
1937-12-01,23.039,0.6970000000000001,Santa Maria,Brazil,29.74S,53.54W
1938-01-01,24.295,0.6859999999999999,Santa Maria,Brazil,29.74S,53.54W
1938-02-01,23.706,0.688,Santa Maria,Brazil,29.74S,53.54W
1938-03-01,23.123,0.682,Santa Maria,Brazil,29.74S,53.54W
1938-04-01,18.264,0.601,Santa Maria,Brazil,29.74S,53.54W
1938-05-01,16.246000000000002,0.619,Santa Maria,Brazil,29.74S,53.54W
1938-06-01,14.99,0.675,Santa Maria,Brazil,29.74S,53.54W
1938-07-01,14.218,0.687,Santa Maria,Brazil,29.74S,53.54W
1938-08-01,14.216,0.588,Santa Maria,Brazil,29.74S,53.54W
1938-09-01,17.108999999999998,0.507,Santa Maria,Brazil,29.74S,53.54W
1938-10-01,18.418,0.588,Santa Maria,Brazil,29.74S,53.54W
1938-11-01,21.463,0.5429999999999999,Santa Maria,Brazil,29.74S,53.54W
1938-12-01,24.249000000000002,0.585,Santa Maria,Brazil,29.74S,53.54W
1939-01-01,26.034000000000002,0.514,Santa Maria,Brazil,29.74S,53.54W
1939-02-01,24.497,0.6559999999999999,Santa Maria,Brazil,29.74S,53.54W
1939-03-01,22.807,0.619,Santa Maria,Brazil,29.74S,53.54W
1939-04-01,18.165,0.738,Santa Maria,Brazil,29.74S,53.54W
1939-05-01,17.055999999999997,0.611,Santa Maria,Brazil,29.74S,53.54W
1939-06-01,15.297,0.659,Santa Maria,Brazil,29.74S,53.54W
1939-07-01,13.583,0.695,Santa Maria,Brazil,29.74S,53.54W
1939-08-01,17.000999999999998,0.562,Santa Maria,Brazil,29.74S,53.54W
1939-09-01,16.401,0.562,Santa Maria,Brazil,29.74S,53.54W
1939-10-01,20.289,0.539,Santa Maria,Brazil,29.74S,53.54W
1939-11-01,20.234,0.573,Santa Maria,Brazil,29.74S,53.54W
1939-12-01,22.097,0.526,Santa Maria,Brazil,29.74S,53.54W
1940-01-01,24.333,0.723,Santa Maria,Brazil,29.74S,53.54W
1940-02-01,23.795,0.557,Santa Maria,Brazil,29.74S,53.54W
1940-03-01,22.25,0.81,Santa Maria,Brazil,29.74S,53.54W
1940-04-01,19.608,0.603,Santa Maria,Brazil,29.74S,53.54W
1940-05-01,17.924000000000003,0.614,Santa Maria,Brazil,29.74S,53.54W
1940-06-01,15.754000000000001,0.7340000000000001,Santa Maria,Brazil,29.74S,53.54W
1940-07-01,16.455,0.6729999999999999,Santa Maria,Brazil,29.74S,53.54W
1940-08-01,14.194,0.638,Santa Maria,Brazil,29.74S,53.54W
1940-09-01,16.72,0.5870000000000001,Santa Maria,Brazil,29.74S,53.54W
1940-10-01,17.394000000000002,0.579,Santa Maria,Brazil,29.74S,53.54W
1940-11-01,21.394,0.513,Santa Maria,Brazil,29.74S,53.54W
1940-12-01,25.29,0.7829999999999999,Santa Maria,Brazil,29.74S,53.54W
1941-01-01,24.866999999999997,0.551,Santa Maria,Brazil,29.74S,53.54W
1941-02-01,23.597,0.542,Santa Maria,Brazil,29.74S,53.54W
1941-03-01,21.313000000000002,0.579,Santa Maria,Brazil,29.74S,53.54W
1941-04-01,20.774,0.5870000000000001,Santa Maria,Brazil,29.74S,53.54W
1941-05-01,16.570999999999998,0.579,Santa Maria,Brazil,29.74S,53.54W
1941-06-01,13.884,0.579,Santa Maria,Brazil,29.74S,53.54W
1941-07-01,14.27,0.5539999999999999,Santa Maria,Brazil,29.74S,53.54W
1941-08-01,16.114,0.5529999999999999,Santa Maria,Brazil,29.74S,53.54W
1941-09-01,13.991,0.444,Santa Maria,Brazil,29.74S,53.54W
1941-10-01,18.524,0.622,Santa Maria,Brazil,29.74S,53.54W
1941-11-01,21.213,0.39899999999999997,Santa Maria,Brazil,29.74S,53.54W
1941-12-01,23.1,0.478,Santa Maria,Brazil,29.74S,53.54W
1942-01-01,25.32,0.499,Santa Maria,Brazil,29.74S,53.54W
1942-02-01,25.3,0.428,Santa Maria,Brazil,29.74S,53.54W
1942-03-01,22.742,0.451,Santa Maria,Brazil,29.74S,53.54W
1942-04-01,19.187,0.5,Santa Maria,Brazil,29.74S,53.54W
1942-05-01,14.234000000000002,0.605,Santa Maria,Brazil,29.74S,53.54W
1942-06-01,12.094000000000001,0.534,Santa Maria,Brazil,29.74S,53.54W
1942-07-01,11.179,0.532,Santa Maria,Brazil,29.74S,53.54W
1942-08-01,15.912,0.505,Santa Maria,Brazil,29.74S,53.54W
1942-09-01,16.41,0.48200000000000004,Santa Maria,Brazil,29.74S,53.54W
1942-10-01,18.483,0.529,Santa Maria,Brazil,29.74S,53.54W
1942-11-01,22.844,0.498,Santa Maria,Brazil,29.74S,53.54W
1942-12-01,24.474,0.446,Santa Maria,Brazil,29.74S,53.54W
1943-01-01,25.559,0.525,Santa Maria,Brazil,29.74S,53.54W
1943-02-01,25.91,0.499,Santa Maria,Brazil,29.74S,53.54W
1943-03-01,23.607,0.951,Santa Maria,Brazil,29.74S,53.54W
1943-04-01,18.445,0.498,Santa Maria,Brazil,29.74S,53.54W
1943-05-01,17.191000000000006,0.5529999999999999,Santa Maria,Brazil,29.74S,53.54W
1943-06-01,14.954,0.616,Santa Maria,Brazil,29.74S,53.54W
1943-07-01,15.408,0.569,Santa Maria,Brazil,29.74S,53.54W
1943-08-01,12.231,0.49200000000000005,Santa Maria,Brazil,29.74S,53.54W
1943-09-01,16.785999999999998,0.46,Santa Maria,Brazil,29.74S,53.54W
1943-10-01,20.141,0.484,Santa Maria,Brazil,29.74S,53.54W
1943-11-01,21.566000000000006,0.456,Santa Maria,Brazil,29.74S,53.54W
1943-12-01,23.862,0.8390000000000001,Santa Maria,Brazil,29.74S,53.54W
1944-01-01,24.613000000000003,0.511,Santa Maria,Brazil,29.74S,53.54W
1944-02-01,25.521,0.507,Santa Maria,Brazil,29.74S,53.54W
1944-03-01,22.665,0.605,Santa Maria,Brazil,29.74S,53.54W
1944-04-01,18.43,0.516,Santa Maria,Brazil,29.74S,53.54W
1944-05-01,16.457,0.511,Santa Maria,Brazil,29.74S,53.54W
1944-06-01,14.627,0.557,Santa Maria,Brazil,29.74S,53.54W
1944-07-01,14.252,0.569,Santa Maria,Brazil,29.74S,53.54W
1944-08-01,16.95,0.485,Santa Maria,Brazil,29.74S,53.54W
1944-09-01,18.748,0.45899999999999996,Santa Maria,Brazil,29.74S,53.54W
1944-10-01,20.708000000000002,0.52,Santa Maria,Brazil,29.74S,53.54W
1944-11-01,21.53,0.56,Santa Maria,Brazil,29.74S,53.54W
1944-12-01,24.857,0.653,Santa Maria,Brazil,29.74S,53.54W
1945-01-01,25.941,0.48,Santa Maria,Brazil,29.74S,53.54W
1945-02-01,25.249000000000002,0.644,Santa Maria,Brazil,29.74S,53.54W
1945-03-01,23.003,0.5710000000000001,Santa Maria,Brazil,29.74S,53.54W
1945-04-01,20.731,0.627,Santa Maria,Brazil,29.74S,53.54W
1945-05-01,15.731000000000002,0.495,Santa Maria,Brazil,29.74S,53.54W
1945-06-01,12.473,0.602,Santa Maria,Brazil,29.74S,53.54W
1945-07-01,13.959000000000001,0.575,Santa Maria,Brazil,29.74S,53.54W
1945-08-01,17.539,0.6890000000000001,Santa Maria,Brazil,29.74S,53.54W
1945-09-01,17.139,0.755,Santa Maria,Brazil,29.74S,53.54W
1945-10-01,20.938000000000002,0.505,Santa Maria,Brazil,29.74S,53.54W
1945-11-01,21.761999999999997,0.7440000000000001,Santa Maria,Brazil,29.74S,53.54W
1945-12-01,23.392,0.5329999999999999,Santa Maria,Brazil,29.74S,53.54W
1946-01-01,23.837,0.537,Santa Maria,Brazil,29.74S,53.54W
1946-02-01,25.02,0.48200000000000004,Santa Maria,Brazil,29.74S,53.54W
1946-03-01,22.267,0.495,Santa Maria,Brazil,29.74S,53.54W
1946-04-01,19.043,0.524,Santa Maria,Brazil,29.74S,53.54W
1946-05-01,16.66,0.521,Santa Maria,Brazil,29.74S,53.54W
1946-06-01,13.1,0.524,Santa Maria,Brazil,29.74S,53.54W
1946-07-01,12.110999999999999,0.57,Santa Maria,Brazil,29.74S,53.54W
1946-08-01,16.12,0.551,Santa Maria,Brazil,29.74S,53.54W
1946-09-01,18.113,0.479,Santa Maria,Brazil,29.74S,53.54W
1946-10-01,18.664,0.45899999999999996,Santa Maria,Brazil,29.74S,53.54W
1946-11-01,22.881,0.45299999999999996,Santa Maria,Brazil,29.74S,53.54W
1946-12-01,22.863000000000003,0.45399999999999996,Santa Maria,Brazil,29.74S,53.54W
1947-01-01,24.781999999999996,0.445,Santa Maria,Brazil,29.74S,53.54W
1947-02-01,25.426,0.6940000000000001,Santa Maria,Brazil,29.74S,53.54W
1947-03-01,22.514,0.449,Santa Maria,Brazil,29.74S,53.54W
1947-04-01,19.096,0.575,Santa Maria,Brazil,29.74S,53.54W
1947-05-01,16.450000000000006,0.496,Santa Maria,Brazil,29.74S,53.54W
1947-06-01,15.737,0.6709999999999999,Santa Maria,Brazil,29.74S,53.54W
1947-07-01,12.633,0.531,Santa Maria,Brazil,29.74S,53.54W
1947-08-01,13.932,0.593,Santa Maria,Brazil,29.74S,53.54W
1947-09-01,16.241,0.479,Santa Maria,Brazil,29.74S,53.54W
1947-10-01,17.965999999999994,0.46299999999999997,Santa Maria,Brazil,29.74S,53.54W
1947-11-01,22.177000000000003,0.5720000000000001,Santa Maria,Brazil,29.74S,53.54W
1947-12-01,23.305,0.52,Santa Maria,Brazil,29.74S,53.54W
1948-01-01,25.801,0.608,Santa Maria,Brazil,29.74S,53.54W
1948-02-01,23.886,0.47100000000000003,Santa Maria,Brazil,29.74S,53.54W
1948-03-01,21.933000000000003,0.715,Santa Maria,Brazil,29.74S,53.54W
1948-04-01,19.045,0.447,Santa Maria,Brazil,29.74S,53.54W
1948-05-01,15.794,0.513,Santa Maria,Brazil,29.74S,53.54W
1948-06-01,15.649000000000001,0.551,Santa Maria,Brazil,29.74S,53.54W
1948-07-01,14.468,0.507,Santa Maria,Brazil,29.74S,53.54W
1948-08-01,13.275,0.516,Santa Maria,Brazil,29.74S,53.54W
1948-09-01,17.34,0.511,Santa Maria,Brazil,29.74S,53.54W
1948-10-01,18.433,0.66,Santa Maria,Brazil,29.74S,53.54W
1948-11-01,21.151,0.602,Santa Maria,Brazil,29.74S,53.54W
1948-12-01,26.08,0.623,Santa Maria,Brazil,29.74S,53.54W
1949-01-01,24.974,0.36,Santa Maria,Brazil,29.74S,53.54W
1949-02-01,24.543000000000003,0.363,Santa Maria,Brazil,29.74S,53.54W
1949-03-01,23.621,0.39899999999999997,Santa Maria,Brazil,29.74S,53.54W
1949-04-01,18.675,0.496,Santa Maria,Brazil,29.74S,53.54W
1949-05-01,16.269000000000002,0.396,Santa Maria,Brazil,29.74S,53.54W
1949-06-01,15.489,0.618,Santa Maria,Brazil,29.74S,53.54W
1949-07-01,14.299000000000001,0.42100000000000004,Santa Maria,Brazil,29.74S,53.54W
1949-08-01,14.94,0.413,Santa Maria,Brazil,29.74S,53.54W
1949-09-01,16.276,0.40299999999999997,Santa Maria,Brazil,29.74S,53.54W
1949-10-01,17.389,0.496,Santa Maria,Brazil,29.74S,53.54W
1949-11-01,22.793000000000006,0.446,Santa Maria,Brazil,29.74S,53.54W
1949-12-01,24.362,0.384,Santa Maria,Brazil,29.74S,53.54W
1950-01-01,24.311,0.494,Santa Maria,Brazil,29.74S,53.54W
1950-02-01,24.456,0.47,Santa Maria,Brazil,29.74S,53.54W
1950-03-01,23.011999999999997,0.494,Santa Maria,Brazil,29.74S,53.54W
1950-04-01,20.405,0.306,Santa Maria,Brazil,29.74S,53.54W
1950-05-01,18.253,0.34700000000000003,Santa Maria,Brazil,29.74S,53.54W
1950-06-01,14.932,0.682,Santa Maria,Brazil,29.74S,53.54W
1950-07-01,13.424000000000001,0.542,Santa Maria,Brazil,29.74S,53.54W
1950-08-01,15.774000000000001,1.036,Santa Maria,Brazil,29.74S,53.54W
1950-09-01,16.189,0.27399999999999997,Santa Maria,Brazil,29.74S,53.54W
1950-10-01,18.093,0.35600000000000004,Santa Maria,Brazil,29.74S,53.54W
1950-11-01,21.09,0.37200000000000005,Santa Maria,Brazil,29.74S,53.54W
1950-12-01,24.244,0.228,Santa Maria,Brazil,29.74S,53.54W
1951-01-01,24.874,0.324,Santa Maria,Brazil,29.74S,53.54W
1951-02-01,23.136999999999997,0.391,Santa Maria,Brazil,29.74S,53.54W
1951-03-01,21.383000000000003,0.282,Santa Maria,Brazil,29.74S,53.54W
1951-04-01,17.339000000000002,0.54,Santa Maria,Brazil,29.74S,53.54W
1951-05-01,17.304000000000002,0.598,Santa Maria,Brazil,29.74S,53.54W
1951-06-01,15.401,0.515,Santa Maria,Brazil,29.74S,53.54W
1951-07-01,15.413,0.465,Santa Maria,Brazil,29.74S,53.54W
1951-08-01,15.682,0.537,Santa Maria,Brazil,29.74S,53.54W
1951-09-01,17.41,0.385,Santa Maria,Brazil,29.74S,53.54W
1951-10-01,18.278,0.32799999999999996,Santa Maria,Brazil,29.74S,53.54W
1951-11-01,21.883000000000006,0.409,Santa Maria,Brazil,29.74S,53.54W
1951-12-01,23.587,0.439,Santa Maria,Brazil,29.74S,53.54W
1952-01-01,26.084,0.6559999999999999,Santa Maria,Brazil,29.74S,53.54W
1952-02-01,25.138,0.43799999999999994,Santa Maria,Brazil,29.74S,53.54W
1952-03-01,24.75,0.556,Santa Maria,Brazil,29.74S,53.54W
1952-04-01,17.451999999999998,0.6679999999999999,Santa Maria,Brazil,29.74S,53.54W
1952-05-01,17.845000000000006,0.348,Santa Maria,Brazil,29.74S,53.54W
1952-06-01,12.396,0.6709999999999999,Santa Maria,Brazil,29.74S,53.54W
1952-07-01,15.073,0.369,Santa Maria,Brazil,29.74S,53.54W
1952-08-01,16.239,0.51,Santa Maria,Brazil,29.74S,53.54W
1952-09-01,15.668,0.33899999999999997,Santa Maria,Brazil,29.74S,53.54W
1952-10-01,18.299,0.302,Santa Maria,Brazil,29.74S,53.54W
1952-11-01,21.680999999999997,0.41700000000000004,Santa Maria,Brazil,29.74S,53.54W
1952-12-01,24.03,0.259,Santa Maria,Brazil,29.74S,53.54W
1953-01-01,25.773000000000003,0.6990000000000001,Santa Maria,Brazil,29.74S,53.54W
1953-02-01,25.191999999999997,0.6970000000000001,Santa Maria,Brazil,29.74S,53.54W
1953-03-01,25.059,0.508,Santa Maria,Brazil,29.74S,53.54W
1953-04-01,18.431,0.727,Santa Maria,Brazil,29.74S,53.54W
1953-05-01,17.541,0.537,Santa Maria,Brazil,29.74S,53.54W
1953-06-01,14.742,0.317,Santa Maria,Brazil,29.74S,53.54W
1953-07-01,10.887,0.252,Santa Maria,Brazil,29.74S,53.54W
1953-08-01,17.479,0.51,Santa Maria,Brazil,29.74S,53.54W
1953-09-01,17.951999999999995,0.426,Santa Maria,Brazil,29.74S,53.54W
1953-10-01,18.093,0.272,Santa Maria,Brazil,29.74S,53.54W
1953-11-01,21.73,0.249,Santa Maria,Brazil,29.74S,53.54W
1953-12-01,24.337,0.315,Santa Maria,Brazil,29.74S,53.54W
1954-01-01,25.246,0.41100000000000003,Santa Maria,Brazil,29.74S,53.54W
1954-02-01,25.152,0.536,Santa Maria,Brazil,29.74S,53.54W
1954-03-01,23.599,0.307,Santa Maria,Brazil,29.74S,53.54W
1954-04-01,19.476,0.379,Santa Maria,Brazil,29.74S,53.54W
1954-05-01,14.821000000000002,0.28,Santa Maria,Brazil,29.74S,53.54W
1954-06-01,14.375,0.42700000000000005,Santa Maria,Brazil,29.74S,53.54W
1954-07-01,13.165999999999999,0.503,Santa Maria,Brazil,29.74S,53.54W
1954-08-01,16.144000000000002,0.363,Santa Maria,Brazil,29.74S,53.54W
1954-09-01,16.369,0.406,Santa Maria,Brazil,29.74S,53.54W
1954-10-01,17.709999999999994,0.551,Santa Maria,Brazil,29.74S,53.54W
1954-11-01,22.649,0.503,Santa Maria,Brazil,29.74S,53.54W
1954-12-01,24.041,0.375,Santa Maria,Brazil,29.74S,53.54W
1955-01-01,25.853,0.37,Santa Maria,Brazil,29.74S,53.54W
1955-02-01,25.479,0.395,Santa Maria,Brazil,29.74S,53.54W
1955-03-01,22.494,0.35,Santa Maria,Brazil,29.74S,53.54W
1955-04-01,18.794,0.299,Santa Maria,Brazil,29.74S,53.54W
1955-05-01,14.709,0.36700000000000005,Santa Maria,Brazil,29.74S,53.54W
1955-06-01,13.220999999999998,0.534,Santa Maria,Brazil,29.74S,53.54W
1955-07-01,10.890999999999998,0.522,Santa Maria,Brazil,29.74S,53.54W
1955-08-01,14.779000000000002,0.488,Santa Maria,Brazil,29.74S,53.54W
1955-09-01,16.519000000000002,0.376,Santa Maria,Brazil,29.74S,53.54W
1955-10-01,16.872999999999998,0.51,Santa Maria,Brazil,29.74S,53.54W
1955-11-01,22.92,0.35200000000000004,Santa Maria,Brazil,29.74S,53.54W
1955-12-01,24.615,0.267,Santa Maria,Brazil,29.74S,53.54W
1956-01-01,24.403,0.265,Santa Maria,Brazil,29.74S,53.54W
1956-02-01,24.031,0.45899999999999996,Santa Maria,Brazil,29.74S,53.54W
1956-03-01,22.851,0.275,Santa Maria,Brazil,29.74S,53.54W
1956-04-01,17.345,0.307,Santa Maria,Brazil,29.74S,53.54W
1956-05-01,12.308000000000002,0.65,Santa Maria,Brazil,29.74S,53.54W
1956-06-01,12.970999999999998,0.33299999999999996,Santa Maria,Brazil,29.74S,53.54W
1956-07-01,12.579,0.341,Santa Maria,Brazil,29.74S,53.54W
1956-08-01,14.664000000000001,0.555,Santa Maria,Brazil,29.74S,53.54W
1956-09-01,16.889,0.311,Santa Maria,Brazil,29.74S,53.54W
1956-10-01,19.582,0.28800000000000003,Santa Maria,Brazil,29.74S,53.54W
1956-11-01,21.788,0.5760000000000001,Santa Maria,Brazil,29.74S,53.54W
1956-12-01,23.503,0.628,Santa Maria,Brazil,29.74S,53.54W
1957-01-01,26.128,0.289,Santa Maria,Brazil,29.74S,53.54W
1957-02-01,23.388,0.442,Santa Maria,Brazil,29.74S,53.54W
1957-03-01,23.575,0.34299999999999997,Santa Maria,Brazil,29.74S,53.54W
1957-04-01,18.75,0.466,Santa Maria,Brazil,29.74S,53.54W
1957-05-01,19.329,0.359,Santa Maria,Brazil,29.74S,53.54W
1957-06-01,14.103,0.45899999999999996,Santa Maria,Brazil,29.74S,53.54W
1957-07-01,13.008,0.36,Santa Maria,Brazil,29.74S,53.54W
1957-08-01,14.63,0.607,Santa Maria,Brazil,29.74S,53.54W
1957-09-01,14.977,0.494,Santa Maria,Brazil,29.74S,53.54W
1957-10-01,20.018,0.475,Santa Maria,Brazil,29.74S,53.54W
1957-11-01,21.770000000000003,0.534,Santa Maria,Brazil,29.74S,53.54W
1957-12-01,24.847,0.43799999999999994,Santa Maria,Brazil,29.74S,53.54W
1958-01-01,26.008000000000003,0.6990000000000001,Santa Maria,Brazil,29.74S,53.54W
1958-02-01,24.929000000000002,0.6409999999999999,Santa Maria,Brazil,29.74S,53.54W
1958-03-01,22.52,0.272,Santa Maria,Brazil,29.74S,53.54W
1958-04-01,19.163,0.36200000000000004,Santa Maria,Brazil,29.74S,53.54W
1958-05-01,16.204,0.505,Santa Maria,Brazil,29.74S,53.54W
1958-06-01,15.713,0.529,Santa Maria,Brazil,29.74S,53.54W
1958-07-01,17.421,0.262,Santa Maria,Brazil,29.74S,53.54W
1958-08-01,14.046,0.382,Santa Maria,Brazil,29.74S,53.54W
1958-09-01,17.159000000000002,1.157,Santa Maria,Brazil,29.74S,53.54W
1958-10-01,18.972,0.905,Santa Maria,Brazil,29.74S,53.54W
1958-11-01,21.979000000000006,0.435,Santa Maria,Brazil,29.74S,53.54W
1958-12-01,23.639,0.389,Santa Maria,Brazil,29.74S,53.54W
1959-01-01,24.634,0.35600000000000004,Santa Maria,Brazil,29.74S,53.54W
1959-02-01,24.987,0.28800000000000003,Santa Maria,Brazil,29.74S,53.54W
1959-03-01,23.083000000000002,0.502,Santa Maria,Brazil,29.74S,53.54W
1959-04-01,20.226,0.242,Santa Maria,Brazil,29.74S,53.54W
1959-05-01,15.600999999999999,0.387,Santa Maria,Brazil,29.74S,53.54W
1959-06-01,13.62,0.35,Santa Maria,Brazil,29.74S,53.54W
1959-07-01,16.595,0.408,Santa Maria,Brazil,29.74S,53.54W
1959-08-01,14.537,0.42700000000000005,Santa Maria,Brazil,29.74S,53.54W
1959-09-01,16.898,0.35600000000000004,Santa Maria,Brazil,29.74S,53.54W
1959-10-01,19.823,0.265,Santa Maria,Brazil,29.74S,53.54W
1959-11-01,21.631999999999998,0.39299999999999996,Santa Maria,Brazil,29.74S,53.54W
1959-12-01,23.379,0.298,Santa Maria,Brazil,29.74S,53.54W
1960-01-01,25.381999999999998,0.434,Santa Maria,Brazil,29.74S,53.54W
1960-02-01,24.568,0.46299999999999997,Santa Maria,Brazil,29.74S,53.54W
1960-03-01,22.995,0.428,Santa Maria,Brazil,29.74S,53.54W
1960-04-01,18.598,0.327,Santa Maria,Brazil,29.74S,53.54W
1960-05-01,14.085,0.341,Santa Maria,Brazil,29.74S,53.54W
1960-06-01,14.288,0.363,Santa Maria,Brazil,29.74S,53.54W
1960-07-01,14.799000000000001,0.26,Santa Maria,Brazil,29.74S,53.54W
1960-08-01,15.148,0.512,Santa Maria,Brazil,29.74S,53.54W
1960-09-01,16.621,0.26,Santa Maria,Brazil,29.74S,53.54W
1960-10-01,20.366,0.247,Santa Maria,Brazil,29.74S,53.54W
1960-11-01,21.790000000000006,0.408,Santa Maria,Brazil,29.74S,53.54W
1960-12-01,24.172,0.38799999999999996,Santa Maria,Brazil,29.74S,53.54W
1961-01-01,25.767,0.647,Santa Maria,Brazil,29.74S,53.54W
1961-02-01,24.858,0.5920000000000001,Santa Maria,Brazil,29.74S,53.54W
1961-03-01,22.187,0.4,Santa Maria,Brazil,29.74S,53.54W
1961-04-01,18.536,0.569,Santa Maria,Brazil,29.74S,53.54W
1961-05-01,17.272000000000002,0.365,Santa Maria,Brazil,29.74S,53.54W
1961-06-01,14.714,0.272,Santa Maria,Brazil,29.74S,53.54W
1961-07-01,14.546,0.386,Santa Maria,Brazil,29.74S,53.54W
1961-08-01,17.55,0.28,Santa Maria,Brazil,29.74S,53.54W
1961-09-01,17.186999999999998,0.311,Santa Maria,Brazil,29.74S,53.54W
1961-10-01,21.031,0.281,Santa Maria,Brazil,29.74S,53.54W
1961-11-01,22.89,0.35,Santa Maria,Brazil,29.74S,53.54W
1961-12-01,24.383000000000003,0.34600000000000003,Santa Maria,Brazil,29.74S,53.54W
1962-01-01,24.346,0.342,Santa Maria,Brazil,29.74S,53.54W
1962-02-01,23.343000000000004,0.326,Santa Maria,Brazil,29.74S,53.54W
1962-03-01,23.511999999999997,0.354,Santa Maria,Brazil,29.74S,53.54W
1962-04-01,18.568,0.602,Santa Maria,Brazil,29.74S,53.54W
1962-05-01,14.401000000000002,0.271,Santa Maria,Brazil,29.74S,53.54W
1962-06-01,13.833,0.8,Santa Maria,Brazil,29.74S,53.54W
1962-07-01,11.543,0.527,Santa Maria,Brazil,29.74S,53.54W
1962-08-01,14.32,0.529,Santa Maria,Brazil,29.74S,53.54W
1962-09-01,17.146,0.348,Santa Maria,Brazil,29.74S,53.54W
1962-10-01,17.788999999999994,0.5589999999999999,Santa Maria,Brazil,29.74S,53.54W
1962-11-01,23.206999999999997,0.7240000000000001,Santa Maria,Brazil,29.74S,53.54W
1962-12-01,25.028000000000002,0.805,Santa Maria,Brazil,29.74S,53.54W
1963-01-01,25.175,0.335,Santa Maria,Brazil,29.74S,53.54W
1963-02-01,25.103,0.322,Santa Maria,Brazil,29.74S,53.54W
1963-03-01,24.077,0.36200000000000004,Santa Maria,Brazil,29.74S,53.54W
1963-04-01,19.944000000000003,0.3,Santa Maria,Brazil,29.74S,53.54W
1963-05-01,16.801000000000002,0.27899999999999997,Santa Maria,Brazil,29.74S,53.54W
1963-06-01,14.478,0.429,Santa Maria,Brazil,29.74S,53.54W
1963-07-01,15.765999999999998,0.344,Santa Maria,Brazil,29.74S,53.54W
1963-08-01,15.414000000000001,0.391,Santa Maria,Brazil,29.74S,53.54W
1963-09-01,18.102,0.419,Santa Maria,Brazil,29.74S,53.54W
1963-10-01,19.091,0.33399999999999996,Santa Maria,Brazil,29.74S,53.54W
1963-11-01,20.985000000000007,0.405,Santa Maria,Brazil,29.74S,53.54W
1963-12-01,23.303,0.292,Santa Maria,Brazil,29.74S,53.54W
1964-01-01,25.121,0.524,Santa Maria,Brazil,29.74S,53.54W
1964-02-01,24.22,0.298,Santa Maria,Brazil,29.74S,53.54W
1964-03-01,22.56,0.379,Santa Maria,Brazil,29.74S,53.54W
1964-04-01,19.422,0.496,Santa Maria,Brazil,29.74S,53.54W
1964-05-01,16.94,0.35600000000000004,Santa Maria,Brazil,29.74S,53.54W
1964-06-01,11.933,0.526,Santa Maria,Brazil,29.74S,53.54W
1964-07-01,12.309000000000001,0.39799999999999996,Santa Maria,Brazil,29.74S,53.54W
1964-08-01,14.855,0.28800000000000003,Santa Maria,Brazil,29.74S,53.54W
1964-09-01,16.599,0.239,Santa Maria,Brazil,29.74S,53.54W
1964-10-01,17.82,0.38299999999999995,Santa Maria,Brazil,29.74S,53.54W
1964-11-01,20.553,0.306,Santa Maria,Brazil,29.74S,53.54W
1964-12-01,23.089000000000002,0.32899999999999996,Santa Maria,Brazil,29.74S,53.54W
1965-01-01,25.436,0.21,Santa Maria,Brazil,29.74S,53.54W
1965-02-01,25.959,0.616,Santa Maria,Brazil,29.74S,53.54W
1965-03-01,21.342,0.488,Santa Maria,Brazil,29.74S,53.54W
1965-04-01,19.203,0.336,Santa Maria,Brazil,29.74S,53.54W
1965-05-01,15.653000000000002,0.322,Santa Maria,Brazil,29.74S,53.54W
1965-06-01,16.936999999999998,0.6829999999999999,Santa Maria,Brazil,29.74S,53.54W
1965-07-01,13.879000000000001,0.956,Santa Maria,Brazil,29.74S,53.54W
1965-08-01,15.432,0.7979999999999999,Santa Maria,Brazil,29.74S,53.54W
1965-09-01,16.291999999999998,0.311,Santa Maria,Brazil,29.74S,53.54W
1965-10-01,19.612000000000002,0.397,Santa Maria,Brazil,29.74S,53.54W
1965-11-01,21.974,0.38799999999999996,Santa Maria,Brazil,29.74S,53.54W
1965-12-01,23.558000000000003,0.536,Santa Maria,Brazil,29.74S,53.54W
1966-01-01,24.712,0.34299999999999997,Santa Maria,Brazil,29.74S,53.54W
1966-02-01,23.481,0.315,Santa Maria,Brazil,29.74S,53.54W
1966-03-01,22.597,0.301,Santa Maria,Brazil,29.74S,53.54W
1966-04-01,20.036,0.302,Santa Maria,Brazil,29.74S,53.54W
1966-05-01,16.752000000000002,0.41600000000000004,Santa Maria,Brazil,29.74S,53.54W
1966-06-01,15.344000000000001,0.395,Santa Maria,Brazil,29.74S,53.54W
1966-07-01,15.005,0.506,Santa Maria,Brazil,29.74S,53.54W
1966-08-01,13.392999999999999,0.614,Santa Maria,Brazil,29.74S,53.54W
1966-09-01,15.34,0.317,Santa Maria,Brazil,29.74S,53.54W
1966-10-01,18.401,0.265,Santa Maria,Brazil,29.74S,53.54W
1966-11-01,22.432,0.185,Santa Maria,Brazil,29.74S,53.54W
1966-12-01,23.43,0.363,Santa Maria,Brazil,29.74S,53.54W
1967-01-01,24.473000000000003,0.51,Santa Maria,Brazil,29.74S,53.54W
1967-02-01,24.527,0.397,Santa Maria,Brazil,29.74S,53.54W
1967-03-01,21.769000000000002,0.35700000000000004,Santa Maria,Brazil,29.74S,53.54W
1967-04-01,19.54,0.36,Santa Maria,Brazil,29.74S,53.54W
1967-05-01,18.69,0.831,Santa Maria,Brazil,29.74S,53.54W
1967-06-01,12.246,0.32799999999999996,Santa Maria,Brazil,29.74S,53.54W
1967-07-01,14.84,0.518,Santa Maria,Brazil,29.74S,53.54W
1967-08-01,16.62,0.47100000000000003,Santa Maria,Brazil,29.74S,53.54W
1967-09-01,17.854,0.285,Santa Maria,Brazil,29.74S,53.54W
1967-10-01,20.938000000000002,0.248,Santa Maria,Brazil,29.74S,53.54W
1967-11-01,22.092,0.252,Santa Maria,Brazil,29.74S,53.54W
1967-12-01,25.457,0.301,Santa Maria,Brazil,29.74S,53.54W
1968-01-01,25.476999999999997,0.40299999999999997,Santa Maria,Brazil,29.74S,53.54W
1968-02-01,25.286,0.6409999999999999,Santa Maria,Brazil,29.74S,53.54W
1968-03-01,23.517,0.47100000000000003,Santa Maria,Brazil,29.74S,53.54W
1968-04-01,16.451999999999998,0.36,Santa Maria,Brazil,29.74S,53.54W
1968-05-01,13.982999999999999,0.413,Santa Maria,Brazil,29.74S,53.54W
1968-06-01,14.369000000000002,0.475,Santa Maria,Brazil,29.74S,53.54W
1968-07-01,15.537,0.461,Santa Maria,Brazil,29.74S,53.54W
1968-08-01,16.134999999999998,0.41,Santa Maria,Brazil,29.74S,53.54W
1968-09-01,16.207,0.28600000000000003,Santa Maria,Brazil,29.74S,53.54W
1968-10-01,19.655,0.301,Santa Maria,Brazil,29.74S,53.54W
1968-11-01,24.372,0.281,Santa Maria,Brazil,29.74S,53.54W
1968-12-01,24.66,0.284,Santa Maria,Brazil,29.74S,53.54W
1969-01-01,24.241,0.452,Santa Maria,Brazil,29.74S,53.54W
1969-02-01,24.891,0.332,Santa Maria,Brazil,29.74S,53.54W
1969-03-01,22.819000000000003,0.243,Santa Maria,Brazil,29.74S,53.54W
1969-04-01,19.753,0.35100000000000003,Santa Maria,Brazil,29.74S,53.54W
1969-05-01,17.336000000000002,0.31,Santa Maria,Brazil,29.74S,53.54W
1969-06-01,14.842,0.395,Santa Maria,Brazil,29.74S,53.54W
1969-07-01,15.107999999999999,0.5429999999999999,Santa Maria,Brazil,29.74S,53.54W
1969-08-01,13.92,0.523,Santa Maria,Brazil,29.74S,53.54W
1969-09-01,17.358,0.34700000000000003,Santa Maria,Brazil,29.74S,53.54W
1969-10-01,18.054000000000002,0.341,Santa Maria,Brazil,29.74S,53.54W
1969-11-01,21.944000000000006,0.335,Santa Maria,Brazil,29.74S,53.54W
1969-12-01,24.319000000000003,0.354,Santa Maria,Brazil,29.74S,53.54W
1970-01-01,25.217,0.5479999999999999,Santa Maria,Brazil,29.74S,53.54W
1970-02-01,25.466,0.358,Santa Maria,Brazil,29.74S,53.54W
1970-03-01,23.844,0.369,Santa Maria,Brazil,29.74S,53.54W
1970-04-01,21.274,0.524,Santa Maria,Brazil,29.74S,53.54W
1970-05-01,17.222,0.33299999999999996,Santa Maria,Brazil,29.74S,53.54W
1970-06-01,14.493,0.433,Santa Maria,Brazil,29.74S,53.54W
1970-07-01,14.370999999999999,0.3,Santa Maria,Brazil,29.74S,53.54W
1970-08-01,15.289000000000001,0.33399999999999996,Santa Maria,Brazil,29.74S,53.54W
1970-09-01,17.291999999999998,0.327,Santa Maria,Brazil,29.74S,53.54W
1970-10-01,18.507,0.332,Santa Maria,Brazil,29.74S,53.54W
1970-11-01,19.947000000000006,0.47100000000000003,Santa Maria,Brazil,29.74S,53.54W
1970-12-01,24.13,0.451,Santa Maria,Brazil,29.74S,53.54W
1971-01-01,24.851999999999997,0.44799999999999995,Santa Maria,Brazil,29.74S,53.54W
1971-02-01,24.165,0.33399999999999996,Santa Maria,Brazil,29.74S,53.54W
1971-03-01,22.386999999999997,0.289,Santa Maria,Brazil,29.74S,53.54W
1971-04-01,17.517,0.358,Santa Maria,Brazil,29.74S,53.54W
1971-05-01,14.638000000000002,0.45299999999999996,Santa Maria,Brazil,29.74S,53.54W
1971-06-01,11.787,0.273,Santa Maria,Brazil,29.74S,53.54W
1971-07-01,14.917,0.368,Santa Maria,Brazil,29.74S,53.54W
1971-08-01,15.402000000000001,0.389,Santa Maria,Brazil,29.74S,53.54W
1971-09-01,18.69,0.5479999999999999,Santa Maria,Brazil,29.74S,53.54W
1971-10-01,18.962,0.47,Santa Maria,Brazil,29.74S,53.54W
1971-11-01,22.325000000000006,0.31,Santa Maria,Brazil,29.74S,53.54W
1971-12-01,24.865,0.287,Santa Maria,Brazil,29.74S,53.54W
1972-01-01,24.596999999999998,0.46299999999999997,Santa Maria,Brazil,29.74S,53.54W
1972-02-01,23.881,0.321,Santa Maria,Brazil,29.74S,53.54W
1972-03-01,22.724,0.317,Santa Maria,Brazil,29.74S,53.54W
1972-04-01,18.425,0.5579999999999999,Santa Maria,Brazil,29.74S,53.54W
1972-05-01,18.655,0.36,Santa Maria,Brazil,29.74S,53.54W
1972-06-01,17.451,0.365,Santa Maria,Brazil,29.74S,53.54W
1972-07-01,14.122,0.369,Santa Maria,Brazil,29.74S,53.54W
1972-08-01,14.834000000000001,0.46299999999999997,Santa Maria,Brazil,29.74S,53.54W
1972-09-01,17.759999999999994,0.369,Santa Maria,Brazil,29.74S,53.54W
1972-10-01,17.951,0.5529999999999999,Santa Maria,Brazil,29.74S,53.54W
1972-11-01,20.826999999999998,0.374,Santa Maria,Brazil,29.74S,53.54W
1972-12-01,23.731,0.631,Santa Maria,Brazil,29.74S,53.54W
1973-01-01,25.24,0.364,Santa Maria,Brazil,29.74S,53.54W
1973-02-01,24.812,0.264,Santa Maria,Brazil,29.74S,53.54W
1973-03-01,23.339000000000002,0.524,Santa Maria,Brazil,29.74S,53.54W
1973-04-01,20.737,0.64,Santa Maria,Brazil,29.74S,53.54W
1973-05-01,16.823,0.281,Santa Maria,Brazil,29.74S,53.54W
1973-06-01,15.182,0.40700000000000003,Santa Maria,Brazil,29.74S,53.54W
1973-07-01,13.993,0.433,Santa Maria,Brazil,29.74S,53.54W
1973-08-01,13.329,0.649,Santa Maria,Brazil,29.74S,53.54W
1973-09-01,15.853,0.145,Santa Maria,Brazil,29.74S,53.54W
1973-10-01,19.175,0.293,Santa Maria,Brazil,29.74S,53.54W
1973-11-01,21.316999999999997,0.65,Santa Maria,Brazil,29.74S,53.54W
1973-12-01,23.948,0.177,Santa Maria,Brazil,29.74S,53.54W
1974-01-01,25.381,0.278,Santa Maria,Brazil,29.74S,53.54W
1974-02-01,24.008000000000003,0.529,Santa Maria,Brazil,29.74S,53.54W
1974-03-01,23.025,0.32899999999999996,Santa Maria,Brazil,29.74S,53.54W
1974-04-01,19.957,0.158,Santa Maria,Brazil,29.74S,53.54W
1974-05-01,17.749000000000006,0.305,Santa Maria,Brazil,29.74S,53.54W
1974-06-01,12.443,0.387,Santa Maria,Brazil,29.74S,53.54W
1974-07-01,16.211,0.23600000000000002,Santa Maria,Brazil,29.74S,53.54W
1974-08-01,14.995,0.431,Santa Maria,Brazil,29.74S,53.54W
1974-09-01,16.394000000000002,0.223,Santa Maria,Brazil,29.74S,53.54W
1974-10-01,18.596,0.14800000000000002,Santa Maria,Brazil,29.74S,53.54W
1974-11-01,21.307,0.366,Santa Maria,Brazil,29.74S,53.54W
1974-12-01,22.796,0.37799999999999995,Santa Maria,Brazil,29.74S,53.54W
1975-01-01,24.384,0.161,Santa Maria,Brazil,29.74S,53.54W
1975-02-01,24.601,0.27,Santa Maria,Brazil,29.74S,53.54W
1975-03-01,22.931,0.152,Santa Maria,Brazil,29.74S,53.54W
1975-04-01,19.426,0.136,Santa Maria,Brazil,29.74S,53.54W
1975-05-01,17.054000000000002,0.35200000000000004,Santa Maria,Brazil,29.74S,53.54W
1975-06-01,15.211,0.21600000000000003,Santa Maria,Brazil,29.74S,53.54W
1975-07-01,13.423,0.337,Santa Maria,Brazil,29.74S,53.54W
1975-08-01,15.58,0.47700000000000004,Santa Maria,Brazil,29.74S,53.54W
1975-09-01,17.0,0.231,Santa Maria,Brazil,29.74S,53.54W
1975-10-01,18.614,0.252,Santa Maria,Brazil,29.74S,53.54W
1975-11-01,21.558000000000003,0.196,Santa Maria,Brazil,29.74S,53.54W
1975-12-01,24.416,0.20600000000000002,Santa Maria,Brazil,29.74S,53.54W
1976-01-01,25.147,0.136,Santa Maria,Brazil,29.74S,53.54W
1976-02-01,24.168000000000003,0.389,Santa Maria,Brazil,29.74S,53.54W
1976-03-01,21.428,0.22399999999999998,Santa Maria,Brazil,29.74S,53.54W
1976-04-01,18.361,0.165,Santa Maria,Brazil,29.74S,53.54W
1976-05-01,16.177000000000003,0.336,Santa Maria,Brazil,29.74S,53.54W
1976-06-01,13.390999999999998,0.203,Santa Maria,Brazil,29.74S,53.54W
1976-07-01,14.004000000000001,0.35,Santa Maria,Brazil,29.74S,53.54W
1976-08-01,14.742,0.331,Santa Maria,Brazil,29.74S,53.54W
1976-09-01,16.41,0.473,Santa Maria,Brazil,29.74S,53.54W
1976-10-01,18.734,0.434,Santa Maria,Brazil,29.74S,53.54W
1976-11-01,21.42,0.155,Santa Maria,Brazil,29.74S,53.54W
1976-12-01,23.748,0.203,Santa Maria,Brazil,29.74S,53.54W
1977-01-01,25.015,0.51,Santa Maria,Brazil,29.74S,53.54W
1977-02-01,25.872,0.624,Santa Maria,Brazil,29.74S,53.54W
1977-03-01,23.886,0.244,Santa Maria,Brazil,29.74S,53.54W
1977-04-01,19.696,0.47200000000000003,Santa Maria,Brazil,29.74S,53.54W
1977-05-01,16.273,0.7659999999999999,Santa Maria,Brazil,29.74S,53.54W
1977-06-01,15.193,0.593,Santa Maria,Brazil,29.74S,53.54W
1977-07-01,17.442999999999998,0.593,Santa Maria,Brazil,29.74S,53.54W
1977-08-01,14.921,0.612,Santa Maria,Brazil,29.74S,53.54W
1977-09-01,19.571,0.446,Santa Maria,Brazil,29.74S,53.54W
1977-10-01,21.337,0.302,Santa Maria,Brazil,29.74S,53.54W
1977-11-01,22.395000000000003,0.276,Santa Maria,Brazil,29.74S,53.54W
1977-12-01,24.758000000000003,0.551,Santa Maria,Brazil,29.74S,53.54W
1978-01-01,25.351,0.313,Santa Maria,Brazil,29.74S,53.54W
1978-02-01,24.329,0.235,Santa Maria,Brazil,29.74S,53.54W
1978-03-01,23.878,0.276,Santa Maria,Brazil,29.74S,53.54W
1978-04-01,18.14,0.611,Santa Maria,Brazil,29.74S,53.54W
1978-05-01,14.997000000000002,0.38299999999999995,Santa Maria,Brazil,29.74S,53.54W
1978-06-01,13.937000000000001,0.812,Santa Maria,Brazil,29.74S,53.54W
1978-07-01,15.772,0.27399999999999997,Santa Maria,Brazil,29.74S,53.54W
1978-08-01,15.829,1.337,Santa Maria,Brazil,29.74S,53.54W
1978-09-01,18.008,0.474,Santa Maria,Brazil,29.74S,53.54W
1978-10-01,20.552,0.34600000000000003,Santa Maria,Brazil,29.74S,53.54W
1978-11-01,21.619,0.872,Santa Maria,Brazil,29.74S,53.54W
1978-12-01,24.628,0.555,Santa Maria,Brazil,29.74S,53.54W
1979-01-01,25.114,0.534,Santa Maria,Brazil,29.74S,53.54W
1979-02-01,25.135,0.42700000000000005,Santa Maria,Brazil,29.74S,53.54W
1979-03-01,22.246,0.5529999999999999,Santa Maria,Brazil,29.74S,53.54W
1979-04-01,18.541,0.491,Santa Maria,Brazil,29.74S,53.54W
1979-05-01,14.820000000000002,0.27,Santa Maria,Brazil,29.74S,53.54W
1979-06-01,13.066,0.257,Santa Maria,Brazil,29.74S,53.54W
1979-07-01,14.779000000000002,0.244,Santa Maria,Brazil,29.74S,53.54W
1979-08-01,16.698,0.273,Santa Maria,Brazil,29.74S,53.54W
1979-09-01,15.905,0.5660000000000001,Santa Maria,Brazil,29.74S,53.54W
1979-10-01,19.878,0.203,Santa Maria,Brazil,29.74S,53.54W
1979-11-01,21.058000000000003,0.128,Santa Maria,Brazil,29.74S,53.54W
1979-12-01,23.796,0.483,Santa Maria,Brazil,29.74S,53.54W
1980-01-01,24.769,0.397,Santa Maria,Brazil,29.74S,53.54W
1980-02-01,24.795,0.235,Santa Maria,Brazil,29.74S,53.54W
1980-03-01,25.42,0.22699999999999998,Santa Maria,Brazil,29.74S,53.54W
1980-04-01,22.096,0.225,Santa Maria,Brazil,29.74S,53.54W
1980-05-01,18.515,0.134,Santa Maria,Brazil,29.74S,53.54W
1980-06-01,14.018,0.469,Santa Maria,Brazil,29.74S,53.54W
1980-07-01,13.099,0.34700000000000003,Santa Maria,Brazil,29.74S,53.54W
1980-08-01,15.194,0.45799999999999996,Santa Maria,Brazil,29.74S,53.54W
1980-09-01,14.970999999999998,0.521,Santa Maria,Brazil,29.74S,53.54W
1980-10-01,19.088,0.221,Santa Maria,Brazil,29.74S,53.54W
1980-11-01,21.456999999999997,0.069,Santa Maria,Brazil,29.74S,53.54W
1980-12-01,24.207,0.14800000000000002,Santa Maria,Brazil,29.74S,53.54W
1981-01-01,24.645,0.51,Santa Maria,Brazil,29.74S,53.54W
1981-02-01,25.384,0.152,Santa Maria,Brazil,29.74S,53.54W
1981-03-01,22.419,0.249,Santa Maria,Brazil,29.74S,53.54W
1981-04-01,20.046,0.179,Santa Maria,Brazil,29.74S,53.54W
1981-05-01,20.362,0.7340000000000001,Santa Maria,Brazil,29.74S,53.54W
1981-06-01,13.08,0.51,Santa Maria,Brazil,29.74S,53.54W
1981-07-01,14.522,0.32799999999999996,Santa Maria,Brazil,29.74S,53.54W
1981-08-01,16.954,0.243,Santa Maria,Brazil,29.74S,53.54W
1981-09-01,16.387,0.348,Santa Maria,Brazil,29.74S,53.54W
1981-10-01,19.131,0.442,Santa Maria,Brazil,29.74S,53.54W
1981-11-01,22.464,0.349,Santa Maria,Brazil,29.74S,53.54W
1981-12-01,23.573,0.39399999999999996,Santa Maria,Brazil,29.74S,53.54W
1982-01-01,24.66,0.245,Santa Maria,Brazil,29.74S,53.54W
1982-02-01,24.434,0.268,Santa Maria,Brazil,29.74S,53.54W
1982-03-01,23.694000000000003,0.21,Santa Maria,Brazil,29.74S,53.54W
1982-04-01,20.908,0.19699999999999998,Santa Maria,Brazil,29.74S,53.54W
1982-05-01,17.454,0.308,Santa Maria,Brazil,29.74S,53.54W
1982-06-01,15.198,0.282,Santa Maria,Brazil,29.74S,53.54W
1982-07-01,15.482999999999999,0.135,Santa Maria,Brazil,29.74S,53.54W
1982-08-01,17.315,0.93,Santa Maria,Brazil,29.74S,53.54W
1982-09-01,19.015,0.6940000000000001,Santa Maria,Brazil,29.74S,53.54W
1982-10-01,18.867,0.166,Santa Maria,Brazil,29.74S,53.54W
1982-11-01,21.037000000000006,0.302,Santa Maria,Brazil,29.74S,53.54W
1982-12-01,23.942,0.46299999999999997,Santa Maria,Brazil,29.74S,53.54W
1983-01-01,25.928,0.23199999999999998,Santa Maria,Brazil,29.74S,53.54W
1983-02-01,24.27,0.364,Santa Maria,Brazil,29.74S,53.54W
1983-03-01,22.127,0.256,Santa Maria,Brazil,29.74S,53.54W
1983-04-01,19.627,0.556,Santa Maria,Brazil,29.74S,53.54W
1983-05-01,17.01,0.324,Santa Maria,Brazil,29.74S,53.54W
1983-06-01,12.48,0.177,Santa Maria,Brazil,29.74S,53.54W
1983-07-01,13.113,0.28,Santa Maria,Brazil,29.74S,53.54W
1983-08-01,15.305,0.353,Santa Maria,Brazil,29.74S,53.54W
1983-09-01,15.09,0.316,Santa Maria,Brazil,29.74S,53.54W
1983-10-01,19.879,0.21,Santa Maria,Brazil,29.74S,53.54W
1983-11-01,22.483,0.282,Santa Maria,Brazil,29.74S,53.54W
1983-12-01,25.447,0.23399999999999999,Santa Maria,Brazil,29.74S,53.54W
1984-01-01,26.139,0.35600000000000004,Santa Maria,Brazil,29.74S,53.54W
1984-02-01,26.923000000000002,0.627,Santa Maria,Brazil,29.74S,53.54W
1984-03-01,23.816999999999997,0.46,Santa Maria,Brazil,29.74S,53.54W
1984-04-01,19.059,0.272,Santa Maria,Brazil,29.74S,53.54W
1984-05-01,17.589000000000002,0.17300000000000001,Santa Maria,Brazil,29.74S,53.54W
1984-06-01,13.664000000000001,0.524,Santa Maria,Brazil,29.74S,53.54W
1984-07-01,14.338,0.215,Santa Maria,Brazil,29.74S,53.54W
1984-08-01,13.16,0.315,Santa Maria,Brazil,29.74S,53.54W
1984-09-01,16.333,0.502,Santa Maria,Brazil,29.74S,53.54W
1984-10-01,21.126,0.654,Santa Maria,Brazil,29.74S,53.54W
1984-11-01,21.686,0.25,Santa Maria,Brazil,29.74S,53.54W
1984-12-01,22.65,0.431,Santa Maria,Brazil,29.74S,53.54W
1985-01-01,25.199,0.252,Santa Maria,Brazil,29.74S,53.54W
1985-02-01,25.178,0.191,Santa Maria,Brazil,29.74S,53.54W
1985-03-01,23.303,0.376,Santa Maria,Brazil,29.74S,53.54W
1985-04-01,19.983,0.39399999999999996,Santa Maria,Brazil,29.74S,53.54W
1985-05-01,16.570999999999998,0.335,Santa Maria,Brazil,29.74S,53.54W
1985-06-01,14.747,0.555,Santa Maria,Brazil,29.74S,53.54W
1985-07-01,14.656,0.247,Santa Maria,Brazil,29.74S,53.54W
1985-08-01,15.468,0.29600000000000004,Santa Maria,Brazil,29.74S,53.54W
1985-09-01,17.503999999999998,0.258,Santa Maria,Brazil,29.74S,53.54W
1985-10-01,20.391,0.18,Santa Maria,Brazil,29.74S,53.54W
1985-11-01,24.8,0.6,Santa Maria,Brazil,29.74S,53.54W
1985-12-01,25.922,0.521,Santa Maria,Brazil,29.74S,53.54W
1986-01-01,26.991999999999997,0.36200000000000004,Santa Maria,Brazil,29.74S,53.54W
1986-02-01,24.916,0.28800000000000003,Santa Maria,Brazil,29.74S,53.54W
1986-03-01,22.552,0.322,Santa Maria,Brazil,29.74S,53.54W
1986-04-01,20.733,0.32,Santa Maria,Brazil,29.74S,53.54W
1986-05-01,17.052,0.306,Santa Maria,Brazil,29.74S,53.54W
1986-06-01,17.061999999999998,0.5479999999999999,Santa Maria,Brazil,29.74S,53.54W
1986-07-01,14.886,0.161,Santa Maria,Brazil,29.74S,53.54W
1986-08-01,16.044999999999998,0.20800000000000002,Santa Maria,Brazil,29.74S,53.54W
1986-09-01,17.608999999999995,0.257,Santa Maria,Brazil,29.74S,53.54W
1986-10-01,19.35,0.35600000000000004,Santa Maria,Brazil,29.74S,53.54W
1986-11-01,22.579,0.31,Santa Maria,Brazil,29.74S,53.54W
1986-12-01,24.394000000000002,0.28800000000000003,Santa Maria,Brazil,29.74S,53.54W
1987-01-01,25.255,0.376,Santa Maria,Brazil,29.74S,53.54W
1987-02-01,25.022,0.754,Santa Maria,Brazil,29.74S,53.54W
1987-03-01,23.981,0.22899999999999998,Santa Maria,Brazil,29.74S,53.54W
1987-04-01,20.416,0.27,Santa Maria,Brazil,29.74S,53.54W
1987-05-01,14.016000000000002,0.431,Santa Maria,Brazil,29.74S,53.54W
1987-06-01,13.599,0.5589999999999999,Santa Maria,Brazil,29.74S,53.54W
1987-07-01,16.858,0.19699999999999998,Santa Maria,Brazil,29.74S,53.54W
1987-08-01,14.284,0.534,Santa Maria,Brazil,29.74S,53.54W
1987-09-01,15.414000000000001,0.486,Santa Maria,Brazil,29.74S,53.54W
1987-10-01,19.198,0.264,Santa Maria,Brazil,29.74S,53.54W
1987-11-01,22.287000000000006,0.63,Santa Maria,Brazil,29.74S,53.54W
1987-12-01,23.779,0.24,Santa Maria,Brazil,29.74S,53.54W
1988-01-01,25.154,0.413,Santa Maria,Brazil,29.74S,53.54W
1988-02-01,23.734,0.534,Santa Maria,Brazil,29.74S,53.54W
1988-03-01,25.377,0.385,Santa Maria,Brazil,29.74S,53.54W
1988-04-01,18.509,0.624,Santa Maria,Brazil,29.74S,53.54W
1988-05-01,13.419,0.501,Santa Maria,Brazil,29.74S,53.54W
1988-06-01,11.759,0.708,Santa Maria,Brazil,29.74S,53.54W
1988-07-01,13.095,0.17,Santa Maria,Brazil,29.74S,53.54W
1988-08-01,15.995,0.406,Santa Maria,Brazil,29.74S,53.54W
1988-09-01,16.008,0.628,Santa Maria,Brazil,29.74S,53.54W
1988-10-01,18.593,0.51,Santa Maria,Brazil,29.74S,53.54W
1988-11-01,21.971,0.669,Santa Maria,Brazil,29.74S,53.54W
1988-12-01,25.228,0.512,Santa Maria,Brazil,29.74S,53.54W
1989-01-01,25.337,0.5329999999999999,Santa Maria,Brazil,29.74S,53.54W
1989-02-01,25.656999999999996,0.485,Santa Maria,Brazil,29.74S,53.54W
1989-03-01,23.399,0.244,Santa Maria,Brazil,29.74S,53.54W
1989-04-01,20.316,0.29,Santa Maria,Brazil,29.74S,53.54W
1989-05-01,16.369,0.27899999999999997,Santa Maria,Brazil,29.74S,53.54W
1989-06-01,14.295,0.371,Santa Maria,Brazil,29.74S,53.54W
1989-07-01,12.613,0.6970000000000001,Santa Maria,Brazil,29.74S,53.54W
1989-08-01,16.387999999999998,0.441,Santa Maria,Brazil,29.74S,53.54W
1989-09-01,15.803,0.3,Santa Maria,Brazil,29.74S,53.54W
1989-10-01,18.834,0.361,Santa Maria,Brazil,29.74S,53.54W
1989-11-01,22.174000000000003,0.289,Santa Maria,Brazil,29.74S,53.54W
1989-12-01,25.437,0.445,Santa Maria,Brazil,29.74S,53.54W
1990-01-01,25.897,0.331,Santa Maria,Brazil,29.74S,53.54W
1990-02-01,24.408,0.502,Santa Maria,Brazil,29.74S,53.54W
1990-03-01,22.811,0.615,Santa Maria,Brazil,29.74S,53.54W
1990-04-01,20.601,0.494,Santa Maria,Brazil,29.74S,53.54W
1990-05-01,15.373,0.423,Santa Maria,Brazil,29.74S,53.54W
1990-06-01,12.625,0.39799999999999996,Santa Maria,Brazil,29.74S,53.54W
1990-07-01,12.372,0.32299999999999995,Santa Maria,Brazil,29.74S,53.54W
1990-08-01,16.369,0.235,Santa Maria,Brazil,29.74S,53.54W
1990-09-01,15.467,0.366,Santa Maria,Brazil,29.74S,53.54W
1990-10-01,21.167,0.645,Santa Maria,Brazil,29.74S,53.54W
1990-11-01,23.511000000000006,0.336,Santa Maria,Brazil,29.74S,53.54W
1990-12-01,23.348000000000003,0.48200000000000004,Santa Maria,Brazil,29.74S,53.54W
1991-01-01,24.56,0.429,Santa Maria,Brazil,29.74S,53.54W
1991-02-01,24.426,0.435,Santa Maria,Brazil,29.74S,53.54W
1991-03-01,24.244,0.667,Santa Maria,Brazil,29.74S,53.54W
1991-04-01,20.241,0.528,Santa Maria,Brazil,29.74S,53.54W
1991-05-01,18.658,0.456,Santa Maria,Brazil,29.74S,53.54W
1991-06-01,14.682,0.595,Santa Maria,Brazil,29.74S,53.54W
1991-07-01,13.845,0.33,Santa Maria,Brazil,29.74S,53.54W
1991-08-01,16.867,0.675,Santa Maria,Brazil,29.74S,53.54W
1991-09-01,18.275,0.433,Santa Maria,Brazil,29.74S,53.54W
1991-10-01,19.98,0.624,Santa Maria,Brazil,29.74S,53.54W
1991-11-01,21.912000000000006,0.215,Santa Maria,Brazil,29.74S,53.54W
1991-12-01,25.201,0.251,Santa Maria,Brazil,29.74S,53.54W
1992-01-01,25.268,0.21899999999999997,Santa Maria,Brazil,29.74S,53.54W
1992-02-01,25.636999999999997,0.738,Santa Maria,Brazil,29.74S,53.54W
1992-03-01,23.751,0.249,Santa Maria,Brazil,29.74S,53.54W
1992-04-01,19.943,0.272,Santa Maria,Brazil,29.74S,53.54W
1992-05-01,16.540000000000006,0.289,Santa Maria,Brazil,29.74S,53.54W
1992-06-01,16.78,0.29100000000000004,Santa Maria,Brazil,29.74S,53.54W
1992-07-01,11.665,0.723,Santa Maria,Brazil,29.74S,53.54W
1992-08-01,14.45,0.602,Santa Maria,Brazil,29.74S,53.54W
1992-09-01,16.66,0.42200000000000004,Santa Maria,Brazil,29.74S,53.54W
1992-10-01,19.342,0.203,Santa Maria,Brazil,29.74S,53.54W
1992-11-01,21.361,0.301,Santa Maria,Brazil,29.74S,53.54W
1992-12-01,24.418000000000003,0.368,Santa Maria,Brazil,29.74S,53.54W
1993-01-01,25.627,0.23399999999999999,Santa Maria,Brazil,29.74S,53.54W
1993-02-01,23.631,0.42200000000000004,Santa Maria,Brazil,29.74S,53.54W
1993-03-01,23.737,0.20800000000000002,Santa Maria,Brazil,29.74S,53.54W
1993-04-01,21.4,0.392,Santa Maria,Brazil,29.74S,53.54W
1993-05-01,16.677000000000003,0.49200000000000005,Santa Maria,Brazil,29.74S,53.54W
1993-06-01,14.278,0.409,Santa Maria,Brazil,29.74S,53.54W
1993-07-01,13.208,0.349,Santa Maria,Brazil,29.74S,53.54W
1993-08-01,15.122,0.46299999999999997,Santa Maria,Brazil,29.74S,53.54W
1993-09-01,16.023999999999994,0.196,Santa Maria,Brazil,29.74S,53.54W
1993-10-01,20.612,0.17300000000000001,Santa Maria,Brazil,29.74S,53.54W
1993-11-01,22.051,0.5539999999999999,Santa Maria,Brazil,29.74S,53.54W
1993-12-01,24.147,0.321,Santa Maria,Brazil,29.74S,53.54W
1994-01-01,24.783,0.293,Santa Maria,Brazil,29.74S,53.54W
1994-02-01,23.961,0.392,Santa Maria,Brazil,29.74S,53.54W
1994-03-01,22.738000000000003,0.275,Santa Maria,Brazil,29.74S,53.54W
1994-04-01,19.578,0.28800000000000003,Santa Maria,Brazil,29.74S,53.54W
1994-05-01,18.957,0.25,Santa Maria,Brazil,29.74S,53.54W
1994-06-01,15.199000000000002,0.366,Santa Maria,Brazil,29.74S,53.54W
1994-07-01,15.142000000000001,0.228,Santa Maria,Brazil,29.74S,53.54W
1994-08-01,15.477,0.337,Santa Maria,Brazil,29.74S,53.54W
1994-09-01,18.696,0.552,Santa Maria,Brazil,29.74S,53.54W
1994-10-01,20.249000000000002,0.253,Santa Maria,Brazil,29.74S,53.54W
1994-11-01,22.180999999999997,0.324,Santa Maria,Brazil,29.74S,53.54W
1994-12-01,26.615,0.6,Santa Maria,Brazil,29.74S,53.54W
1995-01-01,25.570999999999998,0.31,Santa Maria,Brazil,29.74S,53.54W
1995-02-01,23.917,0.26899999999999996,Santa Maria,Brazil,29.74S,53.54W
1995-03-01,22.96,0.21100000000000002,Santa Maria,Brazil,29.74S,53.54W
1995-04-01,19.851,0.9059999999999999,Santa Maria,Brazil,29.74S,53.54W
1995-05-01,15.746000000000002,0.28300000000000003,Santa Maria,Brazil,29.74S,53.54W
1995-06-01,14.555,0.295,Santa Maria,Brazil,29.74S,53.54W
1995-07-01,16.741,1.3219999999999998,Santa Maria,Brazil,29.74S,53.54W
1995-08-01,15.831,0.425,Santa Maria,Brazil,29.74S,53.54W
1995-09-01,17.259999999999998,0.27699999999999997,Santa Maria,Brazil,29.74S,53.54W
1995-10-01,18.521,0.267,Santa Maria,Brazil,29.74S,53.54W
1995-11-01,23.500999999999998,0.253,Santa Maria,Brazil,29.74S,53.54W
1995-12-01,25.61,0.501,Santa Maria,Brazil,29.74S,53.54W
1996-01-01,25.246,0.249,Santa Maria,Brazil,29.74S,53.54W
1996-02-01,24.466,0.2,Santa Maria,Brazil,29.74S,53.54W
1996-03-01,23.299,0.151,Santa Maria,Brazil,29.74S,53.54W
1996-04-01,20.913,0.385,Santa Maria,Brazil,29.74S,53.54W
1996-05-01,16.64,0.262,Santa Maria,Brazil,29.74S,53.54W
1996-06-01,12.173,0.529,Santa Maria,Brazil,29.74S,53.54W
1996-07-01,11.762,0.373,Santa Maria,Brazil,29.74S,53.54W
1996-08-01,17.018,0.31,Santa Maria,Brazil,29.74S,53.54W
1996-09-01,16.703,0.37,Santa Maria,Brazil,29.74S,53.54W
1996-10-01,20.341,0.496,Santa Maria,Brazil,29.74S,53.54W
1996-11-01,23.499,0.65,Santa Maria,Brazil,29.74S,53.54W
1996-12-01,25.365,0.94,Santa Maria,Brazil,29.74S,53.54W
1997-01-01,26.881999999999998,0.774,Santa Maria,Brazil,29.74S,53.54W
1997-02-01,24.58,0.337,Santa Maria,Brazil,29.74S,53.54W
1997-03-01,22.941,0.223,Santa Maria,Brazil,29.74S,53.54W
1997-04-01,19.936,0.17800000000000002,Santa Maria,Brazil,29.74S,53.54W
1997-05-01,17.206000000000003,0.215,Santa Maria,Brazil,29.74S,53.54W
1997-06-01,14.505999999999998,0.258,Santa Maria,Brazil,29.74S,53.54W
1997-07-01,16.116,0.201,Santa Maria,Brazil,29.74S,53.54W
1997-08-01,17.266,0.521,Santa Maria,Brazil,29.74S,53.54W
1997-09-01,17.903,0.29100000000000004,Santa Maria,Brazil,29.74S,53.54W
1997-10-01,19.633,0.223,Santa Maria,Brazil,29.74S,53.54W
1997-11-01,22.545,0.376,Santa Maria,Brazil,29.74S,53.54W
1997-12-01,24.653000000000002,0.40700000000000003,Santa Maria,Brazil,29.74S,53.54W
1998-01-01,24.24,0.41700000000000004,Santa Maria,Brazil,29.74S,53.54W
1998-02-01,24.066999999999997,0.24600000000000002,Santa Maria,Brazil,29.74S,53.54W
1998-03-01,21.954,0.271,Santa Maria,Brazil,29.74S,53.54W
1998-04-01,19.421,0.174,Santa Maria,Brazil,29.74S,53.54W
1998-05-01,16.609,0.223,Santa Maria,Brazil,29.74S,53.54W
1998-06-01,13.869000000000002,0.28300000000000003,Santa Maria,Brazil,29.74S,53.54W
1998-07-01,16.058,0.716,Santa Maria,Brazil,29.74S,53.54W
1998-08-01,15.523,0.451,Santa Maria,Brazil,29.74S,53.54W
1998-09-01,16.361,0.361,Santa Maria,Brazil,29.74S,53.54W
1998-10-01,19.739,0.614,Santa Maria,Brazil,29.74S,53.54W
1998-11-01,22.328000000000007,0.22899999999999998,Santa Maria,Brazil,29.74S,53.54W
1998-12-01,23.672,0.401,Santa Maria,Brazil,29.74S,53.54W
1999-01-01,25.002,0.358,Santa Maria,Brazil,29.74S,53.54W
1999-02-01,24.564,0.285,Santa Maria,Brazil,29.74S,53.54W
1999-03-01,25.311,0.311,Santa Maria,Brazil,29.74S,53.54W
1999-04-01,18.618,0.3,Santa Maria,Brazil,29.74S,53.54W
1999-05-01,15.435000000000002,0.34600000000000003,Santa Maria,Brazil,29.74S,53.54W
1999-06-01,13.517000000000001,0.494,Santa Maria,Brazil,29.74S,53.54W
1999-07-01,13.787,0.301,Santa Maria,Brazil,29.74S,53.54W
1999-08-01,15.582,0.87,Santa Maria,Brazil,29.74S,53.54W
1999-09-01,17.384,1.31,Santa Maria,Brazil,29.74S,53.54W
1999-10-01,18.63,0.691,Santa Maria,Brazil,29.74S,53.54W
1999-11-01,21.558000000000003,0.7120000000000001,Santa Maria,Brazil,29.74S,53.54W
1999-12-01,24.433000000000003,0.594,Santa Maria,Brazil,29.74S,53.54W
2000-01-01,25.6,0.693,Santa Maria,Brazil,29.74S,53.54W
2000-02-01,24.509,0.777,Santa Maria,Brazil,29.74S,53.54W
2000-03-01,22.424,0.8270000000000001,Santa Maria,Brazil,29.74S,53.54W
2000-04-01,20.966,0.182,Santa Maria,Brazil,29.74S,53.54W
2000-05-01,16.114,0.373,Santa Maria,Brazil,29.74S,53.54W
2000-06-01,16.313,0.728,Santa Maria,Brazil,29.74S,53.54W
2000-07-01,11.584000000000001,0.19899999999999998,Santa Maria,Brazil,29.74S,53.54W
2000-08-01,15.232999999999999,0.254,Santa Maria,Brazil,29.74S,53.54W
2000-09-01,17.163999999999998,0.5329999999999999,Santa Maria,Brazil,29.74S,53.54W
2000-10-01,20.269000000000002,0.324,Santa Maria,Brazil,29.74S,53.54W
2000-11-01,21.340999999999998,0.8640000000000001,Santa Maria,Brazil,29.74S,53.54W
2000-12-01,24.503,0.171,Santa Maria,Brazil,29.74S,53.54W
2001-01-01,25.412,0.35100000000000003,Santa Maria,Brazil,29.74S,53.54W
2001-02-01,26.351,0.503,Santa Maria,Brazil,29.74S,53.54W
2001-03-01,25.65,0.8490000000000001,Santa Maria,Brazil,29.74S,53.54W
2001-04-01,20.97,0.215,Santa Maria,Brazil,29.74S,53.54W
2001-05-01,15.952000000000002,0.28,Santa Maria,Brazil,29.74S,53.54W
2001-06-01,15.651,0.29,Santa Maria,Brazil,29.74S,53.54W
2001-07-01,15.501,0.46799999999999997,Santa Maria,Brazil,29.74S,53.54W
2001-08-01,19.274,0.8959999999999999,Santa Maria,Brazil,29.74S,53.54W
2001-09-01,17.704,0.503,Santa Maria,Brazil,29.74S,53.54W
2001-10-01,21.078000000000003,0.519,Santa Maria,Brazil,29.74S,53.54W
2001-11-01,22.761000000000006,0.204,Santa Maria,Brazil,29.74S,53.54W
2001-12-01,23.726,0.27699999999999997,Santa Maria,Brazil,29.74S,53.54W
2002-01-01,25.111,0.204,Santa Maria,Brazil,29.74S,53.54W
2002-02-01,24.259,0.264,Santa Maria,Brazil,29.74S,53.54W
2002-03-01,25.649,0.27,Santa Maria,Brazil,29.74S,53.54W
2002-04-01,20.573,0.33899999999999997,Santa Maria,Brazil,29.74S,53.54W
2002-05-01,18.766,0.16,Santa Maria,Brazil,29.74S,53.54W
2002-06-01,14.531,0.302,Santa Maria,Brazil,29.74S,53.54W
2002-07-01,14.457,0.32299999999999995,Santa Maria,Brazil,29.74S,53.54W
2002-08-01,17.185,0.204,Santa Maria,Brazil,29.74S,53.54W
2002-09-01,16.320999999999998,0.268,Santa Maria,Brazil,29.74S,53.54W
2002-10-01,21.412,0.308,Santa Maria,Brazil,29.74S,53.54W
2002-11-01,22.758000000000006,0.07200000000000001,Santa Maria,Brazil,29.74S,53.54W
2002-12-01,24.223000000000003,0.201,Santa Maria,Brazil,29.74S,53.54W
2003-01-01,25.895,0.221,Santa Maria,Brazil,29.74S,53.54W
2003-02-01,25.346,0.223,Santa Maria,Brazil,29.74S,53.54W
2003-03-01,23.398000000000003,0.396,Santa Maria,Brazil,29.74S,53.54W
2003-04-01,19.502,0.315,Santa Maria,Brazil,29.74S,53.54W
2003-05-01,17.132,0.284,Santa Maria,Brazil,29.74S,53.54W
2003-06-01,16.579,0.402,Santa Maria,Brazil,29.74S,53.54W
2003-07-01,14.788,0.37,Santa Maria,Brazil,29.74S,53.54W
2003-08-01,14.339,0.61,Santa Maria,Brazil,29.74S,53.54W
2003-09-01,17.023,0.32,Santa Maria,Brazil,29.74S,53.54W
2003-10-01,20.607,0.263,Santa Maria,Brazil,29.74S,53.54W
2003-11-01,22.245,0.203,Santa Maria,Brazil,29.74S,53.54W
2003-12-01,22.904,0.322,Santa Maria,Brazil,29.74S,53.54W
2004-01-01,25.469,0.284,Santa Maria,Brazil,29.74S,53.54W
2004-02-01,24.011,0.35700000000000004,Santa Maria,Brazil,29.74S,53.54W
2004-03-01,23.583000000000002,0.33,Santa Maria,Brazil,29.74S,53.54W
2004-04-01,22.023000000000003,0.217,Santa Maria,Brazil,29.74S,53.54W
2004-05-01,15.211000000000002,0.34,Santa Maria,Brazil,29.74S,53.54W
2004-06-01,15.75,0.379,Santa Maria,Brazil,29.74S,53.54W
2004-07-01,14.186,0.27,Santa Maria,Brazil,29.74S,53.54W
2004-08-01,15.929,0.23399999999999999,Santa Maria,Brazil,29.74S,53.54W
2004-09-01,18.626,0.316,Santa Maria,Brazil,29.74S,53.54W
2004-10-01,19.128,0.153,Santa Maria,Brazil,29.74S,53.54W
2004-11-01,21.531999999999996,0.294,Santa Maria,Brazil,29.74S,53.54W
2004-12-01,24.182,0.35100000000000003,Santa Maria,Brazil,29.74S,53.54W
2005-01-01,26.362,0.423,Santa Maria,Brazil,29.74S,53.54W
2005-02-01,25.252,0.22,Santa Maria,Brazil,29.74S,53.54W
2005-03-01,23.937,0.331,Santa Maria,Brazil,29.74S,53.54W
2005-04-01,19.725,0.179,Santa Maria,Brazil,29.74S,53.54W
2005-05-01,18.110000000000007,0.281,Santa Maria,Brazil,29.74S,53.54W
2005-06-01,17.999000000000002,0.239,Santa Maria,Brazil,29.74S,53.54W
2005-07-01,14.866,0.182,Santa Maria,Brazil,29.74S,53.54W
2005-08-01,17.026,0.23199999999999998,Santa Maria,Brazil,29.74S,53.54W
2005-09-01,15.416,0.358,Santa Maria,Brazil,29.74S,53.54W
2005-10-01,19.127,0.255,Santa Maria,Brazil,29.74S,53.54W
2005-11-01,23.522,0.22399999999999998,Santa Maria,Brazil,29.74S,53.54W
2005-12-01,24.248,0.35100000000000003,Santa Maria,Brazil,29.74S,53.54W
2006-01-01,26.340999999999998,0.207,Santa Maria,Brazil,29.74S,53.54W
2006-02-01,25.222,0.25,Santa Maria,Brazil,29.74S,53.54W
2006-03-01,24.258000000000003,0.292,Santa Maria,Brazil,29.74S,53.54W
2006-04-01,20.111,0.353,Santa Maria,Brazil,29.74S,53.54W
2006-05-01,14.971000000000002,0.467,Santa Maria,Brazil,29.74S,53.54W
2006-06-01,15.828,0.413,Santa Maria,Brazil,29.74S,53.54W
2006-07-01,17.464000000000002,0.353,Santa Maria,Brazil,29.74S,53.54W
2006-08-01,15.485999999999999,0.368,Santa Maria,Brazil,29.74S,53.54W
2006-09-01,16.494999999999994,0.301,Santa Maria,Brazil,29.74S,53.54W
2006-10-01,21.082,0.7240000000000001,Santa Maria,Brazil,29.74S,53.54W
2006-11-01,22.381,0.35,Santa Maria,Brazil,29.74S,53.54W
2006-12-01,25.928,0.171,Santa Maria,Brazil,29.74S,53.54W
2007-01-01,25.521,0.467,Santa Maria,Brazil,29.74S,53.54W
2007-02-01,25.386999999999997,0.217,Santa Maria,Brazil,29.74S,53.54W
2007-03-01,24.509,0.267,Santa Maria,Brazil,29.74S,53.54W
2007-04-01,21.261999999999997,0.674,Santa Maria,Brazil,29.74S,53.54W
2007-05-01,14.891000000000002,1.022,Santa Maria,Brazil,29.74S,53.54W
2007-06-01,14.88,1.444,Santa Maria,Brazil,29.74S,53.54W
2007-07-01,12.235,1.145,Santa Maria,Brazil,29.74S,53.54W
2007-08-01,14.360999999999999,0.764,Santa Maria,Brazil,29.74S,53.54W
2007-09-01,19.837,1.145,Santa Maria,Brazil,29.74S,53.54W
2007-10-01,21.244,0.8959999999999999,Santa Maria,Brazil,29.74S,53.54W
2007-11-01,21.892000000000003,0.667,Santa Maria,Brazil,29.74S,53.54W
2007-12-01,25.268,0.975,Santa Maria,Brazil,29.74S,53.54W
2008-01-01,25.384,0.475,Santa Maria,Brazil,29.74S,53.54W
2008-02-01,24.99,0.289,Santa Maria,Brazil,29.74S,53.54W
2008-03-01,23.903000000000002,0.262,Santa Maria,Brazil,29.74S,53.54W
2008-04-01,19.747,0.275,Santa Maria,Brazil,29.74S,53.54W
2008-05-01,16.736,0.485,Santa Maria,Brazil,29.74S,53.54W
2008-06-01,12.914000000000001,0.299,Santa Maria,Brazil,29.74S,53.54W
2008-07-01,16.902,0.13699999999999998,Santa Maria,Brazil,29.74S,53.54W
2008-08-01,15.568,0.429,Santa Maria,Brazil,29.74S,53.54W
2008-09-01,16.105,0.384,Santa Maria,Brazil,29.74S,53.54W
2008-10-01,19.639,0.305,Santa Maria,Brazil,29.74S,53.54W
2008-11-01,23.455,0.183,Santa Maria,Brazil,29.74S,53.54W
2008-12-01,24.456,0.242,Santa Maria,Brazil,29.74S,53.54W
2009-01-01,24.295,0.426,Santa Maria,Brazil,29.74S,53.54W
2009-02-01,24.92,0.18600000000000003,Santa Maria,Brazil,29.74S,53.54W
2009-03-01,23.8,0.413,Santa Maria,Brazil,29.74S,53.54W
2009-04-01,20.874000000000002,0.375,Santa Maria,Brazil,29.74S,53.54W
2009-05-01,17.803,0.24600000000000002,Santa Maria,Brazil,29.74S,53.54W
2009-06-01,12.847000000000001,0.33,Santa Maria,Brazil,29.74S,53.54W
2009-07-01,12.035,0.198,Santa Maria,Brazil,29.74S,53.54W
2009-08-01,17.167,0.6629999999999999,Santa Maria,Brazil,29.74S,53.54W
2009-09-01,16.663,0.23199999999999998,Santa Maria,Brazil,29.74S,53.54W
2009-10-01,19.619,0.133,Santa Maria,Brazil,29.74S,53.54W
2009-11-01,23.693,0.975,Santa Maria,Brazil,29.74S,53.54W
2009-12-01,24.373,0.617,Santa Maria,Brazil,29.74S,53.54W
2010-01-01,25.294,0.743,Santa Maria,Brazil,29.74S,53.54W
2010-02-01,26.113000000000003,0.25,Santa Maria,Brazil,29.74S,53.54W
2010-03-01,24.043000000000003,0.43,Santa Maria,Brazil,29.74S,53.54W
2010-04-01,19.677,0.32799999999999996,Santa Maria,Brazil,29.74S,53.54W
2010-05-01,16.317,0.262,Santa Maria,Brazil,29.74S,53.54W
2010-06-01,14.906,0.5710000000000001,Santa Maria,Brazil,29.74S,53.54W
2010-07-01,14.065,0.261,Santa Maria,Brazil,29.74S,53.54W
2010-08-01,14.6,0.687,Santa Maria,Brazil,29.74S,53.54W
2010-09-01,17.326,0.669,Santa Maria,Brazil,29.74S,53.54W
2010-10-01,18.957,0.213,Santa Maria,Brazil,29.74S,53.54W
2010-11-01,22.185,0.48,Santa Maria,Brazil,29.74S,53.54W
2010-12-01,25.171,0.426,Santa Maria,Brazil,29.74S,53.54W
2011-01-01,26.896,0.354,Santa Maria,Brazil,29.74S,53.54W
2011-02-01,25.474,0.331,Santa Maria,Brazil,29.74S,53.54W
2011-03-01,23.748,0.35600000000000004,Santa Maria,Brazil,29.74S,53.54W
2011-04-01,20.908,0.41100000000000003,Santa Maria,Brazil,29.74S,53.54W
2011-05-01,16.593,0.457,Santa Maria,Brazil,29.74S,53.54W
2011-06-01,14.202,0.6859999999999999,Santa Maria,Brazil,29.74S,53.54W
2011-07-01,13.724,0.265,Santa Maria,Brazil,29.74S,53.54W
2011-08-01,14.915,0.154,Santa Maria,Brazil,29.74S,53.54W
2011-09-01,17.294999999999998,0.424,Santa Maria,Brazil,29.74S,53.54W
2011-10-01,19.862000000000002,0.605,Santa Maria,Brazil,29.74S,53.54W
2011-11-01,22.985000000000007,0.384,Santa Maria,Brazil,29.74S,53.54W
2011-12-01,23.87,0.42700000000000005,Santa Maria,Brazil,29.74S,53.54W
2012-01-01,25.779,0.353,Santa Maria,Brazil,29.74S,53.54W
2012-02-01,26.534000000000002,0.32799999999999996,Santa Maria,Brazil,29.74S,53.54W
2012-03-01,23.576,0.33799999999999997,Santa Maria,Brazil,29.74S,53.54W
2012-04-01,19.168,0.7390000000000001,Santa Maria,Brazil,29.74S,53.54W
2012-05-01,17.715999999999998,1.168,Santa Maria,Brazil,29.74S,53.54W
2012-06-01,13.662,1.869,Santa Maria,Brazil,29.74S,53.54W
2012-07-01,12.981,0.397,Santa Maria,Brazil,29.74S,53.54W
2012-08-01,18.669,0.6659999999999999,Santa Maria,Brazil,29.74S,53.54W
2012-09-01,18.692,0.331,Santa Maria,Brazil,29.74S,53.54W
2012-10-01,21.136,0.442,Santa Maria,Brazil,29.74S,53.54W
2012-11-01,24.133000000000006,0.489,Santa Maria,Brazil,29.74S,53.54W
2012-12-01,25.975,0.593,Santa Maria,Brazil,29.74S,53.54W
2013-01-01,24.537,0.46399999999999997,Santa Maria,Brazil,29.74S,53.54W
2013-02-01,24.649,0.34299999999999997,Santa Maria,Brazil,29.74S,53.54W
2013-03-01,21.65,0.48200000000000004,Santa Maria,Brazil,29.74S,53.54W
2013-04-01,19.894000000000002,0.408,Santa Maria,Brazil,29.74S,53.54W
2013-05-01,16.271,0.33299999999999996,Santa Maria,Brazil,29.74S,53.54W
2013-06-01,14.691,0.402,Santa Maria,Brazil,29.74S,53.54W
2013-07-01,14.098,0.302,Santa Maria,Brazil,29.74S,53.54W
2013-08-01,13.907,0.503,Santa Maria,Brazil,29.74S,53.54W
2013-09-01,,,Santa Maria,Brazil,29.74S,53.54W
1824-01-01,26.385,1.27,Santa Marta,Colombia,10.45N,74.45W
1824-02-01,26.281,2.0869999999999997,Santa Marta,Colombia,10.45N,74.45W
1824-03-01,27.557,1.571,Santa Marta,Colombia,10.45N,74.45W
1824-04-01,27.464,1.893,Santa Marta,Colombia,10.45N,74.45W
1824-05-01,27.086,1.39,Santa Marta,Colombia,10.45N,74.45W
1824-06-01,,,Santa Marta,Colombia,10.45N,74.45W
1824-07-01,27.264,2.661,Santa Marta,Colombia,10.45N,74.45W
1824-08-01,26.209,1.5619999999999998,Santa Marta,Colombia,10.45N,74.45W
1824-09-01,25.768,1.5719999999999998,Santa Marta,Colombia,10.45N,74.45W
1824-10-01,25.031999999999996,1.3119999999999998,Santa Marta,Colombia,10.45N,74.45W
1824-11-01,26.227,1.615,Santa Marta,Colombia,10.45N,74.45W
1824-12-01,27.3,2.089,Santa Marta,Colombia,10.45N,74.45W
1825-01-01,26.76,1.916,Santa Marta,Colombia,10.45N,74.45W
1825-02-01,26.81,1.608,Santa Marta,Colombia,10.45N,74.45W
1825-03-01,27.587,1.896,Santa Marta,Colombia,10.45N,74.45W
1825-04-01,28.304,1.982,Santa Marta,Colombia,10.45N,74.45W
1825-05-01,27.234,1.3419999999999999,Santa Marta,Colombia,10.45N,74.45W
1825-06-01,27.304,1.054,Santa Marta,Colombia,10.45N,74.45W
1825-07-01,26.74,2.0540000000000003,Santa Marta,Colombia,10.45N,74.45W
1825-08-01,26.147,1.9880000000000002,Santa Marta,Colombia,10.45N,74.45W
1825-09-01,25.305999999999997,1.6230000000000002,Santa Marta,Colombia,10.45N,74.45W
1825-10-01,25.016,1.446,Santa Marta,Colombia,10.45N,74.45W
1825-11-01,26.762,1.6980000000000002,Santa Marta,Colombia,10.45N,74.45W
1825-12-01,25.932,1.5190000000000001,Santa Marta,Colombia,10.45N,74.45W
1826-01-01,,,Santa Marta,Colombia,10.45N,74.45W
1826-02-01,25.844,1.585,Santa Marta,Colombia,10.45N,74.45W
1826-03-01,27.413,1.9569999999999999,Santa Marta,Colombia,10.45N,74.45W
1826-04-01,27.660999999999998,2.25,Santa Marta,Colombia,10.45N,74.45W
1826-05-01,27.748,1.27,Santa Marta,Colombia,10.45N,74.45W
1826-06-01,,,Santa Marta,Colombia,10.45N,74.45W
1826-07-01,27.024,1.048,Santa Marta,Colombia,10.45N,74.45W
1826-08-01,25.865,1.2209999999999999,Santa Marta,Colombia,10.45N,74.45W
1826-09-01,25.416999999999998,1.9409999999999998,Santa Marta,Colombia,10.45N,74.45W
1826-10-01,25.279,1.886,Santa Marta,Colombia,10.45N,74.45W
1826-11-01,26.693,1.177,Santa Marta,Colombia,10.45N,74.45W
1826-12-01,27.324,2.162,Santa Marta,Colombia,10.45N,74.45W
1827-01-01,27.23,2.314,Santa Marta,Colombia,10.45N,74.45W
1827-02-01,27.523000000000003,1.402,Santa Marta,Colombia,10.45N,74.45W
1827-03-01,28.221,1.805,Santa Marta,Colombia,10.45N,74.45W
1827-04-01,28.473000000000006,2.563,Santa Marta,Colombia,10.45N,74.45W
1827-05-01,27.772,1.955,Santa Marta,Colombia,10.45N,74.45W
1827-06-01,,,Santa Marta,Colombia,10.45N,74.45W
1827-07-01,27.193,1.246,Santa Marta,Colombia,10.45N,74.45W
1827-08-01,26.458,1.304,Santa Marta,Colombia,10.45N,74.45W
1827-09-01,25.25,1.025,Santa Marta,Colombia,10.45N,74.45W
1827-10-01,25.195999999999998,1.222,Santa Marta,Colombia,10.45N,74.45W
1827-11-01,26.755,1.347,Santa Marta,Colombia,10.45N,74.45W
1827-12-01,26.1,2.207,Santa Marta,Colombia,10.45N,74.45W
1828-01-01,25.313000000000002,1.589,Santa Marta,Colombia,10.45N,74.45W
1828-02-01,25.996,2.049,Santa Marta,Colombia,10.45N,74.45W
1828-03-01,27.35,1.7280000000000002,Santa Marta,Colombia,10.45N,74.45W
1828-04-01,27.514000000000006,1.611,Santa Marta,Colombia,10.45N,74.45W
1828-05-01,27.197,1.999,Santa Marta,Colombia,10.45N,74.45W
1828-06-01,27.313000000000002,1.902,Santa Marta,Colombia,10.45N,74.45W
1828-07-01,27.061999999999998,1.371,Santa Marta,Colombia,10.45N,74.45W
1828-08-01,26.456999999999997,1.6059999999999999,Santa Marta,Colombia,10.45N,74.45W
1828-09-01,24.61,1.147,Santa Marta,Colombia,10.45N,74.45W
1828-10-01,,,Santa Marta,Colombia,10.45N,74.45W
1828-11-01,26.335,1.588,Santa Marta,Colombia,10.45N,74.45W
1828-12-01,26.458,2.182,Santa Marta,Colombia,10.45N,74.45W
1829-01-01,25.986,1.425,Santa Marta,Colombia,10.45N,74.45W
1829-02-01,25.950000000000006,2.543,Santa Marta,Colombia,10.45N,74.45W
1829-03-01,26.893,1.442,Santa Marta,Colombia,10.45N,74.45W
1829-04-01,27.112,1.247,Santa Marta,Colombia,10.45N,74.45W
1829-05-01,27.478,2.7319999999999998,Santa Marta,Colombia,10.45N,74.45W
1829-06-01,,,Santa Marta,Colombia,10.45N,74.45W
1829-07-01,26.862,1.357,Santa Marta,Colombia,10.45N,74.45W
1829-08-01,26.229,1.349,Santa Marta,Colombia,10.45N,74.45W
1829-09-01,25.109,1.429,Santa Marta,Colombia,10.45N,74.45W
1829-10-01,,,Santa Marta,Colombia,10.45N,74.45W
1829-11-01,25.179000000000002,2.367,Santa Marta,Colombia,10.45N,74.45W
1829-12-01,25.805000000000003,3.4219999999999997,Santa Marta,Colombia,10.45N,74.45W
1830-01-01,,,Santa Marta,Colombia,10.45N,74.45W
1830-02-01,,,Santa Marta,Colombia,10.45N,74.45W
1830-03-01,,,Santa Marta,Colombia,10.45N,74.45W
1830-04-01,,,Santa Marta,Colombia,10.45N,74.45W
1830-05-01,,,Santa Marta,Colombia,10.45N,74.45W
1830-06-01,,,Santa Marta,Colombia,10.45N,74.45W
1830-07-01,,,Santa Marta,Colombia,10.45N,74.45W
1830-08-01,,,Santa Marta,Colombia,10.45N,74.45W
1830-09-01,,,Santa Marta,Colombia,10.45N,74.45W
1830-10-01,,,Santa Marta,Colombia,10.45N,74.45W
1830-11-01,,,Santa Marta,Colombia,10.45N,74.45W
1830-12-01,,,Santa Marta,Colombia,10.45N,74.45W
1831-01-01,,,Santa Marta,Colombia,10.45N,74.45W
1831-02-01,,,Santa Marta,Colombia,10.45N,74.45W
1831-03-01,,,Santa Marta,Colombia,10.45N,74.45W
1831-04-01,,,Santa Marta,Colombia,10.45N,74.45W
1831-05-01,,,Santa Marta,Colombia,10.45N,74.45W
1831-06-01,,,Santa Marta,Colombia,10.45N,74.45W
1831-07-01,,,Santa Marta,Colombia,10.45N,74.45W
1831-08-01,,,Santa Marta,Colombia,10.45N,74.45W
1831-09-01,,,Santa Marta,Colombia,10.45N,74.45W
1831-10-01,,,Santa Marta,Colombia,10.45N,74.45W
1831-11-01,,,Santa Marta,Colombia,10.45N,74.45W
1831-12-01,,,Santa Marta,Colombia,10.45N,74.45W
1832-01-01,,,Santa Marta,Colombia,10.45N,74.45W
1832-02-01,,,Santa Marta,Colombia,10.45N,74.45W
1832-03-01,,,Santa Marta,Colombia,10.45N,74.45W
1832-04-01,,,Santa Marta,Colombia,10.45N,74.45W
1832-05-01,,,Santa Marta,Colombia,10.45N,74.45W
1832-06-01,,,Santa Marta,Colombia,10.45N,74.45W
1832-07-01,,,Santa Marta,Colombia,10.45N,74.45W
1832-08-01,,,Santa Marta,Colombia,10.45N,74.45W
1832-09-01,,,Santa Marta,Colombia,10.45N,74.45W
1832-10-01,,,Santa Marta,Colombia,10.45N,74.45W
1832-11-01,,,Santa Marta,Colombia,10.45N,74.45W
1832-12-01,,,Santa Marta,Colombia,10.45N,74.45W
1833-01-01,,,Santa Marta,Colombia,10.45N,74.45W
1833-02-01,,,Santa Marta,Colombia,10.45N,74.45W
1833-03-01,,,Santa Marta,Colombia,10.45N,74.45W
1833-04-01,,,Santa Marta,Colombia,10.45N,74.45W
1833-05-01,,,Santa Marta,Colombia,10.45N,74.45W
1833-06-01,,,Santa Marta,Colombia,10.45N,74.45W
1833-07-01,,,Santa Marta,Colombia,10.45N,74.45W
1833-08-01,,,Santa Marta,Colombia,10.45N,74.45W
1833-09-01,,,Santa Marta,Colombia,10.45N,74.45W
1833-10-01,,,Santa Marta,Colombia,10.45N,74.45W
1833-11-01,,,Santa Marta,Colombia,10.45N,74.45W
1833-12-01,,,Santa Marta,Colombia,10.45N,74.45W
1834-01-01,,,Santa Marta,Colombia,10.45N,74.45W
1834-02-01,,,Santa Marta,Colombia,10.45N,74.45W
1834-03-01,,,Santa Marta,Colombia,10.45N,74.45W
1834-04-01,,,Santa Marta,Colombia,10.45N,74.45W
1834-05-01,,,Santa Marta,Colombia,10.45N,74.45W
1834-06-01,,,Santa Marta,Colombia,10.45N,74.45W
1834-07-01,,,Santa Marta,Colombia,10.45N,74.45W
1834-08-01,,,Santa Marta,Colombia,10.45N,74.45W
1834-09-01,,,Santa Marta,Colombia,10.45N,74.45W
1834-10-01,,,Santa Marta,Colombia,10.45N,74.45W
1834-11-01,,,Santa Marta,Colombia,10.45N,74.45W
1834-12-01,,,Santa Marta,Colombia,10.45N,74.45W
1835-01-01,,,Santa Marta,Colombia,10.45N,74.45W
1835-02-01,,,Santa Marta,Colombia,10.45N,74.45W
1835-03-01,,,Santa Marta,Colombia,10.45N,74.45W
1835-04-01,,,Santa Marta,Colombia,10.45N,74.45W
1835-05-01,,,Santa Marta,Colombia,10.45N,74.45W
1835-06-01,,,Santa Marta,Colombia,10.45N,74.45W
1835-07-01,,,Santa Marta,Colombia,10.45N,74.45W
1835-08-01,,,Santa Marta,Colombia,10.45N,74.45W
1835-09-01,,,Santa Marta,Colombia,10.45N,74.45W
1835-10-01,,,Santa Marta,Colombia,10.45N,74.45W
1835-11-01,,,Santa Marta,Colombia,10.45N,74.45W
1835-12-01,,,Santa Marta,Colombia,10.45N,74.45W
1836-01-01,,,Santa Marta,Colombia,10.45N,74.45W
1836-02-01,,,Santa Marta,Colombia,10.45N,74.45W
1836-03-01,,,Santa Marta,Colombia,10.45N,74.45W
1836-04-01,,,Santa Marta,Colombia,10.45N,74.45W
1836-05-01,,,Santa Marta,Colombia,10.45N,74.45W
1836-06-01,,,Santa Marta,Colombia,10.45N,74.45W
1836-07-01,,,Santa Marta,Colombia,10.45N,74.45W
1836-08-01,,,Santa Marta,Colombia,10.45N,74.45W
1836-09-01,,,Santa Marta,Colombia,10.45N,74.45W
1836-10-01,,,Santa Marta,Colombia,10.45N,74.45W
1836-11-01,,,Santa Marta,Colombia,10.45N,74.45W
1836-12-01,,,Santa Marta,Colombia,10.45N,74.45W
1837-01-01,,,Santa Marta,Colombia,10.45N,74.45W
1837-02-01,,,Santa Marta,Colombia,10.45N,74.45W
1837-03-01,,,Santa Marta,Colombia,10.45N,74.45W
1837-04-01,,,Santa Marta,Colombia,10.45N,74.45W
1837-05-01,,,Santa Marta,Colombia,10.45N,74.45W
1837-06-01,,,Santa Marta,Colombia,10.45N,74.45W
1837-07-01,,,Santa Marta,Colombia,10.45N,74.45W
1837-08-01,,,Santa Marta,Colombia,10.45N,74.45W
1837-09-01,,,Santa Marta,Colombia,10.45N,74.45W
1837-10-01,,,Santa Marta,Colombia,10.45N,74.45W
1837-11-01,,,Santa Marta,Colombia,10.45N,74.45W
1837-12-01,,,Santa Marta,Colombia,10.45N,74.45W
1838-01-01,,,Santa Marta,Colombia,10.45N,74.45W
1838-02-01,,,Santa Marta,Colombia,10.45N,74.45W
1838-03-01,,,Santa Marta,Colombia,10.45N,74.45W
1838-04-01,,,Santa Marta,Colombia,10.45N,74.45W
1838-05-01,,,Santa Marta,Colombia,10.45N,74.45W
1838-06-01,,,Santa Marta,Colombia,10.45N,74.45W
1838-07-01,,,Santa Marta,Colombia,10.45N,74.45W
1838-08-01,,,Santa Marta,Colombia,10.45N,74.45W
1838-09-01,,,Santa Marta,Colombia,10.45N,74.45W
1838-10-01,,,Santa Marta,Colombia,10.45N,74.45W
1838-11-01,,,Santa Marta,Colombia,10.45N,74.45W
1838-12-01,,,Santa Marta,Colombia,10.45N,74.45W
1839-01-01,,,Santa Marta,Colombia,10.45N,74.45W
1839-02-01,,,Santa Marta,Colombia,10.45N,74.45W
1839-03-01,,,Santa Marta,Colombia,10.45N,74.45W
1839-04-01,,,Santa Marta,Colombia,10.45N,74.45W
1839-05-01,,,Santa Marta,Colombia,10.45N,74.45W
1839-06-01,,,Santa Marta,Colombia,10.45N,74.45W
1839-07-01,,,Santa Marta,Colombia,10.45N,74.45W
1839-08-01,,,Santa Marta,Colombia,10.45N,74.45W
1839-09-01,,,Santa Marta,Colombia,10.45N,74.45W
1839-10-01,,,Santa Marta,Colombia,10.45N,74.45W
1839-11-01,,,Santa Marta,Colombia,10.45N,74.45W
1839-12-01,,,Santa Marta,Colombia,10.45N,74.45W
1840-01-01,,,Santa Marta,Colombia,10.45N,74.45W
1840-02-01,,,Santa Marta,Colombia,10.45N,74.45W
1840-03-01,,,Santa Marta,Colombia,10.45N,74.45W
1840-04-01,,,Santa Marta,Colombia,10.45N,74.45W
1840-05-01,,,Santa Marta,Colombia,10.45N,74.45W
1840-06-01,,,Santa Marta,Colombia,10.45N,74.45W
1840-07-01,,,Santa Marta,Colombia,10.45N,74.45W
1840-08-01,,,Santa Marta,Colombia,10.45N,74.45W
1840-09-01,,,Santa Marta,Colombia,10.45N,74.45W
1840-10-01,,,Santa Marta,Colombia,10.45N,74.45W
1840-11-01,,,Santa Marta,Colombia,10.45N,74.45W
1840-12-01,,,Santa Marta,Colombia,10.45N,74.45W
1841-01-01,,,Santa Marta,Colombia,10.45N,74.45W
1841-02-01,,,Santa Marta,Colombia,10.45N,74.45W
1841-03-01,,,Santa Marta,Colombia,10.45N,74.45W
1841-04-01,,,Santa Marta,Colombia,10.45N,74.45W
1841-05-01,,,Santa Marta,Colombia,10.45N,74.45W
1841-06-01,,,Santa Marta,Colombia,10.45N,74.45W
1841-07-01,,,Santa Marta,Colombia,10.45N,74.45W
1841-08-01,,,Santa Marta,Colombia,10.45N,74.45W
1841-09-01,,,Santa Marta,Colombia,10.45N,74.45W
1841-10-01,,,Santa Marta,Colombia,10.45N,74.45W
1841-11-01,,,Santa Marta,Colombia,10.45N,74.45W
1841-12-01,,,Santa Marta,Colombia,10.45N,74.45W
1842-01-01,,,Santa Marta,Colombia,10.45N,74.45W
1842-02-01,,,Santa Marta,Colombia,10.45N,74.45W
1842-03-01,,,Santa Marta,Colombia,10.45N,74.45W
1842-04-01,,,Santa Marta,Colombia,10.45N,74.45W
1842-05-01,,,Santa Marta,Colombia,10.45N,74.45W
1842-06-01,,,Santa Marta,Colombia,10.45N,74.45W
1842-07-01,,,Santa Marta,Colombia,10.45N,74.45W
1842-08-01,,,Santa Marta,Colombia,10.45N,74.45W
1842-09-01,,,Santa Marta,Colombia,10.45N,74.45W
1842-10-01,,,Santa Marta,Colombia,10.45N,74.45W
1842-11-01,,,Santa Marta,Colombia,10.45N,74.45W
1842-12-01,,,Santa Marta,Colombia,10.45N,74.45W
1843-01-01,,,Santa Marta,Colombia,10.45N,74.45W
1843-02-01,,,Santa Marta,Colombia,10.45N,74.45W
1843-03-01,,,Santa Marta,Colombia,10.45N,74.45W
1843-04-01,,,Santa Marta,Colombia,10.45N,74.45W
1843-05-01,,,Santa Marta,Colombia,10.45N,74.45W
1843-06-01,,,Santa Marta,Colombia,10.45N,74.45W
1843-07-01,,,Santa Marta,Colombia,10.45N,74.45W
1843-08-01,,,Santa Marta,Colombia,10.45N,74.45W
1843-09-01,,,Santa Marta,Colombia,10.45N,74.45W
1843-10-01,,,Santa Marta,Colombia,10.45N,74.45W
1843-11-01,,,Santa Marta,Colombia,10.45N,74.45W
1843-12-01,,,Santa Marta,Colombia,10.45N,74.45W
1844-01-01,,,Santa Marta,Colombia,10.45N,74.45W
1844-02-01,,,Santa Marta,Colombia,10.45N,74.45W
1844-03-01,,,Santa Marta,Colombia,10.45N,74.45W
1844-04-01,,,Santa Marta,Colombia,10.45N,74.45W
1844-05-01,,,Santa Marta,Colombia,10.45N,74.45W
1844-06-01,,,Santa Marta,Colombia,10.45N,74.45W
1844-07-01,,,Santa Marta,Colombia,10.45N,74.45W
1844-08-01,,,Santa Marta,Colombia,10.45N,74.45W
1844-09-01,,,Santa Marta,Colombia,10.45N,74.45W
1844-10-01,,,Santa Marta,Colombia,10.45N,74.45W
1844-11-01,,,Santa Marta,Colombia,10.45N,74.45W
1844-12-01,,,Santa Marta,Colombia,10.45N,74.45W
1845-01-01,,,Santa Marta,Colombia,10.45N,74.45W
1845-02-01,,,Santa Marta,Colombia,10.45N,74.45W
1845-03-01,,,Santa Marta,Colombia,10.45N,74.45W
1845-04-01,,,Santa Marta,Colombia,10.45N,74.45W
1845-05-01,,,Santa Marta,Colombia,10.45N,74.45W
1845-06-01,,,Santa Marta,Colombia,10.45N,74.45W
1845-07-01,,,Santa Marta,Colombia,10.45N,74.45W
1845-08-01,,,Santa Marta,Colombia,10.45N,74.45W
1845-09-01,,,Santa Marta,Colombia,10.45N,74.45W
1845-10-01,,,Santa Marta,Colombia,10.45N,74.45W
1845-11-01,,,Santa Marta,Colombia,10.45N,74.45W
1845-12-01,,,Santa Marta,Colombia,10.45N,74.45W
1846-01-01,27.13,1.631,Santa Marta,Colombia,10.45N,74.45W
1846-02-01,27.264,1.51,Santa Marta,Colombia,10.45N,74.45W
1846-03-01,28.268,1.5719999999999998,Santa Marta,Colombia,10.45N,74.45W
1846-04-01,26.489,1.466,Santa Marta,Colombia,10.45N,74.45W
1846-05-01,26.831,1.597,Santa Marta,Colombia,10.45N,74.45W
1846-06-01,27.151999999999997,1.462,Santa Marta,Colombia,10.45N,74.45W
1846-07-01,27.236,1.642,Santa Marta,Colombia,10.45N,74.45W
1846-08-01,26.72,1.3430000000000002,Santa Marta,Colombia,10.45N,74.45W
1846-09-01,25.713,1.348,Santa Marta,Colombia,10.45N,74.45W
1846-10-01,25.045,1.251,Santa Marta,Colombia,10.45N,74.45W
1846-11-01,25.316,1.7309999999999999,Santa Marta,Colombia,10.45N,74.45W
1846-12-01,26.217,1.489,Santa Marta,Colombia,10.45N,74.45W
1847-01-01,26.915,3.74,Santa Marta,Colombia,10.45N,74.45W
1847-02-01,26.783,1.59,Santa Marta,Colombia,10.45N,74.45W
1847-03-01,26.116999999999997,1.9180000000000001,Santa Marta,Colombia,10.45N,74.45W
1847-04-01,26.768,1.295,Santa Marta,Colombia,10.45N,74.45W
1847-05-01,26.202,1.218,Santa Marta,Colombia,10.45N,74.45W
1847-06-01,26.438000000000002,1.479,Santa Marta,Colombia,10.45N,74.45W
1847-07-01,26.728,1.324,Santa Marta,Colombia,10.45N,74.45W
1847-08-01,26.37,1.238,Santa Marta,Colombia,10.45N,74.45W
1847-09-01,25.783,1.127,Santa Marta,Colombia,10.45N,74.45W
1847-10-01,25.483,1.2690000000000001,Santa Marta,Colombia,10.45N,74.45W
1847-11-01,25.941,1.3019999999999998,Santa Marta,Colombia,10.45N,74.45W
1847-12-01,24.131,2.0,Santa Marta,Colombia,10.45N,74.45W
1848-01-01,24.669,1.5730000000000002,Santa Marta,Colombia,10.45N,74.45W
1848-02-01,27.173,1.515,Santa Marta,Colombia,10.45N,74.45W
1848-03-01,26.872,1.403,Santa Marta,Colombia,10.45N,74.45W
1848-04-01,26.941999999999997,1.315,Santa Marta,Colombia,10.45N,74.45W
1848-05-01,26.218000000000004,1.374,Santa Marta,Colombia,10.45N,74.45W
1848-06-01,26.215,1.57,Santa Marta,Colombia,10.45N,74.45W
1848-07-01,26.923,1.694,Santa Marta,Colombia,10.45N,74.45W
1848-08-01,25.96,1.406,Santa Marta,Colombia,10.45N,74.45W
1848-09-01,25.506999999999998,1.401,Santa Marta,Colombia,10.45N,74.45W
1848-10-01,25.47,1.2830000000000001,Santa Marta,Colombia,10.45N,74.45W
1848-11-01,25.425,1.286,Santa Marta,Colombia,10.45N,74.45W
1848-12-01,25.791999999999998,1.817,Santa Marta,Colombia,10.45N,74.45W
1849-01-01,26.465,1.429,Santa Marta,Colombia,10.45N,74.45W
1849-02-01,26.565,1.4969999999999999,Santa Marta,Colombia,10.45N,74.45W
1849-03-01,27.897,1.8119999999999998,Santa Marta,Colombia,10.45N,74.45W
1849-04-01,26.254,1.5430000000000001,Santa Marta,Colombia,10.45N,74.45W
1849-05-01,26.377,1.153,Santa Marta,Colombia,10.45N,74.45W
1849-06-01,26.342,1.3869999999999998,Santa Marta,Colombia,10.45N,74.45W
1849-07-01,26.818,1.34,Santa Marta,Colombia,10.45N,74.45W
1849-08-01,26.444000000000003,1.2990000000000002,Santa Marta,Colombia,10.45N,74.45W
1849-09-01,25.608,1.285,Santa Marta,Colombia,10.45N,74.45W
1849-10-01,26.025,1.489,Santa Marta,Colombia,10.45N,74.45W
1849-11-01,25.942,1.584,Santa Marta,Colombia,10.45N,74.45W
1849-12-01,25.504,1.916,Santa Marta,Colombia,10.45N,74.45W
1850-01-01,25.436,1.6269999999999998,Santa Marta,Colombia,10.45N,74.45W
1850-02-01,26.943,1.4980000000000002,Santa Marta,Colombia,10.45N,74.45W
1850-03-01,27.665000000000006,2.345,Santa Marta,Colombia,10.45N,74.45W
1850-04-01,26.953000000000007,1.839,Santa Marta,Colombia,10.45N,74.45W
1850-05-01,26.233,1.318,Santa Marta,Colombia,10.45N,74.45W
1850-06-01,26.271,1.193,Santa Marta,Colombia,10.45N,74.45W
1850-07-01,26.623,1.14,Santa Marta,Colombia,10.45N,74.45W
1850-08-01,26.554,1.256,Santa Marta,Colombia,10.45N,74.45W
1850-09-01,26.049,1.2,Santa Marta,Colombia,10.45N,74.45W
1850-10-01,24.985,1.2690000000000001,Santa Marta,Colombia,10.45N,74.45W
1850-11-01,25.165,1.591,Santa Marta,Colombia,10.45N,74.45W
1850-12-01,25.423,1.483,Santa Marta,Colombia,10.45N,74.45W
1851-01-01,26.416999999999998,1.3519999999999999,Santa Marta,Colombia,10.45N,74.45W
1851-02-01,26.506,1.338,Santa Marta,Colombia,10.45N,74.45W
1851-03-01,26.458,1.365,Santa Marta,Colombia,10.45N,74.45W
1851-04-01,26.735000000000007,1.4380000000000002,Santa Marta,Colombia,10.45N,74.45W
1851-05-01,26.848000000000003,1.286,Santa Marta,Colombia,10.45N,74.45W
1851-06-01,26.403000000000002,1.272,Santa Marta,Colombia,10.45N,74.45W
1851-07-01,26.814,1.443,Santa Marta,Colombia,10.45N,74.45W
1851-08-01,26.299,1.3730000000000002,Santa Marta,Colombia,10.45N,74.45W
1851-09-01,25.791999999999998,1.147,Santa Marta,Colombia,10.45N,74.45W
1851-10-01,25.833,1.8019999999999998,Santa Marta,Colombia,10.45N,74.45W
1851-11-01,25.495,1.3090000000000002,Santa Marta,Colombia,10.45N,74.45W
1851-12-01,25.87,2.508,Santa Marta,Colombia,10.45N,74.45W
1852-01-01,25.403000000000002,2.104,Santa Marta,Colombia,10.45N,74.45W
1852-02-01,25.767,1.611,Santa Marta,Colombia,10.45N,74.45W
1852-03-01,25.804,1.344,Santa Marta,Colombia,10.45N,74.45W
1852-04-01,26.724,1.571,Santa Marta,Colombia,10.45N,74.45W
1852-05-01,26.911,1.261,Santa Marta,Colombia,10.45N,74.45W
1852-06-01,26.605,1.038,Santa Marta,Colombia,10.45N,74.45W
1852-07-01,26.485,1.249,Santa Marta,Colombia,10.45N,74.45W
1852-08-01,26.182,1.133,Santa Marta,Colombia,10.45N,74.45W
1852-09-01,25.954,1.3630000000000002,Santa Marta,Colombia,10.45N,74.45W
1852-10-01,24.83,1.6119999999999999,Santa Marta,Colombia,10.45N,74.45W
1852-11-01,25.161,1.358,Santa Marta,Colombia,10.45N,74.45W
1852-12-01,25.739,1.5130000000000001,Santa Marta,Colombia,10.45N,74.45W
1853-01-01,25.673,1.2819999999999998,Santa Marta,Colombia,10.45N,74.45W
1853-02-01,25.089,1.331,Santa Marta,Colombia,10.45N,74.45W
1853-03-01,26.954,1.4969999999999999,Santa Marta,Colombia,10.45N,74.45W
1853-04-01,26.954,1.19,Santa Marta,Colombia,10.45N,74.45W
1853-05-01,26.935,0.992,Santa Marta,Colombia,10.45N,74.45W
1853-06-01,26.884,1.787,Santa Marta,Colombia,10.45N,74.45W
1853-07-01,26.730999999999998,0.8759999999999999,Santa Marta,Colombia,10.45N,74.45W
1853-08-01,26.134,1.16,Santa Marta,Colombia,10.45N,74.45W
1853-09-01,25.799,0.833,Santa Marta,Colombia,10.45N,74.45W
1853-10-01,25.92,1.032,Santa Marta,Colombia,10.45N,74.45W
1853-11-01,25.469,1.714,Santa Marta,Colombia,10.45N,74.45W
1853-12-01,25.801,1.3090000000000002,Santa Marta,Colombia,10.45N,74.45W
1854-01-01,25.633000000000003,1.714,Santa Marta,Colombia,10.45N,74.45W
1854-02-01,25.658,1.455,Santa Marta,Colombia,10.45N,74.45W
1854-03-01,26.973000000000006,1.3090000000000002,Santa Marta,Colombia,10.45N,74.45W
1854-04-01,26.711,1.155,Santa Marta,Colombia,10.45N,74.45W
1854-05-01,26.877,1.08,Santa Marta,Colombia,10.45N,74.45W
1854-06-01,26.418000000000003,1.232,Santa Marta,Colombia,10.45N,74.45W
1854-07-01,26.71,1.196,Santa Marta,Colombia,10.45N,74.45W
1854-08-01,26.076999999999998,1.3019999999999998,Santa Marta,Colombia,10.45N,74.45W
1854-09-01,25.418000000000006,1.04,Santa Marta,Colombia,10.45N,74.45W
1854-10-01,25.99,1.452,Santa Marta,Colombia,10.45N,74.45W
1854-11-01,25.436,1.317,Santa Marta,Colombia,10.45N,74.45W
1854-12-01,26.525,2.984,Santa Marta,Colombia,10.45N,74.45W
1855-01-01,25.825,1.821,Santa Marta,Colombia,10.45N,74.45W
1855-02-01,26.448,1.3459999999999999,Santa Marta,Colombia,10.45N,74.45W
1855-03-01,27.343000000000004,1.3359999999999999,Santa Marta,Colombia,10.45N,74.45W
1855-04-01,27.201999999999998,1.321,Santa Marta,Colombia,10.45N,74.45W
1855-05-01,27.159000000000002,1.131,Santa Marta,Colombia,10.45N,74.45W
1855-06-01,26.869,1.0859999999999999,Santa Marta,Colombia,10.45N,74.45W
1855-07-01,26.095,0.938,Santa Marta,Colombia,10.45N,74.45W
1855-08-01,26.769,1.536,Santa Marta,Colombia,10.45N,74.45W
1855-09-01,25.805999999999997,0.9,Santa Marta,Colombia,10.45N,74.45W
1855-10-01,25.618,1.3619999999999999,Santa Marta,Colombia,10.45N,74.45W
1855-11-01,25.441999999999997,1.175,Santa Marta,Colombia,10.45N,74.45W
1855-12-01,25.711,2.164,Santa Marta,Colombia,10.45N,74.45W
1856-01-01,27.365,1.329,Santa Marta,Colombia,10.45N,74.45W
1856-02-01,26.781999999999996,1.775,Santa Marta,Colombia,10.45N,74.45W
1856-03-01,28.164,1.367,Santa Marta,Colombia,10.45N,74.45W
1856-04-01,26.996,1.058,Santa Marta,Colombia,10.45N,74.45W
1856-05-01,27.45,1.5590000000000002,Santa Marta,Colombia,10.45N,74.45W
1856-06-01,27.219,2.129,Santa Marta,Colombia,10.45N,74.45W
1856-07-01,26.659000000000002,1.0979999999999999,Santa Marta,Colombia,10.45N,74.45W
1856-08-01,26.07,1.382,Santa Marta,Colombia,10.45N,74.45W
1856-09-01,25.756,1.258,Santa Marta,Colombia,10.45N,74.45W
1856-10-01,25.533,1.1420000000000001,Santa Marta,Colombia,10.45N,74.45W
1856-11-01,26.224,1.2009999999999998,Santa Marta,Colombia,10.45N,74.45W
1856-12-01,26.244000000000003,1.5090000000000001,Santa Marta,Colombia,10.45N,74.45W
1857-01-01,25.866,1.347,Santa Marta,Colombia,10.45N,74.45W
1857-02-01,24.993,1.484,Santa Marta,Colombia,10.45N,74.45W
1857-03-01,26.875999999999998,1.319,Santa Marta,Colombia,10.45N,74.45W
1857-04-01,26.934,0.992,Santa Marta,Colombia,10.45N,74.45W
1857-05-01,26.248,0.919,Santa Marta,Colombia,10.45N,74.45W
1857-06-01,26.191,0.775,Santa Marta,Colombia,10.45N,74.45W
1857-07-01,26.538,0.9420000000000001,Santa Marta,Colombia,10.45N,74.45W
1857-08-01,25.712,1.045,Santa Marta,Colombia,10.45N,74.45W
1857-09-01,25.136000000000006,0.8690000000000001,Santa Marta,Colombia,10.45N,74.45W
1857-10-01,25.369,1.314,Santa Marta,Colombia,10.45N,74.45W
1857-11-01,25.027,1.321,Santa Marta,Colombia,10.45N,74.45W
1857-12-01,24.796000000000006,2.24,Santa Marta,Colombia,10.45N,74.45W
1858-01-01,26.169,1.913,Santa Marta,Colombia,10.45N,74.45W
1858-02-01,25.78,1.442,Santa Marta,Colombia,10.45N,74.45W
1858-03-01,26.14,1.31,Santa Marta,Colombia,10.45N,74.45W
1858-04-01,26.589,1.371,Santa Marta,Colombia,10.45N,74.45W
1858-05-01,26.437,1.0590000000000002,Santa Marta,Colombia,10.45N,74.45W
1858-06-01,26.259,1.248,Santa Marta,Colombia,10.45N,74.45W
1858-07-01,26.088,1.207,Santa Marta,Colombia,10.45N,74.45W
1858-08-01,25.933000000000003,0.8490000000000001,Santa Marta,Colombia,10.45N,74.45W
1858-09-01,26.253,1.9569999999999999,Santa Marta,Colombia,10.45N,74.45W
1858-10-01,25.119,1.278,Santa Marta,Colombia,10.45N,74.45W
1858-11-01,26.009,1.251,Santa Marta,Colombia,10.45N,74.45W
1858-12-01,24.639000000000006,1.254,Santa Marta,Colombia,10.45N,74.45W
1859-01-01,25.631999999999998,0.983,Santa Marta,Colombia,10.45N,74.45W
1859-02-01,25.51,1.327,Santa Marta,Colombia,10.45N,74.45W
1859-03-01,26.677,1.72,Santa Marta,Colombia,10.45N,74.45W
1859-04-01,27.131999999999998,1.686,Santa Marta,Colombia,10.45N,74.45W
1859-05-01,27.019000000000002,0.972,Santa Marta,Colombia,10.45N,74.45W
1859-06-01,26.043000000000003,1.4169999999999998,Santa Marta,Colombia,10.45N,74.45W
1859-07-01,26.224,0.973,Santa Marta,Colombia,10.45N,74.45W
1859-08-01,26.224,0.843,Santa Marta,Colombia,10.45N,74.45W
1859-09-01,25.499,0.8290000000000001,Santa Marta,Colombia,10.45N,74.45W
1859-10-01,25.829,1.071,Santa Marta,Colombia,10.45N,74.45W
1859-11-01,25.204,1.7280000000000002,Santa Marta,Colombia,10.45N,74.45W
1859-12-01,24.899,1.376,Santa Marta,Colombia,10.45N,74.45W
1860-01-01,25.669,1.1440000000000001,Santa Marta,Colombia,10.45N,74.45W
1860-02-01,25.677,1.114,Santa Marta,Colombia,10.45N,74.45W
1860-03-01,26.338,1.7480000000000002,Santa Marta,Colombia,10.45N,74.45W
1860-04-01,26.831999999999997,0.992,Santa Marta,Colombia,10.45N,74.45W
1860-05-01,26.553,1.026,Santa Marta,Colombia,10.45N,74.45W
1860-06-01,26.435,1.1740000000000002,Santa Marta,Colombia,10.45N,74.45W
1860-07-01,26.25,0.919,Santa Marta,Colombia,10.45N,74.45W
1860-08-01,26.355999999999998,0.9359999999999999,Santa Marta,Colombia,10.45N,74.45W
1860-09-01,26.068,0.9009999999999999,Santa Marta,Colombia,10.45N,74.45W
1860-10-01,25.63,1.0170000000000001,Santa Marta,Colombia,10.45N,74.45W
1860-11-01,25.714000000000002,1.5930000000000002,Santa Marta,Colombia,10.45N,74.45W
1860-12-01,25.193,1.222,Santa Marta,Colombia,10.45N,74.45W
1861-01-01,24.719,1.505,Santa Marta,Colombia,10.45N,74.45W
1861-02-01,26.266,1.119,Santa Marta,Colombia,10.45N,74.45W
1861-03-01,27.011999999999997,1.133,Santa Marta,Colombia,10.45N,74.45W
1861-04-01,27.393,1.026,Santa Marta,Colombia,10.45N,74.45W
1861-05-01,26.757,1.443,Santa Marta,Colombia,10.45N,74.45W
1861-06-01,26.305999999999997,1.3,Santa Marta,Colombia,10.45N,74.45W
1861-07-01,26.535999999999998,1.123,Santa Marta,Colombia,10.45N,74.45W
1861-08-01,26.366,1.203,Santa Marta,Colombia,10.45N,74.45W
1861-09-01,25.8,1.371,Santa Marta,Colombia,10.45N,74.45W
1861-10-01,25.822,1.195,Santa Marta,Colombia,10.45N,74.45W
1861-11-01,25.727,1.4609999999999999,Santa Marta,Colombia,10.45N,74.45W
1861-12-01,25.66,1.56,Santa Marta,Colombia,10.45N,74.45W
1862-01-01,24.758000000000003,1.328,Santa Marta,Colombia,10.45N,74.45W
1862-02-01,26.149,1.45,Santa Marta,Colombia,10.45N,74.45W
1862-03-01,26.935,1.047,Santa Marta,Colombia,10.45N,74.45W
1862-04-01,26.968000000000004,1.2770000000000001,Santa Marta,Colombia,10.45N,74.45W
1862-05-01,27.09,1.61,Santa Marta,Colombia,10.45N,74.45W
1862-06-01,26.449,1.161,Santa Marta,Colombia,10.45N,74.45W
1862-07-01,26.506,1.026,Santa Marta,Colombia,10.45N,74.45W
1862-08-01,26.191,1.262,Santa Marta,Colombia,10.45N,74.45W
1862-09-01,25.818,1.4080000000000001,Santa Marta,Colombia,10.45N,74.45W
1862-10-01,25.576,1.371,Santa Marta,Colombia,10.45N,74.45W
1862-11-01,25.059,1.286,Santa Marta,Colombia,10.45N,74.45W
1862-12-01,24.74,1.4480000000000002,Santa Marta,Colombia,10.45N,74.45W
1863-01-01,25.7,2.767,Santa Marta,Colombia,10.45N,74.45W
1863-02-01,26.982,2.8489999999999998,Santa Marta,Colombia,10.45N,74.45W
1863-03-01,27.084,1.198,Santa Marta,Colombia,10.45N,74.45W
1863-04-01,27.021,1.9040000000000001,Santa Marta,Colombia,10.45N,74.45W
1863-05-01,27.193,1.3090000000000002,Santa Marta,Colombia,10.45N,74.45W
1863-06-01,26.993,1.2209999999999999,Santa Marta,Colombia,10.45N,74.45W
1863-07-01,26.384,0.977,Santa Marta,Colombia,10.45N,74.45W
1863-08-01,26.070999999999998,0.892,Santa Marta,Colombia,10.45N,74.45W
1863-09-01,25.641,0.99,Santa Marta,Colombia,10.45N,74.45W
1863-10-01,25.653,1.057,Santa Marta,Colombia,10.45N,74.45W
1863-11-01,25.505,1.089,Santa Marta,Colombia,10.45N,74.45W
1863-12-01,24.991000000000003,1.307,Santa Marta,Colombia,10.45N,74.45W
1864-01-01,26.318,2.2430000000000003,Santa Marta,Colombia,10.45N,74.45W
1864-02-01,26.576999999999998,2.347,Santa Marta,Colombia,10.45N,74.45W
1864-03-01,26.092,1.4869999999999999,Santa Marta,Colombia,10.45N,74.45W
1864-04-01,26.68,1.137,Santa Marta,Colombia,10.45N,74.45W
1864-05-01,26.229,1.102,Santa Marta,Colombia,10.45N,74.45W
1864-06-01,26.372,1.3619999999999999,Santa Marta,Colombia,10.45N,74.45W
1864-07-01,26.22,0.823,Santa Marta,Colombia,10.45N,74.45W
1864-08-01,25.971,0.95,Santa Marta,Colombia,10.45N,74.45W
1864-09-01,26.427,1.133,Santa Marta,Colombia,10.45N,74.45W
1864-10-01,25.855,1.058,Santa Marta,Colombia,10.45N,74.45W
1864-11-01,25.596,1.12,Santa Marta,Colombia,10.45N,74.45W
1864-12-01,25.502,1.744,Santa Marta,Colombia,10.45N,74.45W
1865-01-01,26.872,1.598,Santa Marta,Colombia,10.45N,74.45W
1865-02-01,26.072000000000006,1.3090000000000002,Santa Marta,Colombia,10.45N,74.45W
1865-03-01,26.543000000000003,1.045,Santa Marta,Colombia,10.45N,74.45W
1865-04-01,26.691000000000006,1.305,Santa Marta,Colombia,10.45N,74.45W
1865-05-01,27.091,1.084,Santa Marta,Colombia,10.45N,74.45W
1865-06-01,26.87,0.888,Santa Marta,Colombia,10.45N,74.45W
1865-07-01,26.107,1.499,Santa Marta,Colombia,10.45N,74.45W
1865-08-01,26.522,1.094,Santa Marta,Colombia,10.45N,74.45W
1865-09-01,25.500999999999998,1.023,Santa Marta,Colombia,10.45N,74.45W
1865-10-01,25.618,1.143,Santa Marta,Colombia,10.45N,74.45W
1865-11-01,25.781,1.043,Santa Marta,Colombia,10.45N,74.45W
1865-12-01,25.513,1.359,Santa Marta,Colombia,10.45N,74.45W
1866-01-01,25.393,0.988,Santa Marta,Colombia,10.45N,74.45W
1866-02-01,25.896,1.291,Santa Marta,Colombia,10.45N,74.45W
1866-03-01,25.408,1.2830000000000001,Santa Marta,Colombia,10.45N,74.45W
1866-04-01,26.225,0.966,Santa Marta,Colombia,10.45N,74.45W
1866-05-01,26.58,1.464,Santa Marta,Colombia,10.45N,74.45W
1866-06-01,26.127,0.98,Santa Marta,Colombia,10.45N,74.45W
1866-07-01,26.318,1.163,Santa Marta,Colombia,10.45N,74.45W
1866-08-01,26.125999999999998,0.899,Santa Marta,Colombia,10.45N,74.45W
1866-09-01,25.631,0.981,Santa Marta,Colombia,10.45N,74.45W
1866-10-01,25.487,0.9540000000000001,Santa Marta,Colombia,10.45N,74.45W
1866-11-01,25.458000000000002,1.3630000000000002,Santa Marta,Colombia,10.45N,74.45W
1866-12-01,25.928,1.575,Santa Marta,Colombia,10.45N,74.45W
1867-01-01,26.028000000000002,1.557,Santa Marta,Colombia,10.45N,74.45W
1867-02-01,25.739,1.305,Santa Marta,Colombia,10.45N,74.45W
1867-03-01,26.986,1.193,Santa Marta,Colombia,10.45N,74.45W
1867-04-01,27.344,1.123,Santa Marta,Colombia,10.45N,74.45W
1867-05-01,27.347,1.1420000000000001,Santa Marta,Colombia,10.45N,74.45W
1867-06-01,27.049,1.2670000000000001,Santa Marta,Colombia,10.45N,74.45W
1867-07-01,26.986,1.4509999999999998,Santa Marta,Colombia,10.45N,74.45W
1867-08-01,26.374000000000002,1.261,Santa Marta,Colombia,10.45N,74.45W
1867-09-01,25.785,1.141,Santa Marta,Colombia,10.45N,74.45W
1867-10-01,25.871,1.649,Santa Marta,Colombia,10.45N,74.45W
1867-11-01,25.576,1.501,Santa Marta,Colombia,10.45N,74.45W
1867-12-01,25.458,1.886,Santa Marta,Colombia,10.45N,74.45W
1868-01-01,26.555,1.703,Santa Marta,Colombia,10.45N,74.45W
1868-02-01,26.359,1.79,Santa Marta,Colombia,10.45N,74.45W
1868-03-01,26.546,0.9209999999999999,Santa Marta,Colombia,10.45N,74.45W
1868-04-01,27.398000000000003,1.7630000000000001,Santa Marta,Colombia,10.45N,74.45W
1868-05-01,27.017,1.71,Santa Marta,Colombia,10.45N,74.45W
1868-06-01,26.533,0.8170000000000001,Santa Marta,Colombia,10.45N,74.45W
1868-07-01,26.998,1.071,Santa Marta,Colombia,10.45N,74.45W
1868-08-01,26.819000000000003,0.888,Santa Marta,Colombia,10.45N,74.45W
1868-09-01,26.226999999999997,2.011,Santa Marta,Colombia,10.45N,74.45W
1868-10-01,26.081999999999997,1.046,Santa Marta,Colombia,10.45N,74.45W
1868-11-01,26.101,1.395,Santa Marta,Colombia,10.45N,74.45W
1868-12-01,26.37,1.929,Santa Marta,Colombia,10.45N,74.45W
1869-01-01,26.502,1.58,Santa Marta,Colombia,10.45N,74.45W
1869-02-01,27.58,1.4280000000000002,Santa Marta,Colombia,10.45N,74.45W
1869-03-01,27.824,1.331,Santa Marta,Colombia,10.45N,74.45W
1869-04-01,28.448,1.796,Santa Marta,Colombia,10.45N,74.45W
1869-05-01,28.348000000000003,1.4409999999999998,Santa Marta,Colombia,10.45N,74.45W
1869-06-01,27.698,0.919,Santa Marta,Colombia,10.45N,74.45W
1869-07-01,27.59,0.904,Santa Marta,Colombia,10.45N,74.45W
1869-08-01,26.930999999999997,0.9329999999999999,Santa Marta,Colombia,10.45N,74.45W
1869-09-01,26.926,0.812,Santa Marta,Colombia,10.45N,74.45W
1869-10-01,26.570999999999998,1.1,Santa Marta,Colombia,10.45N,74.45W
1869-11-01,26.117,0.9009999999999999,Santa Marta,Colombia,10.45N,74.45W
1869-12-01,25.246,1.544,Santa Marta,Colombia,10.45N,74.45W
1870-01-01,25.537,1.055,Santa Marta,Colombia,10.45N,74.45W
1870-02-01,26.348000000000006,1.163,Santa Marta,Colombia,10.45N,74.45W
1870-03-01,27.176,0.985,Santa Marta,Colombia,10.45N,74.45W
1870-04-01,27.146,1.249,Santa Marta,Colombia,10.45N,74.45W
1870-05-01,26.798000000000002,1.516,Santa Marta,Colombia,10.45N,74.45W
1870-06-01,26.885,1.212,Santa Marta,Colombia,10.45N,74.45W
1870-07-01,26.655,0.983,Santa Marta,Colombia,10.45N,74.45W
1870-08-01,26.12,1.722,Santa Marta,Colombia,10.45N,74.45W
1870-09-01,26.229000000000006,1.063,Santa Marta,Colombia,10.45N,74.45W
1870-10-01,25.043000000000003,1.193,Santa Marta,Colombia,10.45N,74.45W
1870-11-01,25.395,1.4580000000000002,Santa Marta,Colombia,10.45N,74.45W
1870-12-01,25.526000000000003,1.2890000000000001,Santa Marta,Colombia,10.45N,74.45W
1871-01-01,25.162,1.35,Santa Marta,Colombia,10.45N,74.45W
1871-02-01,25.487,1.656,Santa Marta,Colombia,10.45N,74.45W
1871-03-01,26.487,1.51,Santa Marta,Colombia,10.45N,74.45W
1871-04-01,26.996,0.983,Santa Marta,Colombia,10.45N,74.45W
1871-05-01,27.029,0.902,Santa Marta,Colombia,10.45N,74.45W
1871-06-01,26.735,1.078,Santa Marta,Colombia,10.45N,74.45W
1871-07-01,26.458,1.304,Santa Marta,Colombia,10.45N,74.45W
1871-08-01,26.581999999999997,0.843,Santa Marta,Colombia,10.45N,74.45W
1871-09-01,26.291,0.818,Santa Marta,Colombia,10.45N,74.45W
1871-10-01,25.543000000000003,1.227,Santa Marta,Colombia,10.45N,74.45W
1871-11-01,25.271,2.112,Santa Marta,Colombia,10.45N,74.45W
1871-12-01,25.540000000000006,1.318,Santa Marta,Colombia,10.45N,74.45W
1872-01-01,25.724,1.739,Santa Marta,Colombia,10.45N,74.45W
1872-02-01,27.326,2.835,Santa Marta,Colombia,10.45N,74.45W
1872-03-01,28.741,2.267,Santa Marta,Colombia,10.45N,74.45W
1872-04-01,27.329,2.592,Santa Marta,Colombia,10.45N,74.45W
1872-05-01,27.045,2.322,Santa Marta,Colombia,10.45N,74.45W
1872-06-01,26.739,2.475,Santa Marta,Colombia,10.45N,74.45W
1872-07-01,26.608,2.588,Santa Marta,Colombia,10.45N,74.45W
1872-08-01,26.331,2.9189999999999996,Santa Marta,Colombia,10.45N,74.45W
1872-09-01,26.705,1.5030000000000001,Santa Marta,Colombia,10.45N,74.45W
1872-10-01,26.433000000000003,0.925,Santa Marta,Colombia,10.45N,74.45W
1872-11-01,26.239,1.3519999999999999,Santa Marta,Colombia,10.45N,74.45W
1872-12-01,25.590999999999998,1.982,Santa Marta,Colombia,10.45N,74.45W
1873-01-01,25.816999999999997,1.3519999999999999,Santa Marta,Colombia,10.45N,74.45W
1873-02-01,26.049,1.216,Santa Marta,Colombia,10.45N,74.45W
1873-03-01,26.779,1.043,Santa Marta,Colombia,10.45N,74.45W
1873-04-01,26.491999999999997,1.7109999999999999,Santa Marta,Colombia,10.45N,74.45W
1873-05-01,26.853,2.0140000000000002,Santa Marta,Colombia,10.45N,74.45W
1873-06-01,26.489,1.236,Santa Marta,Colombia,10.45N,74.45W
1873-07-01,27.061999999999998,1.31,Santa Marta,Colombia,10.45N,74.45W
1873-08-01,26.239,1.052,Santa Marta,Colombia,10.45N,74.45W
1873-09-01,25.737,0.9390000000000001,Santa Marta,Colombia,10.45N,74.45W
1873-10-01,25.706999999999997,1.035,Santa Marta,Colombia,10.45N,74.45W
1873-11-01,25.865,0.895,Santa Marta,Colombia,10.45N,74.45W
1873-12-01,25.69,1.032,Santa Marta,Colombia,10.45N,74.45W
1874-01-01,25.802,1.3659999999999999,Santa Marta,Colombia,10.45N,74.45W
1874-02-01,26.572000000000006,1.192,Santa Marta,Colombia,10.45N,74.45W
1874-03-01,26.646,1.472,Santa Marta,Colombia,10.45N,74.45W
1874-04-01,27.208,1.6019999999999999,Santa Marta,Colombia,10.45N,74.45W
1874-05-01,26.918000000000003,0.9009999999999999,Santa Marta,Colombia,10.45N,74.45W
1874-06-01,26.022,1.16,Santa Marta,Colombia,10.45N,74.45W
1874-07-01,26.261,1.065,Santa Marta,Colombia,10.45N,74.45W
1874-08-01,26.615,1.095,Santa Marta,Colombia,10.45N,74.45W
1874-09-01,25.969,0.9009999999999999,Santa Marta,Colombia,10.45N,74.45W
1874-10-01,26.147,1.112,Santa Marta,Colombia,10.45N,74.45W
1874-11-01,25.577,1.0270000000000001,Santa Marta,Colombia,10.45N,74.45W
1874-12-01,25.336,0.998,Santa Marta,Colombia,10.45N,74.45W
1875-01-01,25.874000000000002,2.026,Santa Marta,Colombia,10.45N,74.45W
1875-02-01,26.557,1.6880000000000002,Santa Marta,Colombia,10.45N,74.45W
1875-03-01,26.444000000000006,1.6480000000000001,Santa Marta,Colombia,10.45N,74.45W
1875-04-01,27.230999999999998,1.026,Santa Marta,Colombia,10.45N,74.45W
1875-05-01,26.997,0.9309999999999999,Santa Marta,Colombia,10.45N,74.45W
1875-06-01,26.61,1.103,Santa Marta,Colombia,10.45N,74.45W
1875-07-01,26.233,0.841,Santa Marta,Colombia,10.45N,74.45W
1875-08-01,26.456,0.774,Santa Marta,Colombia,10.45N,74.45W
1875-09-01,26.268,0.852,Santa Marta,Colombia,10.45N,74.45W
1875-10-01,26.433000000000003,1.101,Santa Marta,Colombia,10.45N,74.45W
1875-11-01,25.492,1.095,Santa Marta,Colombia,10.45N,74.45W
1875-12-01,25.66,1.214,Santa Marta,Colombia,10.45N,74.45W
1876-01-01,25.91,1.494,Santa Marta,Colombia,10.45N,74.45W
1876-02-01,26.725,1.14,Santa Marta,Colombia,10.45N,74.45W
1876-03-01,26.962,1.682,Santa Marta,Colombia,10.45N,74.45W
1876-04-01,27.293000000000006,1.035,Santa Marta,Colombia,10.45N,74.45W
1876-05-01,26.766,1.145,Santa Marta,Colombia,10.45N,74.45W
1876-06-01,26.584,0.988,Santa Marta,Colombia,10.45N,74.45W
1876-07-01,26.497,0.9209999999999999,Santa Marta,Colombia,10.45N,74.45W
1876-08-01,26.36,1.148,Santa Marta,Colombia,10.45N,74.45W
1876-09-01,26.578000000000007,1.43,Santa Marta,Colombia,10.45N,74.45W
1876-10-01,26.095,0.955,Santa Marta,Colombia,10.45N,74.45W
1876-11-01,26.673000000000002,1.3840000000000001,Santa Marta,Colombia,10.45N,74.45W
1876-12-01,26.83,1.6569999999999998,Santa Marta,Colombia,10.45N,74.45W
1877-01-01,26.546,1.5019999999999998,Santa Marta,Colombia,10.45N,74.45W
1877-02-01,26.721,1.168,Santa Marta,Colombia,10.45N,74.45W
1877-03-01,27.880000000000006,1.06,Santa Marta,Colombia,10.45N,74.45W
1877-04-01,27.311999999999998,1.15,Santa Marta,Colombia,10.45N,74.45W
1877-05-01,26.912,1.463,Santa Marta,Colombia,10.45N,74.45W
1877-06-01,25.969,2.398,Santa Marta,Colombia,10.45N,74.45W
1877-07-01,26.857,1.094,Santa Marta,Colombia,10.45N,74.45W
1877-08-01,27.31,1.024,Santa Marta,Colombia,10.45N,74.45W
1877-09-01,27.138,0.97,Santa Marta,Colombia,10.45N,74.45W
1877-10-01,26.543000000000003,1.392,Santa Marta,Colombia,10.45N,74.45W
1877-11-01,26.817,1.093,Santa Marta,Colombia,10.45N,74.45W
1877-12-01,26.860000000000007,3.563,Santa Marta,Colombia,10.45N,74.45W
1878-01-01,27.206999999999997,3.2769999999999997,Santa Marta,Colombia,10.45N,74.45W
1878-02-01,28.078000000000003,2.488,Santa Marta,Colombia,10.45N,74.45W
1878-03-01,29.081999999999997,1.274,Santa Marta,Colombia,10.45N,74.45W
1878-04-01,28.739,1.077,Santa Marta,Colombia,10.45N,74.45W
1878-05-01,27.769000000000002,0.83,Santa Marta,Colombia,10.45N,74.45W
1878-06-01,27.309,0.871,Santa Marta,Colombia,10.45N,74.45W
1878-07-01,26.956,0.97,Santa Marta,Colombia,10.45N,74.45W
1878-08-01,26.509,0.871,Santa Marta,Colombia,10.45N,74.45W
1878-09-01,26.611,0.929,Santa Marta,Colombia,10.45N,74.45W
1878-10-01,26.660999999999998,0.905,Santa Marta,Colombia,10.45N,74.45W
1878-11-01,26.99,1.291,Santa Marta,Colombia,10.45N,74.45W
1878-12-01,26.772,1.9369999999999998,Santa Marta,Colombia,10.45N,74.45W
1879-01-01,26.819000000000003,1.334,Santa Marta,Colombia,10.45N,74.45W
1879-02-01,27.758000000000006,1.6440000000000001,Santa Marta,Colombia,10.45N,74.45W
1879-03-01,27.205,1.215,Santa Marta,Colombia,10.45N,74.45W
1879-04-01,27.540000000000006,1.055,Santa Marta,Colombia,10.45N,74.45W
1879-05-01,27.09,1.068,Santa Marta,Colombia,10.45N,74.45W
1879-06-01,26.239,1.266,Santa Marta,Colombia,10.45N,74.45W
1879-07-01,26.266,1.6059999999999999,Santa Marta,Colombia,10.45N,74.45W
1879-08-01,26.162,1.297,Santa Marta,Colombia,10.45N,74.45W
1879-09-01,26.069000000000006,1.006,Santa Marta,Colombia,10.45N,74.45W
1879-10-01,25.388,1.2670000000000001,Santa Marta,Colombia,10.45N,74.45W
1879-11-01,26.172,1.936,Santa Marta,Colombia,10.45N,74.45W
1879-12-01,25.894,1.9909999999999999,Santa Marta,Colombia,10.45N,74.45W
1880-01-01,25.4,1.736,Santa Marta,Colombia,10.45N,74.45W
1880-02-01,25.77,1.1059999999999999,Santa Marta,Colombia,10.45N,74.45W
1880-03-01,27.014000000000006,1.202,Santa Marta,Colombia,10.45N,74.45W
1880-04-01,26.279,1.1320000000000001,Santa Marta,Colombia,10.45N,74.45W
1880-05-01,26.325,1.143,Santa Marta,Colombia,10.45N,74.45W
1880-06-01,26.215,1.198,Santa Marta,Colombia,10.45N,74.45W
1880-07-01,25.969,1.135,Santa Marta,Colombia,10.45N,74.45W
1880-08-01,26.009,0.9059999999999999,Santa Marta,Colombia,10.45N,74.45W
1880-09-01,25.938,0.985,Santa Marta,Colombia,10.45N,74.45W
1880-10-01,26.099,0.9890000000000001,Santa Marta,Colombia,10.45N,74.45W
1880-11-01,26.329,1.386,Santa Marta,Colombia,10.45N,74.45W
1880-12-01,25.726000000000006,0.9690000000000001,Santa Marta,Colombia,10.45N,74.45W
1881-01-01,26.245,1.165,Santa Marta,Colombia,10.45N,74.45W
1881-02-01,25.988000000000003,1.305,Santa Marta,Colombia,10.45N,74.45W
1881-03-01,26.568,1.247,Santa Marta,Colombia,10.45N,74.45W
1881-04-01,26.769,1.429,Santa Marta,Colombia,10.45N,74.45W
1881-05-01,27.281999999999996,1.693,Santa Marta,Colombia,10.45N,74.45W
1881-06-01,26.695,1.557,Santa Marta,Colombia,10.45N,74.45W
1881-07-01,26.666,0.8420000000000001,Santa Marta,Colombia,10.45N,74.45W
1881-08-01,26.434,0.79,Santa Marta,Colombia,10.45N,74.45W
1881-09-01,25.592,0.636,Santa Marta,Colombia,10.45N,74.45W
1881-10-01,25.373,1.284,Santa Marta,Colombia,10.45N,74.45W
1881-11-01,25.554000000000002,1.4140000000000001,Santa Marta,Colombia,10.45N,74.45W
1881-12-01,25.424000000000003,1.39,Santa Marta,Colombia,10.45N,74.45W
1882-01-01,25.178,1.33,Santa Marta,Colombia,10.45N,74.45W
1882-02-01,25.241999999999997,1.1840000000000002,Santa Marta,Colombia,10.45N,74.45W
1882-03-01,25.566000000000006,0.9129999999999999,Santa Marta,Colombia,10.45N,74.45W
1882-04-01,25.881,0.763,Santa Marta,Colombia,10.45N,74.45W
1882-05-01,26.43,0.612,Santa Marta,Colombia,10.45N,74.45W
1882-06-01,26.614,0.86,Santa Marta,Colombia,10.45N,74.45W
1882-07-01,26.052,0.615,Santa Marta,Colombia,10.45N,74.45W
1882-08-01,26.228,0.706,Santa Marta,Colombia,10.45N,74.45W
1882-09-01,26.191000000000006,0.7,Santa Marta,Colombia,10.45N,74.45W
1882-10-01,25.43,1.3030000000000002,Santa Marta,Colombia,10.45N,74.45W
1882-11-01,25.606,1.245,Santa Marta,Colombia,10.45N,74.45W
1882-12-01,25.945999999999998,0.706,Santa Marta,Colombia,10.45N,74.45W
1883-01-01,26.155,0.773,Santa Marta,Colombia,10.45N,74.45W
1883-02-01,26.27,1.021,Santa Marta,Colombia,10.45N,74.45W
1883-03-01,26.869,1.6869999999999998,Santa Marta,Colombia,10.45N,74.45W
1883-04-01,26.965999999999998,1.138,Santa Marta,Colombia,10.45N,74.45W
1883-05-01,26.778000000000002,0.96,Santa Marta,Colombia,10.45N,74.45W
1883-06-01,26.25,1.011,Santa Marta,Colombia,10.45N,74.45W
1883-07-01,26.151,0.9840000000000001,Santa Marta,Colombia,10.45N,74.45W
1883-08-01,26.055,1.459,Santa Marta,Colombia,10.45N,74.45W
1883-09-01,25.829,0.9840000000000001,Santa Marta,Colombia,10.45N,74.45W
1883-10-01,25.125999999999998,1.126,Santa Marta,Colombia,10.45N,74.45W
1883-11-01,25.175,1.084,Santa Marta,Colombia,10.45N,74.45W
1883-12-01,25.358,1.162,Santa Marta,Colombia,10.45N,74.45W
1884-01-01,25.894,1.1079999999999999,Santa Marta,Colombia,10.45N,74.45W
1884-02-01,25.58,1.4569999999999999,Santa Marta,Colombia,10.45N,74.45W
1884-03-01,25.874,1.051,Santa Marta,Colombia,10.45N,74.45W
1884-04-01,25.94,1.016,Santa Marta,Colombia,10.45N,74.45W
1884-05-01,26.066999999999997,0.621,Santa Marta,Colombia,10.45N,74.45W
1884-06-01,26.428,0.8959999999999999,Santa Marta,Colombia,10.45N,74.45W
1884-07-01,26.329,0.693,Santa Marta,Colombia,10.45N,74.45W
1884-08-01,25.435,1.4040000000000001,Santa Marta,Colombia,10.45N,74.45W
1884-09-01,25.715999999999998,0.914,Santa Marta,Colombia,10.45N,74.45W
1884-10-01,25.046999999999997,0.612,Santa Marta,Colombia,10.45N,74.45W
1884-11-01,26.778000000000002,1.767,Santa Marta,Colombia,10.45N,74.45W
1884-12-01,26.039,2.241,Santa Marta,Colombia,10.45N,74.45W
1885-01-01,25.378,1.2409999999999999,Santa Marta,Colombia,10.45N,74.45W
1885-02-01,26.319000000000006,1.48,Santa Marta,Colombia,10.45N,74.45W
1885-03-01,27.334,1.445,Santa Marta,Colombia,10.45N,74.45W
1885-04-01,26.285999999999998,0.934,Santa Marta,Colombia,10.45N,74.45W
1885-05-01,26.577,0.9790000000000001,Santa Marta,Colombia,10.45N,74.45W
1885-06-01,26.205,0.883,Santa Marta,Colombia,10.45N,74.45W
1885-07-01,26.456999999999997,1.119,Santa Marta,Colombia,10.45N,74.45W
1885-08-01,26.36,0.98,Santa Marta,Colombia,10.45N,74.45W
1885-09-01,26.130000000000006,0.9790000000000001,Santa Marta,Colombia,10.45N,74.45W
1885-10-01,26.059,1.092,Santa Marta,Colombia,10.45N,74.45W
1885-11-01,26.475,1.173,Santa Marta,Colombia,10.45N,74.45W
1885-12-01,25.979000000000006,1.262,Santa Marta,Colombia,10.45N,74.45W
1886-01-01,25.478,0.898,Santa Marta,Colombia,10.45N,74.45W
1886-02-01,26.458,1.5630000000000002,Santa Marta,Colombia,10.45N,74.45W
1886-03-01,26.941999999999997,1.4680000000000002,Santa Marta,Colombia,10.45N,74.45W
1886-04-01,26.778,1.212,Santa Marta,Colombia,10.45N,74.45W
1886-05-01,26.959,0.8809999999999999,Santa Marta,Colombia,10.45N,74.45W
1886-06-01,26.368,1.07,Santa Marta,Colombia,10.45N,74.45W
1886-07-01,26.414,0.802,Santa Marta,Colombia,10.45N,74.45W
1886-08-01,26.186,0.7440000000000001,Santa Marta,Colombia,10.45N,74.45W
1886-09-01,25.991,1.102,Santa Marta,Colombia,10.45N,74.45W
1886-10-01,25.855,1.131,Santa Marta,Colombia,10.45N,74.45W
1886-11-01,25.778000000000002,1.2329999999999999,Santa Marta,Colombia,10.45N,74.45W
1886-12-01,25.37,1.5859999999999999,Santa Marta,Colombia,10.45N,74.45W
1887-01-01,25.373,1.35,Santa Marta,Colombia,10.45N,74.45W
1887-02-01,25.139,1.325,Santa Marta,Colombia,10.45N,74.45W
1887-03-01,25.951,1.4909999999999999,Santa Marta,Colombia,10.45N,74.45W
1887-04-01,26.250999999999998,0.978,Santa Marta,Colombia,10.45N,74.45W
1887-05-01,26.396,0.602,Santa Marta,Colombia,10.45N,74.45W
1887-06-01,26.019,0.826,Santa Marta,Colombia,10.45N,74.45W
1887-07-01,26.191,0.7959999999999999,Santa Marta,Colombia,10.45N,74.45W
1887-08-01,26.124000000000002,0.579,Santa Marta,Colombia,10.45N,74.45W
1887-09-01,26.217,0.591,Santa Marta,Colombia,10.45N,74.45W
1887-10-01,25.865,0.49,Santa Marta,Colombia,10.45N,74.45W
1887-11-01,26.005,0.763,Santa Marta,Colombia,10.45N,74.45W
1887-12-01,25.486,0.818,Santa Marta,Colombia,10.45N,74.45W
1888-01-01,25.366,1.446,Santa Marta,Colombia,10.45N,74.45W
1888-02-01,25.704,1.53,Santa Marta,Colombia,10.45N,74.45W
1888-03-01,26.483,1.185,Santa Marta,Colombia,10.45N,74.45W
1888-04-01,26.439,0.862,Santa Marta,Colombia,10.45N,74.45W
1888-05-01,26.669,0.519,Santa Marta,Colombia,10.45N,74.45W
1888-06-01,26.451999999999998,0.574,Santa Marta,Colombia,10.45N,74.45W
1888-07-01,27.075,0.8220000000000001,Santa Marta,Colombia,10.45N,74.45W
1888-08-01,26.25,0.6890000000000001,Santa Marta,Colombia,10.45N,74.45W
1888-09-01,26.366999999999997,0.802,Santa Marta,Colombia,10.45N,74.45W
1888-10-01,26.274,0.905,Santa Marta,Colombia,10.45N,74.45W
1888-11-01,25.894000000000002,0.934,Santa Marta,Colombia,10.45N,74.45W
1888-12-01,26.358,1.075,Santa Marta,Colombia,10.45N,74.45W
1889-01-01,25.991,1.0590000000000002,Santa Marta,Colombia,10.45N,74.45W
1889-02-01,27.706,0.925,Santa Marta,Colombia,10.45N,74.45W
1889-03-01,27.828000000000003,1.124,Santa Marta,Colombia,10.45N,74.45W
1889-04-01,28.228,1.1340000000000001,Santa Marta,Colombia,10.45N,74.45W
1889-05-01,27.748,1.6669999999999998,Santa Marta,Colombia,10.45N,74.45W
1889-06-01,26.589000000000002,0.9420000000000001,Santa Marta,Colombia,10.45N,74.45W
1889-07-01,26.531,0.847,Santa Marta,Colombia,10.45N,74.45W
1889-08-01,26.451999999999998,0.7440000000000001,Santa Marta,Colombia,10.45N,74.45W
1889-09-01,26.013,0.9159999999999999,Santa Marta,Colombia,10.45N,74.45W
1889-10-01,26.051,0.8109999999999999,Santa Marta,Colombia,10.45N,74.45W
1889-11-01,25.516,1.1179999999999999,Santa Marta,Colombia,10.45N,74.45W
1889-12-01,24.839,1.2429999999999999,Santa Marta,Colombia,10.45N,74.45W
1890-01-01,24.834,1.507,Santa Marta,Colombia,10.45N,74.45W
1890-02-01,25.037,1.4340000000000002,Santa Marta,Colombia,10.45N,74.45W
1890-03-01,26.345,1.182,Santa Marta,Colombia,10.45N,74.45W
1890-04-01,26.296999999999997,1.02,Santa Marta,Colombia,10.45N,74.45W
1890-05-01,26.654,0.9179999999999999,Santa Marta,Colombia,10.45N,74.45W
1890-06-01,25.955,0.778,Santa Marta,Colombia,10.45N,74.45W
1890-07-01,26.230999999999998,0.847,Santa Marta,Colombia,10.45N,74.45W
1890-08-01,25.941,1.062,Santa Marta,Colombia,10.45N,74.45W
1890-09-01,25.451999999999998,1.2109999999999999,Santa Marta,Colombia,10.45N,74.45W
1890-10-01,25.546999999999997,0.92,Santa Marta,Colombia,10.45N,74.45W
1890-11-01,25.537,1.3090000000000002,Santa Marta,Colombia,10.45N,74.45W
1890-12-01,25.418000000000006,1.281,Santa Marta,Colombia,10.45N,74.45W
1891-01-01,25.495,1.232,Santa Marta,Colombia,10.45N,74.45W
1891-02-01,26.52,1.7209999999999999,Santa Marta,Colombia,10.45N,74.45W
1891-03-01,26.877,0.763,Santa Marta,Colombia,10.45N,74.45W
1891-04-01,27.283,1.016,Santa Marta,Colombia,10.45N,74.45W
1891-05-01,27.459,1.571,Santa Marta,Colombia,10.45N,74.45W
1891-06-01,26.688000000000002,0.6709999999999999,Santa Marta,Colombia,10.45N,74.45W
1891-07-01,27.011,0.599,Santa Marta,Colombia,10.45N,74.45W
1891-08-01,26.785,1.087,Santa Marta,Colombia,10.45N,74.45W
1891-09-01,26.752,1.057,Santa Marta,Colombia,10.45N,74.45W
1891-10-01,26.26,1.31,Santa Marta,Colombia,10.45N,74.45W
1891-11-01,26.473000000000003,1.712,Santa Marta,Colombia,10.45N,74.45W
1891-12-01,25.471,0.82,Santa Marta,Colombia,10.45N,74.45W
1892-01-01,26.254,1.125,Santa Marta,Colombia,10.45N,74.45W
1892-02-01,25.85,0.7120000000000001,Santa Marta,Colombia,10.45N,74.45W
1892-03-01,27.368,0.9740000000000001,Santa Marta,Colombia,10.45N,74.45W
1892-04-01,26.892000000000003,0.67,Santa Marta,Colombia,10.45N,74.45W
1892-05-01,26.555,0.6459999999999999,Santa Marta,Colombia,10.45N,74.45W
1892-06-01,25.991999999999997,0.368,Santa Marta,Colombia,10.45N,74.45W
1892-07-01,26.303,0.363,Santa Marta,Colombia,10.45N,74.45W
1892-08-01,25.611,0.568,Santa Marta,Colombia,10.45N,74.45W
1892-09-01,26.145,0.529,Santa Marta,Colombia,10.45N,74.45W
1892-10-01,25.299,1.17,Santa Marta,Colombia,10.45N,74.45W
1892-11-01,25.519000000000002,0.738,Santa Marta,Colombia,10.45N,74.45W
1892-12-01,25.308000000000003,1.151,Santa Marta,Colombia,10.45N,74.45W
1893-01-01,25.239,1.061,Santa Marta,Colombia,10.45N,74.45W
1893-02-01,26.334,0.903,Santa Marta,Colombia,10.45N,74.45W
1893-03-01,26.559,0.728,Santa Marta,Colombia,10.45N,74.45W
1893-04-01,27.061999999999998,0.888,Santa Marta,Colombia,10.45N,74.45W
1893-05-01,26.52,0.764,Santa Marta,Colombia,10.45N,74.45W
1893-06-01,25.996,0.7120000000000001,Santa Marta,Colombia,10.45N,74.45W
1893-07-01,25.891,0.8690000000000001,Santa Marta,Colombia,10.45N,74.45W
1893-08-01,26.159000000000002,0.821,Santa Marta,Colombia,10.45N,74.45W
1893-09-01,25.795,0.563,Santa Marta,Colombia,10.45N,74.45W
1893-10-01,24.919,1.031,Santa Marta,Colombia,10.45N,74.45W
1893-11-01,25.36,0.907,Santa Marta,Colombia,10.45N,74.45W
1893-12-01,24.956000000000003,0.767,Santa Marta,Colombia,10.45N,74.45W
1894-01-01,25.116,0.617,Santa Marta,Colombia,10.45N,74.45W
1894-02-01,25.829,0.8270000000000001,Santa Marta,Colombia,10.45N,74.45W
1894-03-01,26.153,0.742,Santa Marta,Colombia,10.45N,74.45W
1894-04-01,26.761000000000006,1.004,Santa Marta,Colombia,10.45N,74.45W
1894-05-01,26.733,0.713,Santa Marta,Colombia,10.45N,74.45W
1894-06-01,26.269,0.46299999999999997,Santa Marta,Colombia,10.45N,74.45W
1894-07-01,26.17,0.6629999999999999,Santa Marta,Colombia,10.45N,74.45W
1894-08-01,26.229,0.721,Santa Marta,Colombia,10.45N,74.45W
1894-09-01,26.085,0.6409999999999999,Santa Marta,Colombia,10.45N,74.45W
1894-10-01,25.154,0.423,Santa Marta,Colombia,10.45N,74.45W
1894-11-01,25.803,0.496,Santa Marta,Colombia,10.45N,74.45W
1894-12-01,24.951,0.897,Santa Marta,Colombia,10.45N,74.45W
1895-01-01,25.223000000000003,0.777,Santa Marta,Colombia,10.45N,74.45W
1895-02-01,26.24,0.866,Santa Marta,Colombia,10.45N,74.45W
1895-03-01,27.088,0.529,Santa Marta,Colombia,10.45N,74.45W
1895-04-01,27.19,0.43799999999999994,Santa Marta,Colombia,10.45N,74.45W
1895-05-01,27.109,0.43,Santa Marta,Colombia,10.45N,74.45W
1895-06-01,26.598000000000003,0.711,Santa Marta,Colombia,10.45N,74.45W
1895-07-01,26.421999999999997,0.467,Santa Marta,Colombia,10.45N,74.45W
1895-08-01,26.278000000000002,0.377,Santa Marta,Colombia,10.45N,74.45W
1895-09-01,26.363000000000003,0.513,Santa Marta,Colombia,10.45N,74.45W
1895-10-01,25.688,0.9520000000000001,Santa Marta,Colombia,10.45N,74.45W
1895-11-01,25.474,0.584,Santa Marta,Colombia,10.45N,74.45W
1895-12-01,25.115,0.685,Santa Marta,Colombia,10.45N,74.45W
1896-01-01,25.362,0.69,Santa Marta,Colombia,10.45N,74.45W
1896-02-01,26.605999999999998,1.031,Santa Marta,Colombia,10.45N,74.45W
1896-03-01,27.275,0.628,Santa Marta,Colombia,10.45N,74.45W
1896-04-01,26.544,1.03,Santa Marta,Colombia,10.45N,74.45W
1896-05-01,26.577,1.13,Santa Marta,Colombia,10.45N,74.45W
1896-06-01,26.471,0.8109999999999999,Santa Marta,Colombia,10.45N,74.45W
1896-07-01,26.694000000000003,0.877,Santa Marta,Colombia,10.45N,74.45W
1896-08-01,26.404,0.45,Santa Marta,Colombia,10.45N,74.45W
1896-09-01,26.353,0.43799999999999994,Santa Marta,Colombia,10.45N,74.45W
1896-10-01,26.653,0.573,Santa Marta,Colombia,10.45N,74.45W
1896-11-01,26.187,0.575,Santa Marta,Colombia,10.45N,74.45W
1896-12-01,26.264000000000006,0.545,Santa Marta,Colombia,10.45N,74.45W
1897-01-01,26.037,1.095,Santa Marta,Colombia,10.45N,74.45W
1897-02-01,27.182,0.627,Santa Marta,Colombia,10.45N,74.45W
1897-03-01,27.767,0.685,Santa Marta,Colombia,10.45N,74.45W
1897-04-01,28.25,0.7440000000000001,Santa Marta,Colombia,10.45N,74.45W
1897-05-01,27.228,0.47200000000000003,Santa Marta,Colombia,10.45N,74.45W
1897-06-01,26.869,0.619,Santa Marta,Colombia,10.45N,74.45W
1897-07-01,26.295,1.028,Santa Marta,Colombia,10.45N,74.45W
1897-08-01,26.785999999999998,0.6579999999999999,Santa Marta,Colombia,10.45N,74.45W
1897-09-01,26.304,0.6709999999999999,Santa Marta,Colombia,10.45N,74.45W
1897-10-01,26.195999999999998,0.6940000000000001,Santa Marta,Colombia,10.45N,74.45W
1897-11-01,25.758000000000003,0.9,Santa Marta,Colombia,10.45N,74.45W
1897-12-01,26.076999999999998,0.762,Santa Marta,Colombia,10.45N,74.45W
1898-01-01,25.995,1.03,Santa Marta,Colombia,10.45N,74.45W
1898-02-01,26.011999999999997,0.9620000000000001,Santa Marta,Colombia,10.45N,74.45W
1898-03-01,26.184,1.156,Santa Marta,Colombia,10.45N,74.45W
1898-04-01,27.238000000000003,0.99,Santa Marta,Colombia,10.45N,74.45W
1898-05-01,27.155,0.743,Santa Marta,Colombia,10.45N,74.45W
1898-06-01,26.489,0.708,Santa Marta,Colombia,10.45N,74.45W
1898-07-01,26.074,0.642,Santa Marta,Colombia,10.45N,74.45W
1898-08-01,26.046,0.6990000000000001,Santa Marta,Colombia,10.45N,74.45W
1898-09-01,25.945999999999998,0.667,Santa Marta,Colombia,10.45N,74.45W
1898-10-01,25.726,0.716,Santa Marta,Colombia,10.45N,74.45W
1898-11-01,25.815,0.87,Santa Marta,Colombia,10.45N,74.45W
1898-12-01,25.881999999999998,1.052,Santa Marta,Colombia,10.45N,74.45W
1899-01-01,26.112,1.0979999999999999,Santa Marta,Colombia,10.45N,74.45W
1899-02-01,26.734,1.147,Santa Marta,Colombia,10.45N,74.45W
1899-03-01,26.846999999999998,0.961,Santa Marta,Colombia,10.45N,74.45W
1899-04-01,27.311,0.873,Santa Marta,Colombia,10.45N,74.45W
1899-05-01,26.922,0.8270000000000001,Santa Marta,Colombia,10.45N,74.45W
1899-06-01,26.31,0.63,Santa Marta,Colombia,10.45N,74.45W
1899-07-01,26.394,0.688,Santa Marta,Colombia,10.45N,74.45W
1899-08-01,26.47,0.8270000000000001,Santa Marta,Colombia,10.45N,74.45W
1899-09-01,26.529,0.9209999999999999,Santa Marta,Colombia,10.45N,74.45W
1899-10-01,25.570999999999998,1.033,Santa Marta,Colombia,10.45N,74.45W
1899-11-01,26.434,0.779,Santa Marta,Colombia,10.45N,74.45W
1899-12-01,25.508000000000006,0.862,Santa Marta,Colombia,10.45N,74.45W
1900-01-01,25.899,1.2670000000000001,Santa Marta,Colombia,10.45N,74.45W
1900-02-01,27.324,1.018,Santa Marta,Colombia,10.45N,74.45W
1900-03-01,28.333,0.863,Santa Marta,Colombia,10.45N,74.45W
1900-04-01,27.889000000000006,0.888,Santa Marta,Colombia,10.45N,74.45W
1900-05-01,28.088,1.02,Santa Marta,Colombia,10.45N,74.45W
1900-06-01,26.883000000000003,0.601,Santa Marta,Colombia,10.45N,74.45W
1900-07-01,26.976,0.992,Santa Marta,Colombia,10.45N,74.45W
1900-08-01,26.493000000000002,0.6890000000000001,Santa Marta,Colombia,10.45N,74.45W
1900-09-01,25.993,0.8809999999999999,Santa Marta,Colombia,10.45N,74.45W
1900-10-01,25.586,0.861,Santa Marta,Colombia,10.45N,74.45W
1900-11-01,25.665,0.905,Santa Marta,Colombia,10.45N,74.45W
1900-12-01,26.195999999999998,1.12,Santa Marta,Colombia,10.45N,74.45W
1901-01-01,25.744,0.857,Santa Marta,Colombia,10.45N,74.45W
1901-02-01,26.587,1.3230000000000002,Santa Marta,Colombia,10.45N,74.45W
1901-03-01,27.479000000000006,0.7979999999999999,Santa Marta,Colombia,10.45N,74.45W
1901-04-01,27.095,1.177,Santa Marta,Colombia,10.45N,74.45W
1901-05-01,26.846,0.893,Santa Marta,Colombia,10.45N,74.45W
1901-06-01,26.678,0.612,Santa Marta,Colombia,10.45N,74.45W
1901-07-01,26.335,0.665,Santa Marta,Colombia,10.45N,74.45W
1901-08-01,26.416,0.708,Santa Marta,Colombia,10.45N,74.45W
1901-09-01,26.368,0.63,Santa Marta,Colombia,10.45N,74.45W
1901-10-01,25.554,0.644,Santa Marta,Colombia,10.45N,74.45W
1901-11-01,25.256,0.561,Santa Marta,Colombia,10.45N,74.45W
1901-12-01,25.588,0.782,Santa Marta,Colombia,10.45N,74.45W
1902-01-01,25.499000000000002,0.802,Santa Marta,Colombia,10.45N,74.45W
1902-02-01,26.473000000000006,0.828,Santa Marta,Colombia,10.45N,74.45W
1902-03-01,27.035999999999998,0.853,Santa Marta,Colombia,10.45N,74.45W
1902-04-01,27.685,0.738,Santa Marta,Colombia,10.45N,74.45W
1902-05-01,27.493000000000002,0.943,Santa Marta,Colombia,10.45N,74.45W
1902-06-01,26.614,0.7859999999999999,Santa Marta,Colombia,10.45N,74.45W
1902-07-01,26.840999999999998,0.67,Santa Marta,Colombia,10.45N,74.45W
1902-08-01,26.660999999999998,0.754,Santa Marta,Colombia,10.45N,74.45W
1902-09-01,26.363000000000003,0.6829999999999999,Santa Marta,Colombia,10.45N,74.45W
1902-10-01,25.848000000000003,0.7979999999999999,Santa Marta,Colombia,10.45N,74.45W
1902-11-01,25.842,1.48,Santa Marta,Colombia,10.45N,74.45W
1902-12-01,26.035999999999998,1.111,Santa Marta,Colombia,10.45N,74.45W
1903-01-01,26.328000000000003,0.603,Santa Marta,Colombia,10.45N,74.45W
1903-02-01,27.756,0.7120000000000001,Santa Marta,Colombia,10.45N,74.45W
1903-03-01,27.803,0.69,Santa Marta,Colombia,10.45N,74.45W
1903-04-01,27.808000000000003,0.675,Santa Marta,Colombia,10.45N,74.45W
1903-05-01,27.566999999999997,0.75,Santa Marta,Colombia,10.45N,74.45W
1903-06-01,27.25,0.557,Santa Marta,Colombia,10.45N,74.45W
1903-07-01,26.795,0.609,Santa Marta,Colombia,10.45N,74.45W
1903-08-01,26.089000000000002,0.5479999999999999,Santa Marta,Colombia,10.45N,74.45W
1903-09-01,26.151,0.813,Santa Marta,Colombia,10.45N,74.45W
1903-10-01,25.737,0.965,Santa Marta,Colombia,10.45N,74.45W
1903-11-01,25.305,0.968,Santa Marta,Colombia,10.45N,74.45W
1903-12-01,25.504,0.982,Santa Marta,Colombia,10.45N,74.45W
1904-01-01,25.676,1.141,Santa Marta,Colombia,10.45N,74.45W
1904-02-01,26.14,0.8,Santa Marta,Colombia,10.45N,74.45W
1904-03-01,26.450000000000006,0.685,Santa Marta,Colombia,10.45N,74.45W
1904-04-01,26.81,0.6409999999999999,Santa Marta,Colombia,10.45N,74.45W
1904-05-01,26.806,0.6920000000000001,Santa Marta,Colombia,10.45N,74.45W
1904-06-01,26.409000000000002,0.812,Santa Marta,Colombia,10.45N,74.45W
1904-07-01,26.008000000000003,0.7490000000000001,Santa Marta,Colombia,10.45N,74.45W
1904-08-01,26.228,0.655,Santa Marta,Colombia,10.45N,74.45W
1904-09-01,25.824,0.83,Santa Marta,Colombia,10.45N,74.45W
1904-10-01,25.445999999999998,0.669,Santa Marta,Colombia,10.45N,74.45W
1904-11-01,26.279,0.6779999999999999,Santa Marta,Colombia,10.45N,74.45W
1904-12-01,25.711,0.629,Santa Marta,Colombia,10.45N,74.45W
1905-01-01,25.943,0.647,Santa Marta,Colombia,10.45N,74.45W
1905-02-01,26.662000000000006,1.056,Santa Marta,Colombia,10.45N,74.45W
1905-03-01,26.949,0.622,Santa Marta,Colombia,10.45N,74.45W
1905-04-01,27.634,1.123,Santa Marta,Colombia,10.45N,74.45W
1905-05-01,26.795,0.802,Santa Marta,Colombia,10.45N,74.45W
1905-06-01,26.799,0.633,Santa Marta,Colombia,10.45N,74.45W
1905-07-01,26.826999999999998,0.5,Santa Marta,Colombia,10.45N,74.45W
1905-08-01,26.491,0.583,Santa Marta,Colombia,10.45N,74.45W
1905-09-01,25.984,0.7040000000000001,Santa Marta,Colombia,10.45N,74.45W
1905-10-01,25.819000000000003,0.831,Santa Marta,Colombia,10.45N,74.45W
1905-11-01,26.042,0.568,Santa Marta,Colombia,10.45N,74.45W
1905-12-01,25.881,0.823,Santa Marta,Colombia,10.45N,74.45W
1906-01-01,25.796999999999997,0.778,Santa Marta,Colombia,10.45N,74.45W
1906-02-01,26.598000000000006,0.531,Santa Marta,Colombia,10.45N,74.45W
1906-03-01,27.561999999999998,0.5579999999999999,Santa Marta,Colombia,10.45N,74.45W
1906-04-01,27.434,0.565,Santa Marta,Colombia,10.45N,74.45W
1906-05-01,27.554000000000002,0.625,Santa Marta,Colombia,10.45N,74.45W
1906-06-01,26.456999999999997,1.036,Santa Marta,Colombia,10.45N,74.45W
1906-07-01,26.471999999999998,0.45399999999999996,Santa Marta,Colombia,10.45N,74.45W
1906-08-01,26.340999999999998,0.5429999999999999,Santa Marta,Colombia,10.45N,74.45W
1906-09-01,26.311999999999998,0.7709999999999999,Santa Marta,Colombia,10.45N,74.45W
1906-10-01,25.767,0.516,Santa Marta,Colombia,10.45N,74.45W
1906-11-01,26.112,0.8340000000000001,Santa Marta,Colombia,10.45N,74.45W
1906-12-01,25.07,0.816,Santa Marta,Colombia,10.45N,74.45W
1907-01-01,25.19,0.932,Santa Marta,Colombia,10.45N,74.45W
1907-02-01,25.978,1.02,Santa Marta,Colombia,10.45N,74.45W
1907-03-01,26.76,0.738,Santa Marta,Colombia,10.45N,74.45W
1907-04-01,27.516,0.5329999999999999,Santa Marta,Colombia,10.45N,74.45W
1907-05-01,27.061,0.48,Santa Marta,Colombia,10.45N,74.45W
1907-06-01,26.624000000000002,0.401,Santa Marta,Colombia,10.45N,74.45W
1907-07-01,26.238000000000003,0.526,Santa Marta,Colombia,10.45N,74.45W
1907-08-01,26.436,0.57,Santa Marta,Colombia,10.45N,74.45W
1907-09-01,26.284,0.642,Santa Marta,Colombia,10.45N,74.45W
1907-10-01,25.686999999999998,1.0390000000000001,Santa Marta,Colombia,10.45N,74.45W
1907-11-01,25.768,0.828,Santa Marta,Colombia,10.45N,74.45W
1907-12-01,26.149,0.603,Santa Marta,Colombia,10.45N,74.45W
1908-01-01,26.079,0.619,Santa Marta,Colombia,10.45N,74.45W
1908-02-01,26.500999999999998,0.579,Santa Marta,Colombia,10.45N,74.45W
1908-03-01,26.945,0.514,Santa Marta,Colombia,10.45N,74.45W
1908-04-01,27.204,0.5379999999999999,Santa Marta,Colombia,10.45N,74.45W
1908-05-01,27.019000000000002,0.882,Santa Marta,Colombia,10.45N,74.45W
1908-06-01,26.705,0.6829999999999999,Santa Marta,Colombia,10.45N,74.45W
1908-07-01,26.281,0.509,Santa Marta,Colombia,10.45N,74.45W
1908-08-01,26.415,0.7,Santa Marta,Colombia,10.45N,74.45W
1908-09-01,26.134,0.613,Santa Marta,Colombia,10.45N,74.45W
1908-10-01,25.500999999999998,0.727,Santa Marta,Colombia,10.45N,74.45W
1908-11-01,25.355,0.456,Santa Marta,Colombia,10.45N,74.45W
1908-12-01,25.349,0.8490000000000001,Santa Marta,Colombia,10.45N,74.45W
1909-01-01,25.366999999999997,0.588,Santa Marta,Colombia,10.45N,74.45W
1909-02-01,26.101000000000006,0.379,Santa Marta,Colombia,10.45N,74.45W
1909-03-01,27.368,1.1420000000000001,Santa Marta,Colombia,10.45N,74.45W
1909-04-01,27.141,0.47100000000000003,Santa Marta,Colombia,10.45N,74.45W
1909-05-01,27.161,0.754,Santa Marta,Colombia,10.45N,74.45W
1909-06-01,26.43,0.456,Santa Marta,Colombia,10.45N,74.45W
1909-07-01,26.176,0.36700000000000005,Santa Marta,Colombia,10.45N,74.45W
1909-08-01,26.191,0.5479999999999999,Santa Marta,Colombia,10.45N,74.45W
1909-09-01,26.235000000000007,0.551,Santa Marta,Colombia,10.45N,74.45W
1909-10-01,25.866,0.606,Santa Marta,Colombia,10.45N,74.45W
1909-11-01,24.984,0.7020000000000001,Santa Marta,Colombia,10.45N,74.45W
1909-12-01,24.726000000000006,0.722,Santa Marta,Colombia,10.45N,74.45W
1910-01-01,25.15,0.622,Santa Marta,Colombia,10.45N,74.45W
1910-02-01,25.802,0.579,Santa Marta,Colombia,10.45N,74.45W
1910-03-01,26.18,0.7509999999999999,Santa Marta,Colombia,10.45N,74.45W
1910-04-01,26.97,0.685,Santa Marta,Colombia,10.45N,74.45W
1910-05-01,27.305,1.156,Santa Marta,Colombia,10.45N,74.45W
1910-06-01,26.855999999999998,0.436,Santa Marta,Colombia,10.45N,74.45W
1910-07-01,26.288,0.9159999999999999,Santa Marta,Colombia,10.45N,74.45W
1910-08-01,26.351,0.873,Santa Marta,Colombia,10.45N,74.45W
1910-09-01,26.046999999999997,0.53,Santa Marta,Colombia,10.45N,74.45W
1910-10-01,25.318,0.52,Santa Marta,Colombia,10.45N,74.45W
1910-11-01,25.647,0.615,Santa Marta,Colombia,10.45N,74.45W
1910-12-01,25.451999999999998,0.759,Santa Marta,Colombia,10.45N,74.45W
1911-01-01,25.619,0.457,Santa Marta,Colombia,10.45N,74.45W
1911-02-01,26.033,0.556,Santa Marta,Colombia,10.45N,74.45W
1911-03-01,26.943,0.513,Santa Marta,Colombia,10.45N,74.45W
1911-04-01,27.737,1.082,Santa Marta,Colombia,10.45N,74.45W
1911-05-01,26.889,0.526,Santa Marta,Colombia,10.45N,74.45W
1911-06-01,26.680999999999997,0.414,Santa Marta,Colombia,10.45N,74.45W
1911-07-01,26.84,0.738,Santa Marta,Colombia,10.45N,74.45W
1911-08-01,26.396,0.47100000000000003,Santa Marta,Colombia,10.45N,74.45W
1911-09-01,26.459,0.589,Santa Marta,Colombia,10.45N,74.45W
1911-10-01,25.824,0.593,Santa Marta,Colombia,10.45N,74.45W
1911-11-01,25.968000000000004,0.542,Santa Marta,Colombia,10.45N,74.45W
1911-12-01,26.109,1.569,Santa Marta,Colombia,10.45N,74.45W
1912-01-01,26.663,0.821,Santa Marta,Colombia,10.45N,74.45W
1912-02-01,26.881999999999998,0.48700000000000004,Santa Marta,Colombia,10.45N,74.45W
1912-03-01,27.698,1.053,Santa Marta,Colombia,10.45N,74.45W
1912-04-01,27.776999999999997,1.172,Santa Marta,Colombia,10.45N,74.45W
1912-05-01,27.962,0.568,Santa Marta,Colombia,10.45N,74.45W
1912-06-01,26.671999999999997,0.7829999999999999,Santa Marta,Colombia,10.45N,74.45W
1912-07-01,26.579,0.8690000000000001,Santa Marta,Colombia,10.45N,74.45W
1912-08-01,26.353,0.934,Santa Marta,Colombia,10.45N,74.45W
1912-09-01,26.035,0.728,Santa Marta,Colombia,10.45N,74.45W
1912-10-01,25.642,0.672,Santa Marta,Colombia,10.45N,74.45W
1912-11-01,25.808000000000003,0.555,Santa Marta,Colombia,10.45N,74.45W
1912-12-01,25.978,0.659,Santa Marta,Colombia,10.45N,74.45W
1913-01-01,26.203000000000003,0.608,Santa Marta,Colombia,10.45N,74.45W
1913-02-01,26.636999999999997,0.483,Santa Marta,Colombia,10.45N,74.45W
1913-03-01,27.329,0.976,Santa Marta,Colombia,10.45N,74.45W
1913-04-01,26.965999999999998,0.484,Santa Marta,Colombia,10.45N,74.45W
1913-05-01,26.524,0.429,Santa Marta,Colombia,10.45N,74.45W
1913-06-01,26.469,0.349,Santa Marta,Colombia,10.45N,74.45W
1913-07-01,26.438000000000002,0.6759999999999999,Santa Marta,Colombia,10.45N,74.45W
1913-08-01,26.275,0.584,Santa Marta,Colombia,10.45N,74.45W
1913-09-01,25.875,0.593,Santa Marta,Colombia,10.45N,74.45W
1913-10-01,25.4,0.44799999999999995,Santa Marta,Colombia,10.45N,74.45W
1913-11-01,25.483,0.648,Santa Marta,Colombia,10.45N,74.45W
1913-12-01,25.345,0.499,Santa Marta,Colombia,10.45N,74.45W
1914-01-01,26.022,0.863,Santa Marta,Colombia,10.45N,74.45W
1914-02-01,26.774,0.489,Santa Marta,Colombia,10.45N,74.45W
1914-03-01,27.404,0.49200000000000005,Santa Marta,Colombia,10.45N,74.45W
1914-04-01,27.546000000000006,0.42700000000000005,Santa Marta,Colombia,10.45N,74.45W
1914-05-01,27.414,0.5720000000000001,Santa Marta,Colombia,10.45N,74.45W
1914-06-01,26.548,0.452,Santa Marta,Colombia,10.45N,74.45W
1914-07-01,27.06,0.6609999999999999,Santa Marta,Colombia,10.45N,74.45W
1914-08-01,26.624000000000002,0.41200000000000003,Santa Marta,Colombia,10.45N,74.45W
1914-09-01,26.3,0.53,Santa Marta,Colombia,10.45N,74.45W
1914-10-01,25.813,0.429,Santa Marta,Colombia,10.45N,74.45W
1914-11-01,25.972,0.513,Santa Marta,Colombia,10.45N,74.45W
1914-12-01,26.493,1.038,Santa Marta,Colombia,10.45N,74.45W
1915-01-01,26.59,0.511,Santa Marta,Colombia,10.45N,74.45W
1915-02-01,26.853,0.5539999999999999,Santa Marta,Colombia,10.45N,74.45W
1915-03-01,28.061999999999998,0.619,Santa Marta,Colombia,10.45N,74.45W
1915-04-01,27.436999999999998,0.49200000000000005,Santa Marta,Colombia,10.45N,74.45W
1915-05-01,27.974,0.551,Santa Marta,Colombia,10.45N,74.45W
1915-06-01,27.447,0.608,Santa Marta,Colombia,10.45N,74.45W
1915-07-01,27.081999999999997,1.148,Santa Marta,Colombia,10.45N,74.45W
1915-08-01,27.281999999999996,1.161,Santa Marta,Colombia,10.45N,74.45W
1915-09-01,26.801,0.713,Santa Marta,Colombia,10.45N,74.45W
1915-10-01,26.654,0.6729999999999999,Santa Marta,Colombia,10.45N,74.45W
1915-11-01,26.269000000000002,0.40399999999999997,Santa Marta,Colombia,10.45N,74.45W
1915-12-01,26.215000000000003,0.366,Santa Marta,Colombia,10.45N,74.45W
1916-01-01,26.033,0.6970000000000001,Santa Marta,Colombia,10.45N,74.45W
1916-02-01,26.014,0.8740000000000001,Santa Marta,Colombia,10.45N,74.45W
1916-03-01,26.851999999999997,0.946,Santa Marta,Colombia,10.45N,74.45W
1916-04-01,27.555999999999997,0.489,Santa Marta,Colombia,10.45N,74.45W
1916-05-01,27.666,0.632,Santa Marta,Colombia,10.45N,74.45W
1916-06-01,27.035999999999998,0.815,Santa Marta,Colombia,10.45N,74.45W
1916-07-01,26.795,0.7509999999999999,Santa Marta,Colombia,10.45N,74.45W
1916-08-01,26.616,0.40299999999999997,Santa Marta,Colombia,10.45N,74.45W
1916-09-01,26.461,0.627,Santa Marta,Colombia,10.45N,74.45W
1916-10-01,25.613000000000003,0.5870000000000001,Santa Marta,Colombia,10.45N,74.45W
1916-11-01,25.527,0.35,Santa Marta,Colombia,10.45N,74.45W
1916-12-01,24.97,0.713,Santa Marta,Colombia,10.45N,74.45W
1917-01-01,24.991,0.818,Santa Marta,Colombia,10.45N,74.45W
1917-02-01,25.373,1.44,Santa Marta,Colombia,10.45N,74.45W
1917-03-01,26.410999999999998,0.537,Santa Marta,Colombia,10.45N,74.45W
1917-04-01,26.642000000000003,0.5660000000000001,Santa Marta,Colombia,10.45N,74.45W
1917-05-01,26.589000000000002,0.614,Santa Marta,Colombia,10.45N,74.45W
1917-06-01,26.118,0.41,Santa Marta,Colombia,10.45N,74.45W
1917-07-01,26.351,0.7509999999999999,Santa Marta,Colombia,10.45N,74.45W
1917-08-01,26.066999999999997,0.556,Santa Marta,Colombia,10.45N,74.45W
1917-09-01,25.916999999999998,0.677,Santa Marta,Colombia,10.45N,74.45W
1917-10-01,25.45,0.32299999999999995,Santa Marta,Colombia,10.45N,74.45W
1917-11-01,25.278000000000002,0.595,Santa Marta,Colombia,10.45N,74.45W
1917-12-01,24.899,0.449,Santa Marta,Colombia,10.45N,74.45W
1918-01-01,25.029,0.779,Santa Marta,Colombia,10.45N,74.45W
1918-02-01,25.828000000000003,0.9990000000000001,Santa Marta,Colombia,10.45N,74.45W
1918-03-01,26.006,1.443,Santa Marta,Colombia,10.45N,74.45W
1918-04-01,26.467,0.535,Santa Marta,Colombia,10.45N,74.45W
1918-05-01,26.154,0.47700000000000004,Santa Marta,Colombia,10.45N,74.45W
1918-06-01,26.054,0.645,Santa Marta,Colombia,10.45N,74.45W
1918-07-01,27.015,1.374,Santa Marta,Colombia,10.45N,74.45W
1918-08-01,26.653000000000002,0.537,Santa Marta,Colombia,10.45N,74.45W
1918-09-01,26.336,0.495,Santa Marta,Colombia,10.45N,74.45W
1918-10-01,25.796999999999997,0.474,Santa Marta,Colombia,10.45N,74.45W
1918-11-01,25.638,0.47,Santa Marta,Colombia,10.45N,74.45W
1918-12-01,25.524,0.5489999999999999,Santa Marta,Colombia,10.45N,74.45W
1919-01-01,25.833,0.40700000000000003,Santa Marta,Colombia,10.45N,74.45W
1919-02-01,26.906999999999996,0.8270000000000001,Santa Marta,Colombia,10.45N,74.45W
1919-03-01,27.208,0.9420000000000001,Santa Marta,Colombia,10.45N,74.45W
1919-04-01,27.308000000000003,0.653,Santa Marta,Colombia,10.45N,74.45W
1919-05-01,27.184,1.024,Santa Marta,Colombia,10.45N,74.45W
1919-06-01,26.840999999999998,0.527,Santa Marta,Colombia,10.45N,74.45W
1919-07-01,26.601999999999997,0.374,Santa Marta,Colombia,10.45N,74.45W
1919-08-01,26.803,0.39,Santa Marta,Colombia,10.45N,74.45W
1919-09-01,26.322000000000006,0.42,Santa Marta,Colombia,10.45N,74.45W
1919-10-01,26.116,0.36,Santa Marta,Colombia,10.45N,74.45W
1919-11-01,26.059,0.387,Santa Marta,Colombia,10.45N,74.45W
1919-12-01,26.058000000000003,0.474,Santa Marta,Colombia,10.45N,74.45W
1920-01-01,26.318,0.45399999999999996,Santa Marta,Colombia,10.45N,74.45W
1920-02-01,26.81,0.502,Santa Marta,Colombia,10.45N,74.45W
1920-03-01,27.253,0.523,Santa Marta,Colombia,10.45N,74.45W
1920-04-01,27.545,1.057,Santa Marta,Colombia,10.45N,74.45W
1920-05-01,27.213,0.747,Santa Marta,Colombia,10.45N,74.45W
1920-06-01,26.576,0.7070000000000001,Santa Marta,Colombia,10.45N,74.45W
1920-07-01,26.528000000000002,0.517,Santa Marta,Colombia,10.45N,74.45W
1920-08-01,26.381999999999998,0.35200000000000004,Santa Marta,Colombia,10.45N,74.45W
1920-09-01,26.098000000000006,0.669,Santa Marta,Colombia,10.45N,74.45W
1920-10-01,25.776,0.809,Santa Marta,Colombia,10.45N,74.45W
1920-11-01,25.841,0.9620000000000001,Santa Marta,Colombia,10.45N,74.45W
1920-12-01,25.66,1.27,Santa Marta,Colombia,10.45N,74.45W
1921-01-01,26.188000000000002,0.8490000000000001,Santa Marta,Colombia,10.45N,74.45W
1921-02-01,26.494,0.48100000000000004,Santa Marta,Colombia,10.45N,74.45W
1921-03-01,26.755000000000006,0.652,Santa Marta,Colombia,10.45N,74.45W
1921-04-01,26.813,0.596,Santa Marta,Colombia,10.45N,74.45W
1921-05-01,26.711,0.318,Santa Marta,Colombia,10.45N,74.45W
1921-06-01,26.445,0.612,Santa Marta,Colombia,10.45N,74.45W
1921-07-01,26.579,0.8340000000000001,Santa Marta,Colombia,10.45N,74.45W
1921-08-01,26.206,0.568,Santa Marta,Colombia,10.45N,74.45W
1921-09-01,26.379,0.547,Santa Marta,Colombia,10.45N,74.45W
1921-10-01,25.767,0.516,Santa Marta,Colombia,10.45N,74.45W
1921-11-01,26.121,0.4,Santa Marta,Colombia,10.45N,74.45W
1921-12-01,25.905,0.518,Santa Marta,Colombia,10.45N,74.45W
1922-01-01,26.066,0.541,Santa Marta,Colombia,10.45N,74.45W
1922-02-01,26.596,0.924,Santa Marta,Colombia,10.45N,74.45W
1922-03-01,27.008000000000006,0.752,Santa Marta,Colombia,10.45N,74.45W
1922-04-01,27.520000000000003,0.474,Santa Marta,Colombia,10.45N,74.45W
1922-05-01,27.071,0.539,Santa Marta,Colombia,10.45N,74.45W
1922-06-01,26.351,0.474,Santa Marta,Colombia,10.45N,74.45W
1922-07-01,26.759,0.812,Santa Marta,Colombia,10.45N,74.45W
1922-08-01,26.66,0.39799999999999996,Santa Marta,Colombia,10.45N,74.45W
1922-09-01,26.355,0.353,Santa Marta,Colombia,10.45N,74.45W
1922-10-01,25.956,0.514,Santa Marta,Colombia,10.45N,74.45W
1922-11-01,25.768,0.48200000000000004,Santa Marta,Colombia,10.45N,74.45W
1922-12-01,25.698,0.475,Santa Marta,Colombia,10.45N,74.45W
1923-01-01,25.519,0.648,Santa Marta,Colombia,10.45N,74.45W
1923-02-01,26.201,0.33799999999999997,Santa Marta,Colombia,10.45N,74.45W
1923-03-01,27.087,0.35200000000000004,Santa Marta,Colombia,10.45N,74.45W
1923-04-01,27.166999999999998,0.395,Santa Marta,Colombia,10.45N,74.45W
1923-05-01,27.149,0.365,Santa Marta,Colombia,10.45N,74.45W
1923-06-01,26.875,0.42,Santa Marta,Colombia,10.45N,74.45W
1923-07-01,26.631999999999998,0.585,Santa Marta,Colombia,10.45N,74.45W
1923-08-01,26.613000000000003,0.586,Santa Marta,Colombia,10.45N,74.45W
1923-09-01,26.522,0.5870000000000001,Santa Marta,Colombia,10.45N,74.45W
1923-10-01,25.829,0.217,Santa Marta,Colombia,10.45N,74.45W
1923-11-01,26.257,0.465,Santa Marta,Colombia,10.45N,74.45W
1923-12-01,25.988000000000003,0.578,Santa Marta,Colombia,10.45N,74.45W
1924-01-01,26.346,0.406,Santa Marta,Colombia,10.45N,74.45W
1924-02-01,26.76,0.6779999999999999,Santa Marta,Colombia,10.45N,74.45W
1924-03-01,28.066000000000006,0.7759999999999999,Santa Marta,Colombia,10.45N,74.45W
1924-04-01,27.772,0.469,Santa Marta,Colombia,10.45N,74.45W
1924-05-01,27.607,0.441,Santa Marta,Colombia,10.45N,74.45W
1924-06-01,26.534000000000002,0.266,Santa Marta,Colombia,10.45N,74.45W
1924-07-01,26.375,0.326,Santa Marta,Colombia,10.45N,74.45W
1924-08-01,26.6,0.8909999999999999,Santa Marta,Colombia,10.45N,74.45W
1924-09-01,25.984,0.5579999999999999,Santa Marta,Colombia,10.45N,74.45W
1924-10-01,25.754,0.413,Santa Marta,Colombia,10.45N,74.45W
1924-11-01,25.889,0.285,Santa Marta,Colombia,10.45N,74.45W
1924-12-01,25.75,0.39,Santa Marta,Colombia,10.45N,74.45W
1925-01-01,25.447,0.59,Santa Marta,Colombia,10.45N,74.45W
1925-02-01,25.8,0.455,Santa Marta,Colombia,10.45N,74.45W
1925-03-01,26.6,0.6890000000000001,Santa Marta,Colombia,10.45N,74.45W
1925-04-01,27.221,0.272,Santa Marta,Colombia,10.45N,74.45W
1925-05-01,27.483,0.324,Santa Marta,Colombia,10.45N,74.45W
1925-06-01,26.75,0.156,Santa Marta,Colombia,10.45N,74.45W
1925-07-01,26.499000000000002,0.397,Santa Marta,Colombia,10.45N,74.45W
1925-08-01,26.608,0.212,Santa Marta,Colombia,10.45N,74.45W
1925-09-01,26.171000000000006,0.272,Santa Marta,Colombia,10.45N,74.45W
1925-10-01,26.293000000000003,0.41100000000000003,Santa Marta,Colombia,10.45N,74.45W
1925-11-01,26.16,0.364,Santa Marta,Colombia,10.45N,74.45W
1925-12-01,26.494000000000003,0.561,Santa Marta,Colombia,10.45N,74.45W
1926-01-01,26.559,0.41700000000000004,Santa Marta,Colombia,10.45N,74.45W
1926-02-01,27.346,0.282,Santa Marta,Colombia,10.45N,74.45W
1926-03-01,28.041999999999998,0.474,Santa Marta,Colombia,10.45N,74.45W
1926-04-01,28.4,0.402,Santa Marta,Colombia,10.45N,74.45W
1926-05-01,28.207,0.455,Santa Marta,Colombia,10.45N,74.45W
1926-06-01,27.392,0.513,Santa Marta,Colombia,10.45N,74.45W
1926-07-01,26.924,0.276,Santa Marta,Colombia,10.45N,74.45W
1926-08-01,26.674,0.381,Santa Marta,Colombia,10.45N,74.45W
1926-09-01,26.323,0.384,Santa Marta,Colombia,10.45N,74.45W
1926-10-01,26.266,0.365,Santa Marta,Colombia,10.45N,74.45W
1926-11-01,26.242,0.254,Santa Marta,Colombia,10.45N,74.45W
1926-12-01,25.796999999999997,0.428,Santa Marta,Colombia,10.45N,74.45W
1927-01-01,25.785,0.28300000000000003,Santa Marta,Colombia,10.45N,74.45W
1927-02-01,26.185,0.20199999999999999,Santa Marta,Colombia,10.45N,74.45W
1927-03-01,27.351999999999997,0.376,Santa Marta,Colombia,10.45N,74.45W
1927-04-01,27.079,0.599,Santa Marta,Colombia,10.45N,74.45W
1927-05-01,27.108,0.446,Santa Marta,Colombia,10.45N,74.45W
1927-06-01,26.766,0.386,Santa Marta,Colombia,10.45N,74.45W
1927-07-01,26.384,0.71,Santa Marta,Colombia,10.45N,74.45W
1927-08-01,26.783,0.314,Santa Marta,Colombia,10.45N,74.45W
1927-09-01,26.340999999999998,0.547,Santa Marta,Colombia,10.45N,74.45W
1927-10-01,26.206999999999997,0.262,Santa Marta,Colombia,10.45N,74.45W
1927-11-01,26.425,0.47200000000000003,Santa Marta,Colombia,10.45N,74.45W
1927-12-01,25.896,0.48200000000000004,Santa Marta,Colombia,10.45N,74.45W
1928-01-01,26.019,0.44299999999999995,Santa Marta,Colombia,10.45N,74.45W
1928-02-01,26.695999999999998,0.614,Santa Marta,Colombia,10.45N,74.45W
1928-03-01,27.33,0.358,Santa Marta,Colombia,10.45N,74.45W
1928-04-01,27.935,0.494,Santa Marta,Colombia,10.45N,74.45W
1928-05-01,27.5,0.49200000000000005,Santa Marta,Colombia,10.45N,74.45W
1928-06-01,26.831,0.457,Santa Marta,Colombia,10.45N,74.45W
1928-07-01,26.91,0.305,Santa Marta,Colombia,10.45N,74.45W
1928-08-01,26.299,0.381,Santa Marta,Colombia,10.45N,74.45W
1928-09-01,26.502,0.528,Santa Marta,Colombia,10.45N,74.45W
1928-10-01,26.144,0.261,Santa Marta,Colombia,10.45N,74.45W
1928-11-01,26.232,0.35,Santa Marta,Colombia,10.45N,74.45W
1928-12-01,25.71,0.557,Santa Marta,Colombia,10.45N,74.45W
1929-01-01,25.984,0.483,Santa Marta,Colombia,10.45N,74.45W
1929-02-01,26.691999999999997,0.4,Santa Marta,Colombia,10.45N,74.45W
1929-03-01,27.340999999999998,0.435,Santa Marta,Colombia,10.45N,74.45W
1929-04-01,27.162000000000006,0.461,Santa Marta,Colombia,10.45N,74.45W
1929-05-01,27.01,0.235,Santa Marta,Colombia,10.45N,74.45W
1929-06-01,26.758000000000003,0.253,Santa Marta,Colombia,10.45N,74.45W
1929-07-01,26.794,0.341,Santa Marta,Colombia,10.45N,74.45W
1929-08-01,26.66,0.40399999999999997,Santa Marta,Colombia,10.45N,74.45W
1929-09-01,26.533,0.358,Santa Marta,Colombia,10.45N,74.45W
1929-10-01,26.4,0.268,Santa Marta,Colombia,10.45N,74.45W
1929-11-01,26.408,0.34600000000000003,Santa Marta,Colombia,10.45N,74.45W
1929-12-01,25.982000000000006,0.363,Santa Marta,Colombia,10.45N,74.45W
1930-01-01,26.004,0.32899999999999996,Santa Marta,Colombia,10.45N,74.45W
1930-02-01,26.601999999999997,0.3,Santa Marta,Colombia,10.45N,74.45W
1930-03-01,27.612,0.655,Santa Marta,Colombia,10.45N,74.45W
1930-04-01,27.194000000000006,0.7290000000000001,Santa Marta,Colombia,10.45N,74.45W
1930-05-01,27.174,0.287,Santa Marta,Colombia,10.45N,74.45W
1930-06-01,26.732,0.298,Santa Marta,Colombia,10.45N,74.45W
1930-07-01,26.948,0.395,Santa Marta,Colombia,10.45N,74.45W
1930-08-01,26.815,0.28800000000000003,Santa Marta,Colombia,10.45N,74.45W
1930-09-01,26.65,0.34,Santa Marta,Colombia,10.45N,74.45W
1930-10-01,25.949,0.349,Santa Marta,Colombia,10.45N,74.45W
1930-11-01,26.613000000000003,0.506,Santa Marta,Colombia,10.45N,74.45W
1930-12-01,26.566999999999997,0.425,Santa Marta,Colombia,10.45N,74.45W
1931-01-01,26.77,0.33899999999999997,Santa Marta,Colombia,10.45N,74.45W
1931-02-01,27.204,0.282,Santa Marta,Colombia,10.45N,74.45W
1931-03-01,28.147,0.6,Santa Marta,Colombia,10.45N,74.45W
1931-04-01,28.124,0.583,Santa Marta,Colombia,10.45N,74.45W
1931-05-01,27.705,0.541,Santa Marta,Colombia,10.45N,74.45W
1931-06-01,27.212,0.392,Santa Marta,Colombia,10.45N,74.45W
1931-07-01,26.63,0.54,Santa Marta,Colombia,10.45N,74.45W
1931-08-01,26.834,0.433,Santa Marta,Colombia,10.45N,74.45W
1931-09-01,26.564,0.465,Santa Marta,Colombia,10.45N,74.45W
1931-10-01,26.478,0.364,Santa Marta,Colombia,10.45N,74.45W
1931-11-01,25.86,0.595,Santa Marta,Colombia,10.45N,74.45W
1931-12-01,26.266,0.336,Santa Marta,Colombia,10.45N,74.45W
1932-01-01,26.23,0.535,Santa Marta,Colombia,10.45N,74.45W
1932-02-01,26.791,0.35700000000000004,Santa Marta,Colombia,10.45N,74.45W
1932-03-01,27.4,0.462,Santa Marta,Colombia,10.45N,74.45W
1932-04-01,28.113000000000003,0.41700000000000004,Santa Marta,Colombia,10.45N,74.45W
1932-05-01,27.234,0.38,Santa Marta,Colombia,10.45N,74.45W
1932-06-01,26.864,0.318,Santa Marta,Colombia,10.45N,74.45W
1932-07-01,26.6,0.19399999999999998,Santa Marta,Colombia,10.45N,74.45W
1932-08-01,26.561999999999998,0.237,Santa Marta,Colombia,10.45N,74.45W
1932-09-01,26.721,0.37200000000000005,Santa Marta,Colombia,10.45N,74.45W
1932-10-01,26.18,0.314,Santa Marta,Colombia,10.45N,74.45W
1932-11-01,26.32,0.35200000000000004,Santa Marta,Colombia,10.45N,74.45W
1932-12-01,26.096999999999998,0.381,Santa Marta,Colombia,10.45N,74.45W
1933-01-01,25.998,0.44799999999999995,Santa Marta,Colombia,10.45N,74.45W
1933-02-01,26.337,0.364,Santa Marta,Colombia,10.45N,74.45W
1933-03-01,27.214,0.491,Santa Marta,Colombia,10.45N,74.45W
1933-04-01,27.436,0.461,Santa Marta,Colombia,10.45N,74.45W
1933-05-01,27.506,0.303,Santa Marta,Colombia,10.45N,74.45W
1933-06-01,26.671999999999997,0.34299999999999997,Santa Marta,Colombia,10.45N,74.45W
1933-07-01,26.793000000000003,0.531,Santa Marta,Colombia,10.45N,74.45W
1933-08-01,26.52,0.387,Santa Marta,Colombia,10.45N,74.45W
1933-09-01,26.318,0.253,Santa Marta,Colombia,10.45N,74.45W
1933-10-01,25.733,0.503,Santa Marta,Colombia,10.45N,74.45W
1933-11-01,25.737,0.337,Santa Marta,Colombia,10.45N,74.45W
1933-12-01,25.504,0.314,Santa Marta,Colombia,10.45N,74.45W
1934-01-01,25.613000000000003,0.396,Santa Marta,Colombia,10.45N,74.45W
1934-02-01,25.838,0.632,Santa Marta,Colombia,10.45N,74.45W
1934-03-01,26.526,0.551,Santa Marta,Colombia,10.45N,74.45W
1934-04-01,27.679,0.364,Santa Marta,Colombia,10.45N,74.45W
1934-05-01,27.642,0.42200000000000004,Santa Marta,Colombia,10.45N,74.45W
1934-06-01,27.263,0.374,Santa Marta,Colombia,10.45N,74.45W
1934-07-01,26.654,0.35600000000000004,Santa Marta,Colombia,10.45N,74.45W
1934-08-01,26.826999999999998,0.43700000000000006,Santa Marta,Colombia,10.45N,74.45W
1934-09-01,26.892000000000003,0.522,Santa Marta,Colombia,10.45N,74.45W
1934-10-01,25.983,0.469,Santa Marta,Colombia,10.45N,74.45W
1934-11-01,26.057,0.3,Santa Marta,Colombia,10.45N,74.45W
1934-12-01,26.110000000000007,0.418,Santa Marta,Colombia,10.45N,74.45W
1935-01-01,25.729,0.406,Santa Marta,Colombia,10.45N,74.45W
1935-02-01,26.285999999999998,0.35600000000000004,Santa Marta,Colombia,10.45N,74.45W
1935-03-01,27.089,0.484,Santa Marta,Colombia,10.45N,74.45W
1935-04-01,27.318,0.465,Santa Marta,Colombia,10.45N,74.45W
1935-05-01,26.999000000000002,0.489,Santa Marta,Colombia,10.45N,74.45W
1935-06-01,26.885,0.467,Santa Marta,Colombia,10.45N,74.45W
1935-07-01,26.668000000000003,0.354,Santa Marta,Colombia,10.45N,74.45W
1935-08-01,26.168000000000003,0.254,Santa Marta,Colombia,10.45N,74.45W
1935-09-01,26.480999999999998,0.276,Santa Marta,Colombia,10.45N,74.45W
1935-10-01,26.002,0.22899999999999998,Santa Marta,Colombia,10.45N,74.45W
1935-11-01,25.763,0.254,Santa Marta,Colombia,10.45N,74.45W
1935-12-01,25.927000000000003,0.33899999999999997,Santa Marta,Colombia,10.45N,74.45W
1936-01-01,26.13,0.419,Santa Marta,Colombia,10.45N,74.45W
1936-02-01,26.430999999999997,0.826,Santa Marta,Colombia,10.45N,74.45W
1936-03-01,27.561,0.573,Santa Marta,Colombia,10.45N,74.45W
1936-04-01,27.689,0.465,Santa Marta,Colombia,10.45N,74.45W
1936-05-01,27.555,0.336,Santa Marta,Colombia,10.45N,74.45W
1936-06-01,26.746,0.537,Santa Marta,Colombia,10.45N,74.45W
1936-07-01,26.868000000000002,0.389,Santa Marta,Colombia,10.45N,74.45W
1936-08-01,26.994,0.39799999999999996,Santa Marta,Colombia,10.45N,74.45W
1936-09-01,26.517000000000003,0.32,Santa Marta,Colombia,10.45N,74.45W
1936-10-01,26.156999999999996,0.358,Santa Marta,Colombia,10.45N,74.45W
1936-11-01,26.667,0.41200000000000003,Santa Marta,Colombia,10.45N,74.45W
1936-12-01,25.925,0.44,Santa Marta,Colombia,10.45N,74.45W
1937-01-01,26.076,0.562,Santa Marta,Colombia,10.45N,74.45W
1937-02-01,26.773000000000003,0.846,Santa Marta,Colombia,10.45N,74.45W
1937-03-01,27.693,0.643,Santa Marta,Colombia,10.45N,74.45W
1937-04-01,27.9,0.22399999999999998,Santa Marta,Colombia,10.45N,74.45W
1937-05-01,27.379,0.537,Santa Marta,Colombia,10.45N,74.45W
1937-06-01,26.949,0.35,Santa Marta,Colombia,10.45N,74.45W
1937-07-01,26.824,0.49700000000000005,Santa Marta,Colombia,10.45N,74.45W
1937-08-01,26.734,0.494,Santa Marta,Colombia,10.45N,74.45W
1937-09-01,26.483,0.589,Santa Marta,Colombia,10.45N,74.45W
1937-10-01,26.291,0.569,Santa Marta,Colombia,10.45N,74.45W
1937-11-01,26.174,0.225,Santa Marta,Colombia,10.45N,74.45W
1937-12-01,25.998,0.457,Santa Marta,Colombia,10.45N,74.45W
1938-01-01,25.934,0.36200000000000004,Santa Marta,Colombia,10.45N,74.45W
1938-02-01,26.515,0.40399999999999997,Santa Marta,Colombia,10.45N,74.45W
1938-03-01,26.703000000000007,0.517,Santa Marta,Colombia,10.45N,74.45W
1938-04-01,26.758000000000006,0.429,Santa Marta,Colombia,10.45N,74.45W
1938-05-01,27.022,0.591,Santa Marta,Colombia,10.45N,74.45W
1938-06-01,26.925,0.632,Santa Marta,Colombia,10.45N,74.45W
1938-07-01,26.519,0.45299999999999996,Santa Marta,Colombia,10.45N,74.45W
1938-08-01,26.1,0.643,Santa Marta,Colombia,10.45N,74.45W
1938-09-01,26.366,0.419,Santa Marta,Colombia,10.45N,74.45W
1938-10-01,25.978,0.253,Santa Marta,Colombia,10.45N,74.45W
1938-11-01,26.052,0.614,Santa Marta,Colombia,10.45N,74.45W
1938-12-01,25.474,0.396,Santa Marta,Colombia,10.45N,74.45W
1939-01-01,25.954,0.511,Santa Marta,Colombia,10.45N,74.45W
1939-02-01,25.872,0.27899999999999997,Santa Marta,Colombia,10.45N,74.45W
1939-03-01,26.644,0.46299999999999997,Santa Marta,Colombia,10.45N,74.45W
1939-04-01,27.204,0.669,Santa Marta,Colombia,10.45N,74.45W
1939-05-01,27.561,0.321,Santa Marta,Colombia,10.45N,74.45W
1939-06-01,26.811,0.5379999999999999,Santa Marta,Colombia,10.45N,74.45W
1939-07-01,26.708,0.504,Santa Marta,Colombia,10.45N,74.45W
1939-08-01,27.04,0.34,Santa Marta,Colombia,10.45N,74.45W
1939-09-01,26.709,0.7170000000000001,Santa Marta,Colombia,10.45N,74.45W
1939-10-01,26.135,0.36700000000000005,Santa Marta,Colombia,10.45N,74.45W
1939-11-01,26.409000000000002,0.6,Santa Marta,Colombia,10.45N,74.45W
1939-12-01,26.568,0.615,Santa Marta,Colombia,10.45N,74.45W
1940-01-01,26.456999999999997,0.616,Santa Marta,Colombia,10.45N,74.45W
1940-02-01,27.660999999999998,0.5770000000000001,Santa Marta,Colombia,10.45N,74.45W
1940-03-01,28.268,0.6920000000000001,Santa Marta,Colombia,10.45N,74.45W
1940-04-01,28.515,0.775,Santa Marta,Colombia,10.45N,74.45W
1940-05-01,28.347,0.47600000000000003,Santa Marta,Colombia,10.45N,74.45W
1940-06-01,27.479,0.297,Santa Marta,Colombia,10.45N,74.45W
1940-07-01,27.348000000000003,0.35600000000000004,Santa Marta,Colombia,10.45N,74.45W
1940-08-01,27.276999999999997,0.311,Santa Marta,Colombia,10.45N,74.45W
1940-09-01,26.941000000000006,0.313,Santa Marta,Colombia,10.45N,74.45W
1940-10-01,26.294,0.37799999999999995,Santa Marta,Colombia,10.45N,74.45W
1940-11-01,26.444000000000003,0.326,Santa Marta,Colombia,10.45N,74.45W
1940-12-01,26.776999999999997,0.598,Santa Marta,Colombia,10.45N,74.45W
1941-01-01,26.718000000000004,0.31,Santa Marta,Colombia,10.45N,74.45W
1941-02-01,27.973000000000006,0.25,Santa Marta,Colombia,10.45N,74.45W
1941-03-01,28.322000000000006,0.78,Santa Marta,Colombia,10.45N,74.45W
1941-04-01,28.486,0.523,Santa Marta,Colombia,10.45N,74.45W
1941-05-01,28.492,0.24,Santa Marta,Colombia,10.45N,74.45W
1941-06-01,27.614,0.444,Santa Marta,Colombia,10.45N,74.45W
1941-07-01,27.124000000000002,0.221,Santa Marta,Colombia,10.45N,74.45W
1941-08-01,27.484,0.35600000000000004,Santa Marta,Colombia,10.45N,74.45W
1941-09-01,27.148000000000003,0.308,Santa Marta,Colombia,10.45N,74.45W
1941-10-01,27.269,0.33399999999999996,Santa Marta,Colombia,10.45N,74.45W
1941-11-01,27.284000000000002,0.413,Santa Marta,Colombia,10.45N,74.45W
1941-12-01,26.963,0.8270000000000001,Santa Marta,Colombia,10.45N,74.45W
1942-01-01,26.816,0.302,Santa Marta,Colombia,10.45N,74.45W
1942-02-01,27.660999999999998,0.45899999999999996,Santa Marta,Colombia,10.45N,74.45W
1942-03-01,28.414,0.41100000000000003,Santa Marta,Colombia,10.45N,74.45W
1942-04-01,28.313,0.34,Santa Marta,Colombia,10.45N,74.45W
1942-05-01,27.636999999999997,0.298,Santa Marta,Colombia,10.45N,74.45W
1942-06-01,26.956999999999997,0.366,Santa Marta,Colombia,10.45N,74.45W
1942-07-01,26.725,0.509,Santa Marta,Colombia,10.45N,74.45W
1942-08-01,26.519,0.38799999999999996,Santa Marta,Colombia,10.45N,74.45W
1942-09-01,26.553,0.5539999999999999,Santa Marta,Colombia,10.45N,74.45W
1942-10-01,26.128,0.5660000000000001,Santa Marta,Colombia,10.45N,74.45W
1942-11-01,26.438000000000002,0.556,Santa Marta,Colombia,10.45N,74.45W
1942-12-01,26.358,0.45299999999999996,Santa Marta,Colombia,10.45N,74.45W
1943-01-01,26.386,0.508,Santa Marta,Colombia,10.45N,74.45W
1943-02-01,26.546,0.5329999999999999,Santa Marta,Colombia,10.45N,74.45W
1943-03-01,27.219,0.304,Santa Marta,Colombia,10.45N,74.45W
1943-04-01,27.39,0.268,Santa Marta,Colombia,10.45N,74.45W
1943-05-01,27.116,0.272,Santa Marta,Colombia,10.45N,74.45W
1943-06-01,26.561999999999998,0.17600000000000002,Santa Marta,Colombia,10.45N,74.45W
1943-07-01,26.718000000000004,0.307,Santa Marta,Colombia,10.45N,74.45W
1943-08-01,26.581999999999997,0.332,Santa Marta,Colombia,10.45N,74.45W
1943-09-01,27.031,0.37,Santa Marta,Colombia,10.45N,74.45W
1943-10-01,26.103,0.17,Santa Marta,Colombia,10.45N,74.45W
1943-11-01,26.827,0.456,Santa Marta,Colombia,10.45N,74.45W
1943-12-01,26.342,0.37799999999999995,Santa Marta,Colombia,10.45N,74.45W
1944-01-01,26.375,0.541,Santa Marta,Colombia,10.45N,74.45W
1944-02-01,26.682,0.8029999999999999,Santa Marta,Colombia,10.45N,74.45W
1944-03-01,27.340999999999998,0.32,Santa Marta,Colombia,10.45N,74.45W
1944-04-01,27.928,0.345,Santa Marta,Colombia,10.45N,74.45W
1944-05-01,27.251,0.342,Santa Marta,Colombia,10.45N,74.45W
1944-06-01,26.495,0.478,Santa Marta,Colombia,10.45N,74.45W
1944-07-01,26.955,0.31,Santa Marta,Colombia,10.45N,74.45W
1944-08-01,26.941,0.439,Santa Marta,Colombia,10.45N,74.45W
1944-09-01,26.443,0.35200000000000004,Santa Marta,Colombia,10.45N,74.45W
1944-10-01,26.066,0.451,Santa Marta,Colombia,10.45N,74.45W
1944-11-01,26.356,0.504,Santa Marta,Colombia,10.45N,74.45W
1944-12-01,26.359,0.507,Santa Marta,Colombia,10.45N,74.45W
1945-01-01,25.936,0.40399999999999997,Santa Marta,Colombia,10.45N,74.45W
1945-02-01,26.515,0.258,Santa Marta,Colombia,10.45N,74.45W
1945-03-01,27.139000000000006,0.521,Santa Marta,Colombia,10.45N,74.45W
1945-04-01,27.016,0.469,Santa Marta,Colombia,10.45N,74.45W
1945-05-01,26.929000000000002,0.324,Santa Marta,Colombia,10.45N,74.45W
1945-06-01,26.789,0.41100000000000003,Santa Marta,Colombia,10.45N,74.45W
1945-07-01,26.498,0.35600000000000004,Santa Marta,Colombia,10.45N,74.45W
1945-08-01,26.552,0.32799999999999996,Santa Marta,Colombia,10.45N,74.45W
1945-09-01,26.846999999999998,0.209,Santa Marta,Colombia,10.45N,74.45W
1945-10-01,25.927,0.21899999999999997,Santa Marta,Colombia,10.45N,74.45W
1945-11-01,26.478,0.526,Santa Marta,Colombia,10.45N,74.45W
1945-12-01,26.212000000000003,0.498,Santa Marta,Colombia,10.45N,74.45W
1946-01-01,26.278000000000002,0.35,Santa Marta,Colombia,10.45N,74.45W
1946-02-01,26.57,0.27699999999999997,Santa Marta,Colombia,10.45N,74.45W
1946-03-01,27.233,0.302,Santa Marta,Colombia,10.45N,74.45W
1946-04-01,27.421000000000006,0.248,Santa Marta,Colombia,10.45N,74.45W
1946-05-01,27.2,0.341,Santa Marta,Colombia,10.45N,74.45W
1946-06-01,27.081999999999997,0.609,Santa Marta,Colombia,10.45N,74.45W
1946-07-01,26.916,0.613,Santa Marta,Colombia,10.45N,74.45W
1946-08-01,26.403000000000002,0.428,Santa Marta,Colombia,10.45N,74.45W
1946-09-01,26.576999999999998,0.389,Santa Marta,Colombia,10.45N,74.45W
1946-10-01,26.116999999999997,0.33,Santa Marta,Colombia,10.45N,74.45W
1946-11-01,26.404,0.615,Santa Marta,Colombia,10.45N,74.45W
1946-12-01,26.506999999999998,0.5760000000000001,Santa Marta,Colombia,10.45N,74.45W
1947-01-01,26.45,0.29100000000000004,Santa Marta,Colombia,10.45N,74.45W
1947-02-01,27.195999999999998,0.804,Santa Marta,Colombia,10.45N,74.45W
1947-03-01,27.978,0.361,Santa Marta,Colombia,10.45N,74.45W
1947-04-01,28.070999999999998,0.5710000000000001,Santa Marta,Colombia,10.45N,74.45W
1947-05-01,27.547,0.272,Santa Marta,Colombia,10.45N,74.45W
1947-06-01,27.028000000000002,0.6920000000000001,Santa Marta,Colombia,10.45N,74.45W
1947-07-01,26.766,0.469,Santa Marta,Colombia,10.45N,74.45W
1947-08-01,27.125999999999998,0.527,Santa Marta,Colombia,10.45N,74.45W
1947-09-01,27.013,0.847,Santa Marta,Colombia,10.45N,74.45W
1947-10-01,26.572,0.523,Santa Marta,Colombia,10.45N,74.45W
1947-11-01,27.085,0.624,Santa Marta,Colombia,10.45N,74.45W
1947-12-01,26.642000000000003,0.248,Santa Marta,Colombia,10.45N,74.45W
1948-01-01,26.926,0.252,Santa Marta,Colombia,10.45N,74.45W
1948-02-01,27.281999999999996,0.302,Santa Marta,Colombia,10.45N,74.45W
1948-03-01,27.811,0.46799999999999997,Santa Marta,Colombia,10.45N,74.45W
1948-04-01,27.451,0.359,Santa Marta,Colombia,10.45N,74.45W
1948-05-01,27.982,0.23399999999999999,Santa Marta,Colombia,10.45N,74.45W
1948-06-01,27.355,0.365,Santa Marta,Colombia,10.45N,74.45W
1948-07-01,27.160999999999998,0.46399999999999997,Santa Marta,Colombia,10.45N,74.45W
1948-08-01,27.283,0.349,Santa Marta,Colombia,10.45N,74.45W
1948-09-01,27.084,0.41,Santa Marta,Colombia,10.45N,74.45W
1948-10-01,26.52,0.259,Santa Marta,Colombia,10.45N,74.45W
1948-11-01,26.78,0.39299999999999996,Santa Marta,Colombia,10.45N,74.45W
1948-12-01,26.468000000000004,0.57,Santa Marta,Colombia,10.45N,74.45W
1949-01-01,25.741999999999997,0.625,Santa Marta,Colombia,10.45N,74.45W
1949-02-01,26.371,0.6679999999999999,Santa Marta,Colombia,10.45N,74.45W
1949-03-01,27.406,0.326,Santa Marta,Colombia,10.45N,74.45W
1949-04-01,28.101000000000006,0.601,Santa Marta,Colombia,10.45N,74.45W
1949-05-01,27.419,0.33799999999999997,Santa Marta,Colombia,10.45N,74.45W
1949-06-01,26.509,0.5429999999999999,Santa Marta,Colombia,10.45N,74.45W
1949-07-01,26.561999999999998,0.245,Santa Marta,Colombia,10.45N,74.45W
1949-08-01,26.416999999999998,0.5539999999999999,Santa Marta,Colombia,10.45N,74.45W
1949-09-01,26.293000000000006,0.551,Santa Marta,Colombia,10.45N,74.45W
1949-10-01,25.846,0.342,Santa Marta,Colombia,10.45N,74.45W
1949-11-01,26.02,0.43700000000000006,Santa Marta,Colombia,10.45N,74.45W
1949-12-01,25.326999999999998,0.34299999999999997,Santa Marta,Colombia,10.45N,74.45W
1950-01-01,25.353,0.991,Santa Marta,Colombia,10.45N,74.45W
1950-02-01,26.16,0.977,Santa Marta,Colombia,10.45N,74.45W
1950-03-01,26.65,0.675,Santa Marta,Colombia,10.45N,74.45W
1950-04-01,27.119,0.457,Santa Marta,Colombia,10.45N,74.45W
1950-05-01,26.451,0.365,Santa Marta,Colombia,10.45N,74.45W
1950-06-01,26.159000000000002,0.451,Santa Marta,Colombia,10.45N,74.45W
1950-07-01,26.066,0.289,Santa Marta,Colombia,10.45N,74.45W
1950-08-01,25.495,0.773,Santa Marta,Colombia,10.45N,74.45W
1950-09-01,26.488000000000003,0.408,Santa Marta,Colombia,10.45N,74.45W
1950-10-01,25.69,0.34,Santa Marta,Colombia,10.45N,74.45W
1950-11-01,25.735,0.556,Santa Marta,Colombia,10.45N,74.45W
1950-12-01,25.82,0.36700000000000005,Santa Marta,Colombia,10.45N,74.45W
1951-01-01,25.42,0.255,Santa Marta,Colombia,10.45N,74.45W
1951-02-01,26.176,0.542,Santa Marta,Colombia,10.45N,74.45W
1951-03-01,26.910999999999998,0.289,Santa Marta,Colombia,10.45N,74.45W
1951-04-01,27.993,0.5,Santa Marta,Colombia,10.45N,74.45W
1951-05-01,27.744,0.326,Santa Marta,Colombia,10.45N,74.45W
1951-06-01,27.469,0.485,Santa Marta,Colombia,10.45N,74.45W
1951-07-01,27.033,0.26899999999999996,Santa Marta,Colombia,10.45N,74.45W
1951-08-01,27.139,0.298,Santa Marta,Colombia,10.45N,74.45W
1951-09-01,27.09,0.325,Santa Marta,Colombia,10.45N,74.45W
1951-10-01,26.736,0.43700000000000006,Santa Marta,Colombia,10.45N,74.45W
1951-11-01,26.929000000000002,0.354,Santa Marta,Colombia,10.45N,74.45W
1951-12-01,26.971,0.259,Santa Marta,Colombia,10.45N,74.45W
1952-01-01,26.605999999999998,0.174,Santa Marta,Colombia,10.45N,74.45W
1952-02-01,27.703000000000003,0.6629999999999999,Santa Marta,Colombia,10.45N,74.45W
1952-03-01,28.261000000000006,0.284,Santa Marta,Colombia,10.45N,74.45W
1952-04-01,28.048,0.7290000000000001,Santa Marta,Colombia,10.45N,74.45W
1952-05-01,27.862,0.598,Santa Marta,Colombia,10.45N,74.45W
1952-06-01,27.246,0.363,Santa Marta,Colombia,10.45N,74.45W
1952-07-01,26.871,0.373,Santa Marta,Colombia,10.45N,74.45W
1952-08-01,26.956,0.406,Santa Marta,Colombia,10.45N,74.45W
1952-09-01,26.889000000000006,0.449,Santa Marta,Colombia,10.45N,74.45W
1952-10-01,26.785,0.716,Santa Marta,Colombia,10.45N,74.45W
1952-11-01,26.7,0.485,Santa Marta,Colombia,10.45N,74.45W
1952-12-01,26.175,0.43799999999999994,Santa Marta,Colombia,10.45N,74.45W
1953-01-01,26.638,0.41200000000000003,Santa Marta,Colombia,10.45N,74.45W
1953-02-01,27.096999999999998,0.506,Santa Marta,Colombia,10.45N,74.45W
1953-03-01,27.291999999999998,0.215,Santa Marta,Colombia,10.45N,74.45W
1953-04-01,28.116999999999997,0.18899999999999997,Santa Marta,Colombia,10.45N,74.45W
1953-05-01,27.611,0.252,Santa Marta,Colombia,10.45N,74.45W
1953-06-01,27.434,0.325,Santa Marta,Colombia,10.45N,74.45W
1953-07-01,26.95,0.324,Santa Marta,Colombia,10.45N,74.45W
1953-08-01,27.415,0.27399999999999997,Santa Marta,Colombia,10.45N,74.45W
1953-09-01,27.026999999999997,0.474,Santa Marta,Colombia,10.45N,74.45W
1953-10-01,26.853,0.8059999999999999,Santa Marta,Colombia,10.45N,74.45W
1953-11-01,27.051,0.17800000000000002,Santa Marta,Colombia,10.45N,74.45W
1953-12-01,26.678,0.177,Santa Marta,Colombia,10.45N,74.45W
1954-01-01,26.291,0.363,Santa Marta,Colombia,10.45N,74.45W
1954-02-01,26.72,0.391,Santa Marta,Colombia,10.45N,74.45W
1954-03-01,28.093000000000004,0.231,Santa Marta,Colombia,10.45N,74.45W
1954-04-01,27.826999999999998,0.579,Santa Marta,Colombia,10.45N,74.45W
1954-05-01,27.732,0.345,Santa Marta,Colombia,10.45N,74.45W
1954-06-01,27.046999999999997,0.20199999999999999,Santa Marta,Colombia,10.45N,74.45W
1954-07-01,26.599,0.40399999999999997,Santa Marta,Colombia,10.45N,74.45W
1954-08-01,26.906999999999996,0.623,Santa Marta,Colombia,10.45N,74.45W
1954-09-01,26.805,0.6459999999999999,Santa Marta,Colombia,10.45N,74.45W
1954-10-01,25.721999999999998,0.5770000000000001,Santa Marta,Colombia,10.45N,74.45W
1954-11-01,26.125,0.665,Santa Marta,Colombia,10.45N,74.45W
1954-12-01,25.881,0.46,Santa Marta,Colombia,10.45N,74.45W
1955-01-01,26.165,0.46399999999999997,Santa Marta,Colombia,10.45N,74.45W
1955-02-01,27.226999999999997,0.509,Santa Marta,Colombia,10.45N,74.45W
1955-03-01,27.336,0.41100000000000003,Santa Marta,Colombia,10.45N,74.45W
1955-04-01,27.393,0.35600000000000004,Santa Marta,Colombia,10.45N,74.45W
1955-05-01,27.456,0.326,Santa Marta,Colombia,10.45N,74.45W
1955-06-01,26.449,0.317,Santa Marta,Colombia,10.45N,74.45W
1955-07-01,26.386,0.48100000000000004,Santa Marta,Colombia,10.45N,74.45W
1955-08-01,26.311999999999998,0.46,Santa Marta,Colombia,10.45N,74.45W
1955-09-01,25.983,0.4,Santa Marta,Colombia,10.45N,74.45W
1955-10-01,25.25,0.46,Santa Marta,Colombia,10.45N,74.45W
1955-11-01,25.967,0.56,Santa Marta,Colombia,10.45N,74.45W
1955-12-01,25.788,0.601,Santa Marta,Colombia,10.45N,74.45W
1956-01-01,25.430999999999997,0.344,Santa Marta,Colombia,10.45N,74.45W
1956-02-01,26.714,0.24100000000000002,Santa Marta,Colombia,10.45N,74.45W
1956-03-01,27.433000000000003,0.237,Santa Marta,Colombia,10.45N,74.45W
1956-04-01,27.745,0.228,Santa Marta,Colombia,10.45N,74.45W
1956-05-01,27.111,0.444,Santa Marta,Colombia,10.45N,74.45W
1956-06-01,26.409000000000002,0.33399999999999996,Santa Marta,Colombia,10.45N,74.45W
1956-07-01,26.357,0.33899999999999997,Santa Marta,Colombia,10.45N,74.45W
1956-08-01,26.543000000000003,0.5429999999999999,Santa Marta,Colombia,10.45N,74.45W
1956-09-01,26.471,0.47,Santa Marta,Colombia,10.45N,74.45W
1956-10-01,25.7,0.301,Santa Marta,Colombia,10.45N,74.45W
1956-11-01,25.836,0.446,Santa Marta,Colombia,10.45N,74.45W
1956-12-01,25.660999999999998,0.315,Santa Marta,Colombia,10.45N,74.45W
1957-01-01,25.521,0.292,Santa Marta,Colombia,10.45N,74.45W
1957-02-01,26.391,0.33,Santa Marta,Colombia,10.45N,74.45W
1957-03-01,27.436,0.256,Santa Marta,Colombia,10.45N,74.45W
1957-04-01,27.325000000000006,0.264,Santa Marta,Colombia,10.45N,74.45W
1957-05-01,27.396,0.5329999999999999,Santa Marta,Colombia,10.45N,74.45W
1957-06-01,27.421999999999997,0.672,Santa Marta,Colombia,10.45N,74.45W
1957-07-01,27.031,0.48100000000000004,Santa Marta,Colombia,10.45N,74.45W
1957-08-01,27.213,0.73,Santa Marta,Colombia,10.45N,74.45W
1957-09-01,27.127,0.7090000000000001,Santa Marta,Colombia,10.45N,74.45W
1957-10-01,26.689,0.616,Santa Marta,Colombia,10.45N,74.45W
1957-11-01,26.883000000000003,0.6579999999999999,Santa Marta,Colombia,10.45N,74.45W
1957-12-01,26.284,0.425,Santa Marta,Colombia,10.45N,74.45W
1958-01-01,27.301,0.581,Santa Marta,Colombia,10.45N,74.45W
1958-02-01,27.893,0.665,Santa Marta,Colombia,10.45N,74.45W
1958-03-01,29.095,0.308,Santa Marta,Colombia,10.45N,74.45W
1958-04-01,28.833,0.17600000000000002,Santa Marta,Colombia,10.45N,74.45W
1958-05-01,28.204,0.46799999999999997,Santa Marta,Colombia,10.45N,74.45W
1958-06-01,27.599,0.354,Santa Marta,Colombia,10.45N,74.45W
1958-07-01,27.04,0.429,Santa Marta,Colombia,10.45N,74.45W
1958-08-01,27.14,0.368,Santa Marta,Colombia,10.45N,74.45W
1958-09-01,27.165000000000006,0.41200000000000003,Santa Marta,Colombia,10.45N,74.45W
1958-10-01,26.913,0.309,Santa Marta,Colombia,10.45N,74.45W
1958-11-01,26.95,0.32899999999999996,Santa Marta,Colombia,10.45N,74.45W
1958-12-01,26.546999999999997,0.221,Santa Marta,Colombia,10.45N,74.45W
1959-01-01,26.421999999999997,0.5329999999999999,Santa Marta,Colombia,10.45N,74.45W
1959-02-01,26.372,0.907,Santa Marta,Colombia,10.45N,74.45W
1959-03-01,27.593000000000004,0.8740000000000001,Santa Marta,Colombia,10.45N,74.45W
1959-04-01,27.56,0.424,Santa Marta,Colombia,10.45N,74.45W
1959-05-01,27.196,0.449,Santa Marta,Colombia,10.45N,74.45W
1959-06-01,26.58,0.415,Santa Marta,Colombia,10.45N,74.45W
1959-07-01,26.596,0.623,Santa Marta,Colombia,10.45N,74.45W
1959-08-01,26.559,0.428,Santa Marta,Colombia,10.45N,74.45W
1959-09-01,26.948,0.552,Santa Marta,Colombia,10.45N,74.45W
1959-10-01,26.386,0.512,Santa Marta,Colombia,10.45N,74.45W
1959-11-01,26.737,0.435,Santa Marta,Colombia,10.45N,74.45W
1959-12-01,26.971999999999998,0.38799999999999996,Santa Marta,Colombia,10.45N,74.45W
1960-01-01,26.386,0.619,Santa Marta,Colombia,10.45N,74.45W
1960-02-01,27.283,0.344,Santa Marta,Colombia,10.45N,74.45W
1960-03-01,27.506,0.36700000000000005,Santa Marta,Colombia,10.45N,74.45W
1960-04-01,27.706999999999997,0.44799999999999995,Santa Marta,Colombia,10.45N,74.45W
1960-05-01,27.712,0.384,Santa Marta,Colombia,10.45N,74.45W
1960-06-01,26.798,0.6829999999999999,Santa Marta,Colombia,10.45N,74.45W
1960-07-01,26.494,0.502,Santa Marta,Colombia,10.45N,74.45W
1960-08-01,26.564,0.502,Santa Marta,Colombia,10.45N,74.45W
1960-09-01,26.743,0.583,Santa Marta,Colombia,10.45N,74.45W
1960-10-01,26.357,0.525,Santa Marta,Colombia,10.45N,74.45W
1960-11-01,26.725,0.37799999999999995,Santa Marta,Colombia,10.45N,74.45W
1960-12-01,25.840000000000003,0.35,Santa Marta,Colombia,10.45N,74.45W
1961-01-01,26.418000000000003,0.524,Santa Marta,Colombia,10.45N,74.45W
1961-02-01,26.768,0.515,Santa Marta,Colombia,10.45N,74.45W
1961-03-01,27.385,0.361,Santa Marta,Colombia,10.45N,74.45W
1961-04-01,27.641,0.47100000000000003,Santa Marta,Colombia,10.45N,74.45W
1961-05-01,27.566999999999997,0.46,Santa Marta,Colombia,10.45N,74.45W
1961-06-01,26.884,0.253,Santa Marta,Colombia,10.45N,74.45W
1961-07-01,26.59,0.253,Santa Marta,Colombia,10.45N,74.45W
1961-08-01,26.901999999999997,0.265,Santa Marta,Colombia,10.45N,74.45W
1961-09-01,26.738000000000003,0.447,Santa Marta,Colombia,10.45N,74.45W
1961-10-01,26.055999999999997,0.76,Santa Marta,Colombia,10.45N,74.45W
1961-11-01,25.792,0.672,Santa Marta,Colombia,10.45N,74.45W
1961-12-01,26.771,0.601,Santa Marta,Colombia,10.45N,74.45W
1962-01-01,26.781999999999996,0.235,Santa Marta,Colombia,10.45N,74.45W
1962-02-01,27.146,0.198,Santa Marta,Colombia,10.45N,74.45W
1962-03-01,27.773000000000003,0.368,Santa Marta,Colombia,10.45N,74.45W
1962-04-01,27.701999999999998,0.387,Santa Marta,Colombia,10.45N,74.45W
1962-05-01,27.342,0.304,Santa Marta,Colombia,10.45N,74.45W
1962-06-01,26.533,0.562,Santa Marta,Colombia,10.45N,74.45W
1962-07-01,26.813000000000002,0.325,Santa Marta,Colombia,10.45N,74.45W
1962-08-01,26.651999999999997,0.43799999999999994,Santa Marta,Colombia,10.45N,74.45W
1962-09-01,26.701,0.381,Santa Marta,Colombia,10.45N,74.45W
1962-10-01,26.628,0.5720000000000001,Santa Marta,Colombia,10.45N,74.45W
1962-11-01,26.744,0.34299999999999997,Santa Marta,Colombia,10.45N,74.45W
1962-12-01,26.789,0.228,Santa Marta,Colombia,10.45N,74.45W
1963-01-01,26.535999999999998,0.29100000000000004,Santa Marta,Colombia,10.45N,74.45W
1963-02-01,27.044,0.34700000000000003,Santa Marta,Colombia,10.45N,74.45W
1963-03-01,27.81,0.665,Santa Marta,Colombia,10.45N,74.45W
1963-04-01,27.191999999999997,0.36200000000000004,Santa Marta,Colombia,10.45N,74.45W
1963-05-01,27.255,0.295,Santa Marta,Colombia,10.45N,74.45W
1963-06-01,27.065,0.247,Santa Marta,Colombia,10.45N,74.45W
1963-07-01,26.756,0.436,Santa Marta,Colombia,10.45N,74.45W
1963-08-01,26.932,0.309,Santa Marta,Colombia,10.45N,74.45W
1963-09-01,27.035,0.311,Santa Marta,Colombia,10.45N,74.45W
1963-10-01,26.76,0.249,Santa Marta,Colombia,10.45N,74.45W
1963-11-01,26.663,0.447,Santa Marta,Colombia,10.45N,74.45W
1963-12-01,27.079,0.41700000000000004,Santa Marta,Colombia,10.45N,74.45W
1964-01-01,27.235,0.499,Santa Marta,Colombia,10.45N,74.45W
1964-02-01,27.783,0.259,Santa Marta,Colombia,10.45N,74.45W
1964-03-01,27.943,0.496,Santa Marta,Colombia,10.45N,74.45W
1964-04-01,27.680000000000003,0.34,Santa Marta,Colombia,10.45N,74.45W
1964-05-01,27.833000000000002,0.93,Santa Marta,Colombia,10.45N,74.45W
1964-06-01,26.521,0.302,Santa Marta,Colombia,10.45N,74.45W
1964-07-01,26.362,0.284,Santa Marta,Colombia,10.45N,74.45W
1964-08-01,26.684,0.276,Santa Marta,Colombia,10.45N,74.45W
1964-09-01,26.581,0.435,Santa Marta,Colombia,10.45N,74.45W
1964-10-01,26.026,0.36200000000000004,Santa Marta,Colombia,10.45N,74.45W
1964-11-01,26.748,0.327,Santa Marta,Colombia,10.45N,74.45W
1964-12-01,25.668000000000006,0.314,Santa Marta,Colombia,10.45N,74.45W
1965-01-01,26.138,0.40399999999999997,Santa Marta,Colombia,10.45N,74.45W
1965-02-01,27.041999999999998,0.3,Santa Marta,Colombia,10.45N,74.45W
1965-03-01,27.758000000000006,0.573,Santa Marta,Colombia,10.45N,74.45W
1965-04-01,27.489,0.24600000000000002,Santa Marta,Colombia,10.45N,74.45W
1965-05-01,27.341,0.4,Santa Marta,Colombia,10.45N,74.45W
1965-06-01,27.178,0.603,Santa Marta,Colombia,10.45N,74.45W
1965-07-01,27.061,0.451,Santa Marta,Colombia,10.45N,74.45W
1965-08-01,26.726,0.289,Santa Marta,Colombia,10.45N,74.45W
1965-09-01,26.901,0.316,Santa Marta,Colombia,10.45N,74.45W
1965-10-01,26.851,0.336,Santa Marta,Colombia,10.45N,74.45W
1965-11-01,26.497,0.309,Santa Marta,Colombia,10.45N,74.45W
1965-12-01,26.813,0.418,Santa Marta,Colombia,10.45N,74.45W
1966-01-01,27.374000000000002,0.298,Santa Marta,Colombia,10.45N,74.45W
1966-02-01,27.540000000000006,0.325,Santa Marta,Colombia,10.45N,74.45W
1966-03-01,27.739,0.47600000000000003,Santa Marta,Colombia,10.45N,74.45W
1966-04-01,28.191999999999997,0.273,Santa Marta,Colombia,10.45N,74.45W
1966-05-01,27.332,0.175,Santa Marta,Colombia,10.45N,74.45W
1966-06-01,26.705,0.304,Santa Marta,Colombia,10.45N,74.45W
1966-07-01,26.916,0.376,Santa Marta,Colombia,10.45N,74.45W
1966-08-01,27.051,0.316,Santa Marta,Colombia,10.45N,74.45W
1966-09-01,26.828000000000007,0.39299999999999996,Santa Marta,Colombia,10.45N,74.45W
1966-10-01,26.178,0.145,Santa Marta,Colombia,10.45N,74.45W
1966-11-01,26.373,0.24600000000000002,Santa Marta,Colombia,10.45N,74.45W
1966-12-01,26.201999999999998,0.337,Santa Marta,Colombia,10.45N,74.45W
1967-01-01,26.635,0.457,Santa Marta,Colombia,10.45N,74.45W
1967-02-01,26.919,0.221,Santa Marta,Colombia,10.45N,74.45W
1967-03-01,27.173,0.32299999999999995,Santa Marta,Colombia,10.45N,74.45W
1967-04-01,27.480999999999998,0.40399999999999997,Santa Marta,Colombia,10.45N,74.45W
1967-05-01,27.475,0.45799999999999996,Santa Marta,Colombia,10.45N,74.45W
1967-06-01,26.443,0.244,Santa Marta,Colombia,10.45N,74.45W
1967-07-01,26.421999999999997,0.3,Santa Marta,Colombia,10.45N,74.45W
1967-08-01,26.84,0.34299999999999997,Santa Marta,Colombia,10.45N,74.45W
1967-09-01,26.515,0.22399999999999998,Santa Marta,Colombia,10.45N,74.45W
1967-10-01,26.245,0.33299999999999996,Santa Marta,Colombia,10.45N,74.45W
1967-11-01,26.467,0.41200000000000003,Santa Marta,Colombia,10.45N,74.45W
1967-12-01,26.409,0.48200000000000004,Santa Marta,Colombia,10.45N,74.45W
1968-01-01,26.18,0.419,Santa Marta,Colombia,10.45N,74.45W
1968-02-01,26.909,0.29100000000000004,Santa Marta,Colombia,10.45N,74.45W
1968-03-01,27.49,0.268,Santa Marta,Colombia,10.45N,74.45W
1968-04-01,27.46,0.22899999999999998,Santa Marta,Colombia,10.45N,74.45W
1968-05-01,27.195,0.48,Santa Marta,Colombia,10.45N,74.45W
1968-06-01,26.436999999999998,0.33899999999999997,Santa Marta,Colombia,10.45N,74.45W
1968-07-01,26.873,0.26,Santa Marta,Colombia,10.45N,74.45W
1968-08-01,26.873,0.37,Santa Marta,Colombia,10.45N,74.45W
1968-09-01,26.837,0.23399999999999999,Santa Marta,Colombia,10.45N,74.45W
1968-10-01,26.266,0.23399999999999999,Santa Marta,Colombia,10.45N,74.45W
1968-11-01,26.971,0.145,Santa Marta,Colombia,10.45N,74.45W
1968-12-01,26.916,0.33899999999999997,Santa Marta,Colombia,10.45N,74.45W
1969-01-01,26.896,0.408,Santa Marta,Colombia,10.45N,74.45W
1969-02-01,27.289,0.397,Santa Marta,Colombia,10.45N,74.45W
1969-03-01,28.855999999999998,0.287,Santa Marta,Colombia,10.45N,74.45W
1969-04-01,28.351999999999997,0.40700000000000003,Santa Marta,Colombia,10.45N,74.45W
1969-05-01,28.428,0.47,Santa Marta,Colombia,10.45N,74.45W
1969-06-01,27.386,0.627,Santa Marta,Colombia,10.45N,74.45W
1969-07-01,27.671999999999997,0.35200000000000004,Santa Marta,Colombia,10.45N,74.45W
1969-08-01,26.491999999999997,0.419,Santa Marta,Colombia,10.45N,74.45W
1969-09-01,27.006,0.16399999999999998,Santa Marta,Colombia,10.45N,74.45W
1969-10-01,26.078000000000003,0.18100000000000002,Santa Marta,Colombia,10.45N,74.45W
1969-11-01,26.698,0.19399999999999998,Santa Marta,Colombia,10.45N,74.45W
1969-12-01,27.171000000000006,0.237,Santa Marta,Colombia,10.45N,74.45W
1970-01-01,26.99,0.327,Santa Marta,Colombia,10.45N,74.45W
1970-02-01,27.7,0.6920000000000001,Santa Marta,Colombia,10.45N,74.45W
1970-03-01,28.197000000000006,0.43,Santa Marta,Colombia,10.45N,74.45W
1970-04-01,28.155,0.41700000000000004,Santa Marta,Colombia,10.45N,74.45W
1970-05-01,27.522,0.268,Santa Marta,Colombia,10.45N,74.45W
1970-06-01,27.494,0.504,Santa Marta,Colombia,10.45N,74.45W
1970-07-01,26.677,0.506,Santa Marta,Colombia,10.45N,74.45W
1970-08-01,26.456,0.5489999999999999,Santa Marta,Colombia,10.45N,74.45W
1970-09-01,26.127,0.451,Santa Marta,Colombia,10.45N,74.45W
1970-10-01,26.17,0.294,Santa Marta,Colombia,10.45N,74.45W
1970-11-01,26.277,0.455,Santa Marta,Colombia,10.45N,74.45W
1970-12-01,26.613000000000003,0.308,Santa Marta,Colombia,10.45N,74.45W
1971-01-01,26.365,0.493,Santa Marta,Colombia,10.45N,74.45W
1971-02-01,26.945999999999998,0.516,Santa Marta,Colombia,10.45N,74.45W
1971-03-01,27.406999999999996,0.539,Santa Marta,Colombia,10.45N,74.45W
1971-04-01,27.475,0.252,Santa Marta,Colombia,10.45N,74.45W
1971-05-01,26.963,0.258,Santa Marta,Colombia,10.45N,74.45W
1971-06-01,26.863000000000003,0.27899999999999997,Santa Marta,Colombia,10.45N,74.45W
1971-07-01,26.566,0.465,Santa Marta,Colombia,10.45N,74.45W
1971-08-01,26.243,0.32299999999999995,Santa Marta,Colombia,10.45N,74.45W
1971-09-01,25.945,0.39799999999999996,Santa Marta,Colombia,10.45N,74.45W
1971-10-01,25.811,0.33,Santa Marta,Colombia,10.45N,74.45W
1971-11-01,26.367,0.529,Santa Marta,Colombia,10.45N,74.45W
1971-12-01,26.026999999999997,0.294,Santa Marta,Colombia,10.45N,74.45W
1972-01-01,26.258000000000003,0.6779999999999999,Santa Marta,Colombia,10.45N,74.45W
1972-02-01,26.933000000000003,0.596,Santa Marta,Colombia,10.45N,74.45W
1972-03-01,27.601999999999997,0.447,Santa Marta,Colombia,10.45N,74.45W
1972-04-01,27.238000000000003,0.43,Santa Marta,Colombia,10.45N,74.45W
1972-05-01,27.523000000000003,0.16899999999999998,Santa Marta,Colombia,10.45N,74.45W
1972-06-01,27.048,0.34,Santa Marta,Colombia,10.45N,74.45W
1972-07-01,27.392,0.43799999999999994,Santa Marta,Colombia,10.45N,74.45W
1972-08-01,26.826999999999998,0.502,Santa Marta,Colombia,10.45N,74.45W
1972-09-01,27.236,0.259,Santa Marta,Colombia,10.45N,74.45W
1972-10-01,26.919,0.33,Santa Marta,Colombia,10.45N,74.45W
1972-11-01,27.377,0.163,Santa Marta,Colombia,10.45N,74.45W
1972-12-01,27.116999999999997,0.33399999999999996,Santa Marta,Colombia,10.45N,74.45W
1973-01-01,27.648000000000003,0.375,Santa Marta,Colombia,10.45N,74.45W
1973-02-01,27.733,0.418,Santa Marta,Colombia,10.45N,74.45W
1973-03-01,28.656999999999996,0.332,Santa Marta,Colombia,10.45N,74.45W
1973-04-01,28.576,0.42200000000000004,Santa Marta,Colombia,10.45N,74.45W
1973-05-01,28.093000000000004,0.5329999999999999,Santa Marta,Colombia,10.45N,74.45W
1973-06-01,26.945,0.32,Santa Marta,Colombia,10.45N,74.45W
1973-07-01,26.895,0.302,Santa Marta,Colombia,10.45N,74.45W
1973-08-01,26.51,0.382,Santa Marta,Colombia,10.45N,74.45W
1973-09-01,26.180999999999997,0.359,Santa Marta,Colombia,10.45N,74.45W
1973-10-01,25.951,0.26,Santa Marta,Colombia,10.45N,74.45W
1973-11-01,26.239,0.295,Santa Marta,Colombia,10.45N,74.45W
1973-12-01,25.885,0.494,Santa Marta,Colombia,10.45N,74.45W
1974-01-01,25.865,0.261,Santa Marta,Colombia,10.45N,74.45W
1974-02-01,26.494,0.252,Santa Marta,Colombia,10.45N,74.45W
1974-03-01,27.398000000000003,0.355,Santa Marta,Colombia,10.45N,74.45W
1974-04-01,27.221999999999998,0.295,Santa Marta,Colombia,10.45N,74.45W
1974-05-01,27.065,0.42100000000000004,Santa Marta,Colombia,10.45N,74.45W
1974-06-01,26.988000000000003,0.255,Santa Marta,Colombia,10.45N,74.45W
1974-07-01,26.723000000000003,0.124,Santa Marta,Colombia,10.45N,74.45W
1974-08-01,26.934,0.33799999999999997,Santa Marta,Colombia,10.45N,74.45W
1974-09-01,25.823,0.22,Santa Marta,Colombia,10.45N,74.45W
1974-10-01,25.701999999999998,0.217,Santa Marta,Colombia,10.45N,74.45W
1974-11-01,26.023000000000003,0.391,Santa Marta,Colombia,10.45N,74.45W
1974-12-01,26.098000000000006,0.302,Santa Marta,Colombia,10.45N,74.45W
1975-01-01,26.228,0.503,Santa Marta,Colombia,10.45N,74.45W
1975-02-01,26.794,0.256,Santa Marta,Colombia,10.45N,74.45W
1975-03-01,27.752,0.26899999999999996,Santa Marta,Colombia,10.45N,74.45W
1975-04-01,27.338,0.753,Santa Marta,Colombia,10.45N,74.45W
1975-05-01,27.346,0.32799999999999996,Santa Marta,Colombia,10.45N,74.45W
1975-06-01,26.997,0.366,Santa Marta,Colombia,10.45N,74.45W
1975-07-01,25.994,0.381,Santa Marta,Colombia,10.45N,74.45W
1975-08-01,26.276,0.466,Santa Marta,Colombia,10.45N,74.45W
1975-09-01,25.666999999999998,0.23800000000000002,Santa Marta,Colombia,10.45N,74.45W
1975-10-01,25.631,0.35100000000000003,Santa Marta,Colombia,10.45N,74.45W
1975-11-01,25.856,0.239,Santa Marta,Colombia,10.45N,74.45W
1975-12-01,25.191999999999997,0.32,Santa Marta,Colombia,10.45N,74.45W
1976-01-01,25.686,0.217,Santa Marta,Colombia,10.45N,74.45W
1976-02-01,26.348000000000006,0.299,Santa Marta,Colombia,10.45N,74.45W
1976-03-01,27.098000000000006,0.23800000000000002,Santa Marta,Colombia,10.45N,74.45W
1976-04-01,27.215,0.302,Santa Marta,Colombia,10.45N,74.45W
1976-05-01,27.568,0.392,Santa Marta,Colombia,10.45N,74.45W
1976-06-01,26.73,0.235,Santa Marta,Colombia,10.45N,74.45W
1976-07-01,27.119,0.523,Santa Marta,Colombia,10.45N,74.45W
1976-08-01,27.159000000000002,0.344,Santa Marta,Colombia,10.45N,74.45W
1976-09-01,27.089,0.302,Santa Marta,Colombia,10.45N,74.45W
1976-10-01,26.174,0.35700000000000004,Santa Marta,Colombia,10.45N,74.45W
1976-11-01,26.998,0.166,Santa Marta,Colombia,10.45N,74.45W
1976-12-01,26.493,0.254,Santa Marta,Colombia,10.45N,74.45W
1977-01-01,26.628,0.214,Santa Marta,Colombia,10.45N,74.45W
1977-02-01,27.515,0.266,Santa Marta,Colombia,10.45N,74.45W
1977-03-01,27.953000000000003,0.322,Santa Marta,Colombia,10.45N,74.45W
1977-04-01,27.886999999999997,0.256,Santa Marta,Colombia,10.45N,74.45W
1977-05-01,27.265,0.20800000000000002,Santa Marta,Colombia,10.45N,74.45W
1977-06-01,27.078000000000003,0.257,Santa Marta,Colombia,10.45N,74.45W
1977-07-01,27.096999999999998,0.47700000000000004,Santa Marta,Colombia,10.45N,74.45W
1977-08-01,27.081,0.38299999999999995,Santa Marta,Colombia,10.45N,74.45W
1977-09-01,27.07,0.271,Santa Marta,Colombia,10.45N,74.45W
1977-10-01,26.735,0.221,Santa Marta,Colombia,10.45N,74.45W
1977-11-01,26.92,0.285,Santa Marta,Colombia,10.45N,74.45W
1977-12-01,26.941000000000006,0.392,Santa Marta,Colombia,10.45N,74.45W
1978-01-01,26.732,0.218,Santa Marta,Colombia,10.45N,74.45W
1978-02-01,27.880000000000006,0.218,Santa Marta,Colombia,10.45N,74.45W
1978-03-01,28.206999999999997,0.348,Santa Marta,Colombia,10.45N,74.45W
1978-04-01,27.818,0.5429999999999999,Santa Marta,Colombia,10.45N,74.45W
1978-05-01,27.663,0.326,Santa Marta,Colombia,10.45N,74.45W
1978-06-01,27.013,0.267,Santa Marta,Colombia,10.45N,74.45W
1978-07-01,26.881,0.359,Santa Marta,Colombia,10.45N,74.45W
1978-08-01,27.101999999999997,0.24,Santa Marta,Colombia,10.45N,74.45W
1978-09-01,26.401,0.336,Santa Marta,Colombia,10.45N,74.45W
1978-10-01,26.241999999999997,0.302,Santa Marta,Colombia,10.45N,74.45W
1978-11-01,26.899,0.187,Santa Marta,Colombia,10.45N,74.45W
1978-12-01,26.394,0.27699999999999997,Santa Marta,Colombia,10.45N,74.45W
1979-01-01,26.53,0.34700000000000003,Santa Marta,Colombia,10.45N,74.45W
1979-02-01,27.886999999999997,0.54,Santa Marta,Colombia,10.45N,74.45W
1979-03-01,28.226999999999997,0.503,Santa Marta,Colombia,10.45N,74.45W
1979-04-01,27.868,0.358,Santa Marta,Colombia,10.45N,74.45W
1979-05-01,27.833000000000002,0.469,Santa Marta,Colombia,10.45N,74.45W
1979-06-01,26.965,0.32799999999999996,Santa Marta,Colombia,10.45N,74.45W
1979-07-01,27.182,0.312,Santa Marta,Colombia,10.45N,74.45W
1979-08-01,27.039,0.32799999999999996,Santa Marta,Colombia,10.45N,74.45W
1979-09-01,26.525,0.134,Santa Marta,Colombia,10.45N,74.45W
1979-10-01,26.656999999999996,0.255,Santa Marta,Colombia,10.45N,74.45W
1979-11-01,26.859,0.22399999999999998,Santa Marta,Colombia,10.45N,74.45W
1979-12-01,26.649,0.41100000000000003,Santa Marta,Colombia,10.45N,74.45W
1980-01-01,27.095,0.33799999999999997,Santa Marta,Colombia,10.45N,74.45W
1980-02-01,27.354000000000006,0.444,Santa Marta,Colombia,10.45N,74.45W
1980-03-01,28.019,0.514,Santa Marta,Colombia,10.45N,74.45W
1980-04-01,28.272,0.226,Santa Marta,Colombia,10.45N,74.45W
1980-05-01,28.168000000000003,0.307,Santa Marta,Colombia,10.45N,74.45W
1980-06-01,27.676,0.27899999999999997,Santa Marta,Colombia,10.45N,74.45W
1980-07-01,27.250999999999998,0.221,Santa Marta,Colombia,10.45N,74.45W
1980-08-01,27.072,0.264,Santa Marta,Colombia,10.45N,74.45W
1980-09-01,27.244,0.251,Santa Marta,Colombia,10.45N,74.45W
1980-10-01,26.528,0.21,Santa Marta,Colombia,10.45N,74.45W
1980-11-01,26.729,0.307,Santa Marta,Colombia,10.45N,74.45W
1980-12-01,26.574,0.16,Santa Marta,Colombia,10.45N,74.45W
1981-01-01,27.028000000000002,0.449,Santa Marta,Colombia,10.45N,74.45W
1981-02-01,27.765,0.369,Santa Marta,Colombia,10.45N,74.45W
1981-03-01,28.357,0.535,Santa Marta,Colombia,10.45N,74.45W
1981-04-01,27.475,0.516,Santa Marta,Colombia,10.45N,74.45W
1981-05-01,27.045,0.27699999999999997,Santa Marta,Colombia,10.45N,74.45W
1981-06-01,26.776,0.337,Santa Marta,Colombia,10.45N,74.45W
1981-07-01,27.000999999999998,0.19399999999999998,Santa Marta,Colombia,10.45N,74.45W
1981-08-01,26.673,0.261,Santa Marta,Colombia,10.45N,74.45W
1981-09-01,26.607000000000006,0.335,Santa Marta,Colombia,10.45N,74.45W
1981-10-01,26.14,0.36700000000000005,Santa Marta,Colombia,10.45N,74.45W
1981-11-01,26.823,0.212,Santa Marta,Colombia,10.45N,74.45W
1981-12-01,26.799000000000003,0.175,Santa Marta,Colombia,10.45N,74.45W
1982-01-01,26.529,0.301,Santa Marta,Colombia,10.45N,74.45W
1982-02-01,27.344,0.445,Santa Marta,Colombia,10.45N,74.45W
1982-03-01,27.72,0.233,Santa Marta,Colombia,10.45N,74.45W
1982-04-01,27.589,0.188,Santa Marta,Colombia,10.45N,74.45W
1982-05-01,27.207,0.19399999999999998,Santa Marta,Colombia,10.45N,74.45W
1982-06-01,27.258000000000003,0.475,Santa Marta,Colombia,10.45N,74.45W
1982-07-01,27.075,0.436,Santa Marta,Colombia,10.45N,74.45W
1982-08-01,27.585,0.245,Santa Marta,Colombia,10.45N,74.45W
1982-09-01,26.989,0.242,Santa Marta,Colombia,10.45N,74.45W
1982-10-01,26.160999999999998,0.27899999999999997,Santa Marta,Colombia,10.45N,74.45W
1982-11-01,26.957,0.254,Santa Marta,Colombia,10.45N,74.45W
1982-12-01,26.684,0.201,Santa Marta,Colombia,10.45N,74.45W
1983-01-01,27.447,0.39399999999999996,Santa Marta,Colombia,10.45N,74.45W
1983-02-01,27.865,0.223,Santa Marta,Colombia,10.45N,74.45W
1983-03-01,29.061999999999998,0.395,Santa Marta,Colombia,10.45N,74.45W
1983-04-01,28.39,0.215,Santa Marta,Colombia,10.45N,74.45W
1983-05-01,28.416,0.386,Santa Marta,Colombia,10.45N,74.45W
1983-06-01,27.951999999999998,0.445,Santa Marta,Colombia,10.45N,74.45W
1983-07-01,27.496,0.14300000000000002,Santa Marta,Colombia,10.45N,74.45W
1983-08-01,27.619,0.18,Santa Marta,Colombia,10.45N,74.45W
1983-09-01,27.301,0.204,Santa Marta,Colombia,10.45N,74.45W
1983-10-01,26.48,0.20199999999999999,Santa Marta,Colombia,10.45N,74.45W
1983-11-01,27.203000000000003,0.217,Santa Marta,Colombia,10.45N,74.45W
1983-12-01,26.745,0.375,Santa Marta,Colombia,10.45N,74.45W
1984-01-01,26.901999999999997,0.6459999999999999,Santa Marta,Colombia,10.45N,74.45W
1984-02-01,27.659,0.299,Santa Marta,Colombia,10.45N,74.45W
1984-03-01,28.103,0.306,Santa Marta,Colombia,10.45N,74.45W
1984-04-01,27.914,0.19399999999999998,Santa Marta,Colombia,10.45N,74.45W
1984-05-01,27.638,0.187,Santa Marta,Colombia,10.45N,74.45W
1984-06-01,26.962,0.266,Santa Marta,Colombia,10.45N,74.45W
1984-07-01,26.219,0.314,Santa Marta,Colombia,10.45N,74.45W
1984-08-01,26.430999999999997,0.22699999999999998,Santa Marta,Colombia,10.45N,74.45W
1984-09-01,26.061999999999998,0.271,Santa Marta,Colombia,10.45N,74.45W
1984-10-01,26.087,0.23199999999999998,Santa Marta,Colombia,10.45N,74.45W
1984-11-01,25.991,0.17800000000000002,Santa Marta,Colombia,10.45N,74.45W
1984-12-01,25.816000000000006,0.23199999999999998,Santa Marta,Colombia,10.45N,74.45W
1985-01-01,25.66,0.249,Santa Marta,Colombia,10.45N,74.45W
1985-02-01,27.188,0.361,Santa Marta,Colombia,10.45N,74.45W
1985-03-01,27.416,0.282,Santa Marta,Colombia,10.45N,74.45W
1985-04-01,27.389000000000006,0.353,Santa Marta,Colombia,10.45N,74.45W
1985-05-01,27.599,0.254,Santa Marta,Colombia,10.45N,74.45W
1985-06-01,27.224,0.409,Santa Marta,Colombia,10.45N,74.45W
1985-07-01,26.91,0.34700000000000003,Santa Marta,Colombia,10.45N,74.45W
1985-08-01,26.666,0.251,Santa Marta,Colombia,10.45N,74.45W
1985-09-01,26.467,0.23199999999999998,Santa Marta,Colombia,10.45N,74.45W
1985-10-01,26.148000000000003,0.29600000000000004,Santa Marta,Colombia,10.45N,74.45W
1985-11-01,26.275,0.13699999999999998,Santa Marta,Colombia,10.45N,74.45W
1985-12-01,25.726999999999997,0.22899999999999998,Santa Marta,Colombia,10.45N,74.45W
1986-01-01,26.287,0.297,Santa Marta,Colombia,10.45N,74.45W
1986-02-01,26.723000000000006,0.5589999999999999,Santa Marta,Colombia,10.45N,74.45W
1986-03-01,27.813,0.6779999999999999,Santa Marta,Colombia,10.45N,74.45W
1986-04-01,27.836,0.447,Santa Marta,Colombia,10.45N,74.45W
1986-05-01,27.661,0.529,Santa Marta,Colombia,10.45N,74.45W
1986-06-01,27.031999999999996,0.38799999999999996,Santa Marta,Colombia,10.45N,74.45W
1986-07-01,27.17,0.465,Santa Marta,Colombia,10.45N,74.45W
1986-08-01,27.121,0.485,Santa Marta,Colombia,10.45N,74.45W
1986-09-01,26.892000000000003,0.222,Santa Marta,Colombia,10.45N,74.45W
1986-10-01,25.752,0.531,Santa Marta,Colombia,10.45N,74.45W
1986-11-01,26.544,0.597,Santa Marta,Colombia,10.45N,74.45W
1986-12-01,26.296000000000006,0.249,Santa Marta,Colombia,10.45N,74.45W
1987-01-01,26.858,0.139,Santa Marta,Colombia,10.45N,74.45W
1987-02-01,27.809,0.7509999999999999,Santa Marta,Colombia,10.45N,74.45W
1987-03-01,28.487,0.613,Santa Marta,Colombia,10.45N,74.45W
1987-04-01,28.679,0.408,Santa Marta,Colombia,10.45N,74.45W
1987-05-01,27.941,0.317,Santa Marta,Colombia,10.45N,74.45W
1987-06-01,28.221999999999998,0.195,Santa Marta,Colombia,10.45N,74.45W
1987-07-01,27.324,0.348,Santa Marta,Colombia,10.45N,74.45W
1987-08-01,27.581,0.225,Santa Marta,Colombia,10.45N,74.45W
1987-09-01,27.19,0.16,Santa Marta,Colombia,10.45N,74.45W
1987-10-01,26.403,0.513,Santa Marta,Colombia,10.45N,74.45W
1987-11-01,27.427,0.26899999999999996,Santa Marta,Colombia,10.45N,74.45W
1987-12-01,27.217,0.307,Santa Marta,Colombia,10.45N,74.45W
1988-01-01,26.614,0.27899999999999997,Santa Marta,Colombia,10.45N,74.45W
1988-02-01,27.586,0.153,Santa Marta,Colombia,10.45N,74.45W
1988-03-01,28.148000000000003,0.203,Santa Marta,Colombia,10.45N,74.45W
1988-04-01,28.375,0.484,Santa Marta,Colombia,10.45N,74.45W
1988-05-01,28.34,0.428,Santa Marta,Colombia,10.45N,74.45W
1988-06-01,26.964,0.652,Santa Marta,Colombia,10.45N,74.45W
1988-07-01,26.808000000000003,0.27399999999999997,Santa Marta,Colombia,10.45N,74.45W
1988-08-01,25.993,0.315,Santa Marta,Colombia,10.45N,74.45W
1988-09-01,26.204,0.293,Santa Marta,Colombia,10.45N,74.45W
1988-10-01,26.124,0.15,Santa Marta,Colombia,10.45N,74.45W
1988-11-01,26.392,0.10800000000000001,Santa Marta,Colombia,10.45N,74.45W
1988-12-01,25.691000000000006,0.215,Santa Marta,Colombia,10.45N,74.45W
1989-01-01,26.003,0.23399999999999999,Santa Marta,Colombia,10.45N,74.45W
1989-02-01,26.426,0.20800000000000002,Santa Marta,Colombia,10.45N,74.45W
1989-03-01,27.603,0.21,Santa Marta,Colombia,10.45N,74.45W
1989-04-01,27.660999999999998,0.373,Santa Marta,Colombia,10.45N,74.45W
1989-05-01,27.432,0.368,Santa Marta,Colombia,10.45N,74.45W
1989-06-01,26.909000000000002,0.23600000000000002,Santa Marta,Colombia,10.45N,74.45W
1989-07-01,27.003,0.348,Santa Marta,Colombia,10.45N,74.45W
1989-08-01,26.965,0.271,Santa Marta,Colombia,10.45N,74.45W
1989-09-01,26.233,0.332,Santa Marta,Colombia,10.45N,74.45W
1989-10-01,26.409,0.19899999999999998,Santa Marta,Colombia,10.45N,74.45W
1989-11-01,26.724,0.223,Santa Marta,Colombia,10.45N,74.45W
1989-12-01,25.979000000000006,0.321,Santa Marta,Colombia,10.45N,74.45W
1990-01-01,26.590999999999998,0.375,Santa Marta,Colombia,10.45N,74.45W
1990-02-01,26.736,0.34600000000000003,Santa Marta,Colombia,10.45N,74.45W
1990-03-01,27.695,0.27,Santa Marta,Colombia,10.45N,74.45W
1990-04-01,28.040000000000006,0.228,Santa Marta,Colombia,10.45N,74.45W
1990-05-01,27.923000000000002,0.509,Santa Marta,Colombia,10.45N,74.45W
1990-06-01,27.906,0.495,Santa Marta,Colombia,10.45N,74.45W
1990-07-01,27.486,0.312,Santa Marta,Colombia,10.45N,74.45W
1990-08-01,27.372,0.431,Santa Marta,Colombia,10.45N,74.45W
1990-09-01,27.43,0.41600000000000004,Santa Marta,Colombia,10.45N,74.45W
1990-10-01,26.148000000000003,0.34700000000000003,Santa Marta,Colombia,10.45N,74.45W
1990-11-01,26.906,0.35600000000000004,Santa Marta,Colombia,10.45N,74.45W
1990-12-01,26.380000000000006,0.298,Santa Marta,Colombia,10.45N,74.45W
1991-01-01,26.635,0.335,Santa Marta,Colombia,10.45N,74.45W
1991-02-01,27.41,0.226,Santa Marta,Colombia,10.45N,74.45W
1991-03-01,28.254,0.244,Santa Marta,Colombia,10.45N,74.45W
1991-04-01,28.221,0.212,Santa Marta,Colombia,10.45N,74.45W
1991-05-01,27.851999999999997,0.2,Santa Marta,Colombia,10.45N,74.45W
1991-06-01,27.636,0.198,Santa Marta,Colombia,10.45N,74.45W
1991-07-01,27.241,0.389,Santa Marta,Colombia,10.45N,74.45W
1991-08-01,27.557,0.22,Santa Marta,Colombia,10.45N,74.45W
1991-09-01,27.21,0.135,Santa Marta,Colombia,10.45N,74.45W
1991-10-01,26.508000000000003,0.145,Santa Marta,Colombia,10.45N,74.45W
1991-11-01,26.842,0.20600000000000002,Santa Marta,Colombia,10.45N,74.45W
1991-12-01,26.234,0.42200000000000004,Santa Marta,Colombia,10.45N,74.45W
1992-01-01,26.804,0.368,Santa Marta,Colombia,10.45N,74.45W
1992-02-01,27.991,0.58,Santa Marta,Colombia,10.45N,74.45W
1992-03-01,28.331,0.36,Santa Marta,Colombia,10.45N,74.45W
1992-04-01,28.495,0.18899999999999997,Santa Marta,Colombia,10.45N,74.45W
1992-05-01,28.068,0.32799999999999996,Santa Marta,Colombia,10.45N,74.45W
1992-06-01,27.826,0.379,Santa Marta,Colombia,10.45N,74.45W
1992-07-01,26.766,0.727,Santa Marta,Colombia,10.45N,74.45W
1992-08-01,27.003,0.198,Santa Marta,Colombia,10.45N,74.45W
1992-09-01,26.695,0.36200000000000004,Santa Marta,Colombia,10.45N,74.45W
1992-10-01,26.886,0.396,Santa Marta,Colombia,10.45N,74.45W
1992-11-01,26.967,0.34,Santa Marta,Colombia,10.45N,74.45W
1992-12-01,26.701,0.358,Santa Marta,Colombia,10.45N,74.45W
1993-01-01,26.986,0.391,Santa Marta,Colombia,10.45N,74.45W
1993-02-01,27.873,0.77,Santa Marta,Colombia,10.45N,74.45W
1993-03-01,28.59,0.574,Santa Marta,Colombia,10.45N,74.45W
1993-04-01,28.621,0.406,Santa Marta,Colombia,10.45N,74.45W
1993-05-01,27.7,0.292,Santa Marta,Colombia,10.45N,74.45W
1993-06-01,27.759,0.221,Santa Marta,Colombia,10.45N,74.45W
1993-07-01,27.213,0.272,Santa Marta,Colombia,10.45N,74.45W
1993-08-01,27.261999999999997,0.258,Santa Marta,Colombia,10.45N,74.45W
1993-09-01,26.44,0.379,Santa Marta,Colombia,10.45N,74.45W
1993-10-01,27.026,0.26899999999999996,Santa Marta,Colombia,10.45N,74.45W
1993-11-01,26.771,0.303,Santa Marta,Colombia,10.45N,74.45W
1993-12-01,26.829,0.135,Santa Marta,Colombia,10.45N,74.45W
1994-01-01,26.559,0.301,Santa Marta,Colombia,10.45N,74.45W
1994-02-01,27.175,0.23399999999999999,Santa Marta,Colombia,10.45N,74.45W
1994-03-01,27.987,0.311,Santa Marta,Colombia,10.45N,74.45W
1994-04-01,27.921000000000006,0.29100000000000004,Santa Marta,Colombia,10.45N,74.45W
1994-05-01,27.721,0.196,Santa Marta,Colombia,10.45N,74.45W
1994-06-01,27.491,0.27399999999999997,Santa Marta,Colombia,10.45N,74.45W
1994-07-01,27.125,0.324,Santa Marta,Colombia,10.45N,74.45W
1994-08-01,27.183000000000003,0.14,Santa Marta,Colombia,10.45N,74.45W
1994-09-01,27.339,0.292,Santa Marta,Colombia,10.45N,74.45W
1994-10-01,26.353,0.203,Santa Marta,Colombia,10.45N,74.45W
1994-11-01,26.574,0.387,Santa Marta,Colombia,10.45N,74.45W
1994-12-01,26.589,0.428,Santa Marta,Colombia,10.45N,74.45W
1995-01-01,27.128,0.22,Santa Marta,Colombia,10.45N,74.45W
1995-02-01,27.605,0.35,Santa Marta,Colombia,10.45N,74.45W
1995-03-01,28.134,0.612,Santa Marta,Colombia,10.45N,74.45W
1995-04-01,28.372,0.271,Santa Marta,Colombia,10.45N,74.45W
1995-05-01,28.047,0.37799999999999995,Santa Marta,Colombia,10.45N,74.45W
1995-06-01,27.471,0.295,Santa Marta,Colombia,10.45N,74.45W
1995-07-01,26.938000000000002,0.273,Santa Marta,Colombia,10.45N,74.45W
1995-08-01,26.674,0.326,Santa Marta,Colombia,10.45N,74.45W
1995-09-01,27.263,0.326,Santa Marta,Colombia,10.45N,74.45W
1995-10-01,26.116999999999997,0.214,Santa Marta,Colombia,10.45N,74.45W
1995-11-01,27.003,0.34600000000000003,Santa Marta,Colombia,10.45N,74.45W
1995-12-01,26.875999999999998,0.17300000000000001,Santa Marta,Colombia,10.45N,74.45W
1996-01-01,27.033,0.41100000000000003,Santa Marta,Colombia,10.45N,74.45W
1996-02-01,27.694000000000006,0.337,Santa Marta,Colombia,10.45N,74.45W
1996-03-01,27.881,0.746,Santa Marta,Colombia,10.45N,74.45W
1996-04-01,28.177000000000003,0.237,Santa Marta,Colombia,10.45N,74.45W
1996-05-01,27.5,0.252,Santa Marta,Colombia,10.45N,74.45W
1996-06-01,27.289,0.271,Santa Marta,Colombia,10.45N,74.45W
1996-07-01,26.741,0.267,Santa Marta,Colombia,10.45N,74.45W
1996-08-01,27.143,0.209,Santa Marta,Colombia,10.45N,74.45W
1996-09-01,26.91,0.226,Santa Marta,Colombia,10.45N,74.45W
1996-10-01,26.359,0.257,Santa Marta,Colombia,10.45N,74.45W
1996-11-01,26.419,0.307,Santa Marta,Colombia,10.45N,74.45W
1996-12-01,26.331000000000003,0.235,Santa Marta,Colombia,10.45N,74.45W
1997-01-01,26.503,0.264,Santa Marta,Colombia,10.45N,74.45W
1997-02-01,27.741999999999997,0.46299999999999997,Santa Marta,Colombia,10.45N,74.45W
1997-03-01,27.6,0.49700000000000005,Santa Marta,Colombia,10.45N,74.45W
1997-04-01,27.961,0.364,Santa Marta,Colombia,10.45N,74.45W
1997-05-01,28.288,0.281,Santa Marta,Colombia,10.45N,74.45W
1997-06-01,27.421999999999997,0.41200000000000003,Santa Marta,Colombia,10.45N,74.45W
1997-07-01,27.678,0.44299999999999995,Santa Marta,Colombia,10.45N,74.45W
1997-08-01,27.915,0.348,Santa Marta,Colombia,10.45N,74.45W
1997-09-01,27.469,0.271,Santa Marta,Colombia,10.45N,74.45W
1997-10-01,27.143,0.363,Santa Marta,Colombia,10.45N,74.45W
1997-11-01,27.214000000000002,0.345,Santa Marta,Colombia,10.45N,74.45W
1997-12-01,27.518,0.389,Santa Marta,Colombia,10.45N,74.45W
1998-01-01,27.744,0.42700000000000005,Santa Marta,Colombia,10.45N,74.45W
1998-02-01,28.814,0.27399999999999997,Santa Marta,Colombia,10.45N,74.45W
1998-03-01,28.769,0.324,Santa Marta,Colombia,10.45N,74.45W
1998-04-01,28.904,0.409,Santa Marta,Colombia,10.45N,74.45W
1998-05-01,28.364,0.318,Santa Marta,Colombia,10.45N,74.45W
1998-06-01,27.58,0.294,Santa Marta,Colombia,10.45N,74.45W
1998-07-01,27.163,0.204,Santa Marta,Colombia,10.45N,74.45W
1998-08-01,27.544,0.163,Santa Marta,Colombia,10.45N,74.45W
1998-09-01,27.05,0.292,Santa Marta,Colombia,10.45N,74.45W
1998-10-01,26.699,0.32,Santa Marta,Colombia,10.45N,74.45W
1998-11-01,26.882,0.392,Santa Marta,Colombia,10.45N,74.45W
1998-12-01,26.561999999999998,0.431,Santa Marta,Colombia,10.45N,74.45W
1999-01-01,26.605999999999998,0.237,Santa Marta,Colombia,10.45N,74.45W
1999-02-01,26.72,0.34,Santa Marta,Colombia,10.45N,74.45W
1999-03-01,27.963,0.237,Santa Marta,Colombia,10.45N,74.45W
1999-04-01,28.0,0.195,Santa Marta,Colombia,10.45N,74.45W
1999-05-01,27.761999999999997,0.245,Santa Marta,Colombia,10.45N,74.45W
1999-06-01,26.809,0.494,Santa Marta,Colombia,10.45N,74.45W
1999-07-01,26.980999999999998,0.217,Santa Marta,Colombia,10.45N,74.45W
1999-08-01,26.524,0.409,Santa Marta,Colombia,10.45N,74.45W
1999-09-01,26.051,0.623,Santa Marta,Colombia,10.45N,74.45W
1999-10-01,25.730999999999998,0.40399999999999997,Santa Marta,Colombia,10.45N,74.45W
1999-11-01,26.223000000000003,0.47600000000000003,Santa Marta,Colombia,10.45N,74.45W
1999-12-01,25.811,0.535,Santa Marta,Colombia,10.45N,74.45W
2000-01-01,25.906999999999996,0.293,Santa Marta,Colombia,10.45N,74.45W
2000-02-01,26.766,0.258,Santa Marta,Colombia,10.45N,74.45W
2000-03-01,27.351999999999997,0.319,Santa Marta,Colombia,10.45N,74.45W
2000-04-01,27.729000000000006,0.185,Santa Marta,Colombia,10.45N,74.45W
2000-05-01,27.566,0.27699999999999997,Santa Marta,Colombia,10.45N,74.45W
2000-06-01,27.095,0.26,Santa Marta,Colombia,10.45N,74.45W
2000-07-01,27.006,0.31,Santa Marta,Colombia,10.45N,74.45W
2000-08-01,27.397,0.179,Santa Marta,Colombia,10.45N,74.45W
2000-09-01,26.607000000000006,0.23,Santa Marta,Colombia,10.45N,74.45W
2000-10-01,26.964,0.261,Santa Marta,Colombia,10.45N,74.45W
2000-11-01,26.838,0.358,Santa Marta,Colombia,10.45N,74.45W
2000-12-01,26.57,0.406,Santa Marta,Colombia,10.45N,74.45W
2001-01-01,26.802,0.65,Santa Marta,Colombia,10.45N,74.45W
2001-02-01,27.123,1.008,Santa Marta,Colombia,10.45N,74.45W
2001-03-01,27.869,0.457,Santa Marta,Colombia,10.45N,74.45W
2001-04-01,27.765,0.39799999999999996,Santa Marta,Colombia,10.45N,74.45W
2001-05-01,27.643,0.287,Santa Marta,Colombia,10.45N,74.45W
2001-06-01,27.198,0.5670000000000001,Santa Marta,Colombia,10.45N,74.45W
2001-07-01,27.048,0.26,Santa Marta,Colombia,10.45N,74.45W
2001-08-01,27.842,0.257,Santa Marta,Colombia,10.45N,74.45W
2001-09-01,26.991999999999997,0.687,Santa Marta,Colombia,10.45N,74.45W
2001-10-01,26.84,0.43700000000000006,Santa Marta,Colombia,10.45N,74.45W
2001-11-01,26.874000000000002,0.35,Santa Marta,Colombia,10.45N,74.45W
2001-12-01,27.326999999999998,0.2,Santa Marta,Colombia,10.45N,74.45W
2002-01-01,27.691,0.36700000000000005,Santa Marta,Colombia,10.45N,74.45W
2002-02-01,27.895,0.599,Santa Marta,Colombia,10.45N,74.45W
2002-03-01,28.656999999999996,0.816,Santa Marta,Colombia,10.45N,74.45W
2002-04-01,28.268,0.32299999999999995,Santa Marta,Colombia,10.45N,74.45W
2002-05-01,28.429000000000002,0.215,Santa Marta,Colombia,10.45N,74.45W
2002-06-01,27.518,0.21100000000000002,Santa Marta,Colombia,10.45N,74.45W
2002-07-01,27.395,0.552,Santa Marta,Colombia,10.45N,74.45W
2002-08-01,27.733,0.348,Santa Marta,Colombia,10.45N,74.45W
2002-09-01,27.256,0.51,Santa Marta,Colombia,10.45N,74.45W
2002-10-01,27.265,0.321,Santa Marta,Colombia,10.45N,74.45W
2002-11-01,27.582,0.209,Santa Marta,Colombia,10.45N,74.45W
2002-12-01,27.561,0.21899999999999997,Santa Marta,Colombia,10.45N,74.45W
2003-01-01,27.750999999999998,0.486,Santa Marta,Colombia,10.45N,74.45W
2003-02-01,28.592,0.27699999999999997,Santa Marta,Colombia,10.45N,74.45W
2003-03-01,28.647,0.235,Santa Marta,Colombia,10.45N,74.45W
2003-04-01,28.489,0.237,Santa Marta,Colombia,10.45N,74.45W
2003-05-01,28.484,0.243,Santa Marta,Colombia,10.45N,74.45W
2003-06-01,27.307,0.9470000000000001,Santa Marta,Colombia,10.45N,74.45W
2003-07-01,27.236,0.37,Santa Marta,Colombia,10.45N,74.45W
2003-08-01,27.546,0.309,Santa Marta,Colombia,10.45N,74.45W
2003-09-01,27.491999999999997,0.32799999999999996,Santa Marta,Colombia,10.45N,74.45W
2003-10-01,26.989,0.56,Santa Marta,Colombia,10.45N,74.45W
2003-11-01,27.21,0.21,Santa Marta,Colombia,10.45N,74.45W
2003-12-01,26.846999999999998,0.2,Santa Marta,Colombia,10.45N,74.45W
2004-01-01,26.799,0.319,Santa Marta,Colombia,10.45N,74.45W
2004-02-01,28.016,0.249,Santa Marta,Colombia,10.45N,74.45W
2004-03-01,28.621,0.359,Santa Marta,Colombia,10.45N,74.45W
2004-04-01,28.24,0.342,Santa Marta,Colombia,10.45N,74.45W
2004-05-01,27.779,0.257,Santa Marta,Colombia,10.45N,74.45W
2004-06-01,27.628,0.28800000000000003,Santa Marta,Colombia,10.45N,74.45W
2004-07-01,26.858,0.27399999999999997,Santa Marta,Colombia,10.45N,74.45W
2004-08-01,27.381999999999998,0.214,Santa Marta,Colombia,10.45N,74.45W
2004-09-01,26.601999999999997,0.214,Santa Marta,Colombia,10.45N,74.45W
2004-10-01,26.619,0.379,Santa Marta,Colombia,10.45N,74.45W
2004-11-01,26.507,0.11800000000000001,Santa Marta,Colombia,10.45N,74.45W
2004-12-01,26.605999999999998,0.145,Santa Marta,Colombia,10.45N,74.45W
2005-01-01,27.250999999999998,0.431,Santa Marta,Colombia,10.45N,74.45W
2005-02-01,27.826,0.37200000000000005,Santa Marta,Colombia,10.45N,74.45W
2005-03-01,29.158,0.265,Santa Marta,Colombia,10.45N,74.45W
2005-04-01,28.956999999999997,0.244,Santa Marta,Colombia,10.45N,74.45W
2005-05-01,28.084,0.237,Santa Marta,Colombia,10.45N,74.45W
2005-06-01,27.741999999999997,0.281,Santa Marta,Colombia,10.45N,74.45W
2005-07-01,27.635,0.289,Santa Marta,Colombia,10.45N,74.45W
2005-08-01,27.349,0.26,Santa Marta,Colombia,10.45N,74.45W
2005-09-01,27.340999999999998,0.28600000000000003,Santa Marta,Colombia,10.45N,74.45W
2005-10-01,26.26,0.455,Santa Marta,Colombia,10.45N,74.45W
2005-11-01,26.393,0.21,Santa Marta,Colombia,10.45N,74.45W
2005-12-01,26.679,0.26899999999999996,Santa Marta,Colombia,10.45N,74.45W
2006-01-01,27.06,0.376,Santa Marta,Colombia,10.45N,74.45W
2006-02-01,27.695,0.337,Santa Marta,Colombia,10.45N,74.45W
2006-03-01,28.285999999999998,0.308,Santa Marta,Colombia,10.45N,74.45W
2006-04-01,28.081000000000003,0.381,Santa Marta,Colombia,10.45N,74.45W
2006-05-01,27.996,0.4,Santa Marta,Colombia,10.45N,74.45W
2006-06-01,27.467,0.201,Santa Marta,Colombia,10.45N,74.45W
2006-07-01,27.36,0.18600000000000003,Santa Marta,Colombia,10.45N,74.45W
2006-08-01,27.52,0.187,Santa Marta,Colombia,10.45N,74.45W
2006-09-01,27.413,0.262,Santa Marta,Colombia,10.45N,74.45W
2006-10-01,27.078000000000003,0.298,Santa Marta,Colombia,10.45N,74.45W
2006-11-01,27.001,0.28300000000000003,Santa Marta,Colombia,10.45N,74.45W
2006-12-01,27.218000000000004,0.275,Santa Marta,Colombia,10.45N,74.45W
2007-01-01,27.206999999999997,0.905,Santa Marta,Colombia,10.45N,74.45W
2007-02-01,28.213,0.259,Santa Marta,Colombia,10.45N,74.45W
2007-03-01,28.646,0.212,Santa Marta,Colombia,10.45N,74.45W
2007-04-01,28.368,0.142,Santa Marta,Colombia,10.45N,74.45W
2007-05-01,27.873,0.23199999999999998,Santa Marta,Colombia,10.45N,74.45W
2007-06-01,27.765,0.221,Santa Marta,Colombia,10.45N,74.45W
2007-07-01,27.575,0.26,Santa Marta,Colombia,10.45N,74.45W
2007-08-01,26.783,0.23199999999999998,Santa Marta,Colombia,10.45N,74.45W
2007-09-01,27.059,0.37799999999999995,Santa Marta,Colombia,10.45N,74.45W
2007-10-01,26.101,0.35600000000000004,Santa Marta,Colombia,10.45N,74.45W
2007-11-01,26.943,0.272,Santa Marta,Colombia,10.45N,74.45W
2007-12-01,26.899,0.313,Santa Marta,Colombia,10.45N,74.45W
2008-01-01,26.838,0.263,Santa Marta,Colombia,10.45N,74.45W
2008-02-01,27.521,0.316,Santa Marta,Colombia,10.45N,74.45W
2008-03-01,27.921999999999997,0.20199999999999999,Santa Marta,Colombia,10.45N,74.45W
2008-04-01,28.17,0.306,Santa Marta,Colombia,10.45N,74.45W
2008-05-01,27.7,0.303,Santa Marta,Colombia,10.45N,74.45W
2008-06-01,27.373,0.436,Santa Marta,Colombia,10.45N,74.45W
2008-07-01,26.88,0.156,Santa Marta,Colombia,10.45N,74.45W
2008-08-01,26.713,0.33799999999999997,Santa Marta,Colombia,10.45N,74.45W
2008-09-01,27.041999999999998,0.41600000000000004,Santa Marta,Colombia,10.45N,74.45W
2008-10-01,26.554,0.275,Santa Marta,Colombia,10.45N,74.45W
2008-11-01,26.519000000000002,0.21600000000000003,Santa Marta,Colombia,10.45N,74.45W
2008-12-01,26.666999999999998,0.309,Santa Marta,Colombia,10.45N,74.45W
2009-01-01,27.026999999999997,0.223,Santa Marta,Colombia,10.45N,74.45W
2009-02-01,27.583,0.45299999999999996,Santa Marta,Colombia,10.45N,74.45W
2009-03-01,27.790000000000006,0.47,Santa Marta,Colombia,10.45N,74.45W
2009-04-01,28.399,0.461,Santa Marta,Colombia,10.45N,74.45W
2009-05-01,27.868000000000002,0.34600000000000003,Santa Marta,Colombia,10.45N,74.45W
2009-06-01,27.319000000000003,0.336,Santa Marta,Colombia,10.45N,74.45W
2009-07-01,27.576,0.45299999999999996,Santa Marta,Colombia,10.45N,74.45W
2009-08-01,27.668000000000003,0.369,Santa Marta,Colombia,10.45N,74.45W
2009-09-01,28.089,0.29600000000000004,Santa Marta,Colombia,10.45N,74.45W
2009-10-01,27.311999999999998,0.359,Santa Marta,Colombia,10.45N,74.45W
2009-11-01,27.655,0.36,Santa Marta,Colombia,10.45N,74.45W
2009-12-01,27.881999999999998,0.47600000000000003,Santa Marta,Colombia,10.45N,74.45W
2010-01-01,27.881999999999998,0.5720000000000001,Santa Marta,Colombia,10.45N,74.45W
2010-02-01,28.86,0.18899999999999997,Santa Marta,Colombia,10.45N,74.45W
2010-03-01,29.634,0.539,Santa Marta,Colombia,10.45N,74.45W
2010-04-01,28.869,0.5660000000000001,Santa Marta,Colombia,10.45N,74.45W
2010-05-01,28.625,0.278,Santa Marta,Colombia,10.45N,74.45W
2010-06-01,27.46,0.35200000000000004,Santa Marta,Colombia,10.45N,74.45W
2010-07-01,26.808000000000003,0.353,Santa Marta,Colombia,10.45N,74.45W
2010-08-01,26.868000000000002,0.358,Santa Marta,Colombia,10.45N,74.45W
2010-09-01,26.656,0.368,Santa Marta,Colombia,10.45N,74.45W
2010-10-01,26.683000000000003,0.141,Santa Marta,Colombia,10.45N,74.45W
2010-11-01,26.035,0.147,Santa Marta,Colombia,10.45N,74.45W
2010-12-01,26.121,0.297,Santa Marta,Colombia,10.45N,74.45W
2011-01-01,27.155,0.282,Santa Marta,Colombia,10.45N,74.45W
2011-02-01,27.469,0.39299999999999996,Santa Marta,Colombia,10.45N,74.45W
2011-03-01,27.781999999999996,0.32899999999999996,Santa Marta,Colombia,10.45N,74.45W
2011-04-01,27.945,0.31,Santa Marta,Colombia,10.45N,74.45W
2011-05-01,27.588,0.39399999999999996,Santa Marta,Colombia,10.45N,74.45W
2011-06-01,27.416999999999998,0.223,Santa Marta,Colombia,10.45N,74.45W
2011-07-01,27.073,0.135,Santa Marta,Colombia,10.45N,74.45W
2011-08-01,27.338,0.271,Santa Marta,Colombia,10.45N,74.45W
2011-09-01,27.206000000000003,0.222,Santa Marta,Colombia,10.45N,74.45W
2011-10-01,26.035,0.46799999999999997,Santa Marta,Colombia,10.45N,74.45W
2011-11-01,26.582,0.32299999999999995,Santa Marta,Colombia,10.45N,74.45W
2011-12-01,26.541,0.307,Santa Marta,Colombia,10.45N,74.45W
2012-01-01,26.783,0.29600000000000004,Santa Marta,Colombia,10.45N,74.45W
2012-02-01,27.529,0.33299999999999996,Santa Marta,Colombia,10.45N,74.45W
2012-03-01,28.393,0.26,Santa Marta,Colombia,10.45N,74.45W
2012-04-01,27.979000000000006,0.435,Santa Marta,Colombia,10.45N,74.45W
2012-05-01,28.025,0.43799999999999994,Santa Marta,Colombia,10.45N,74.45W
2012-06-01,27.916999999999998,0.22899999999999998,Santa Marta,Colombia,10.45N,74.45W
2012-07-01,27.673,0.507,Santa Marta,Colombia,10.45N,74.45W
2012-08-01,27.401999999999997,0.545,Santa Marta,Colombia,10.45N,74.45W
2012-09-01,27.448,0.862,Santa Marta,Colombia,10.45N,74.45W
2012-10-01,26.701,0.41200000000000003,Santa Marta,Colombia,10.45N,74.45W
2012-11-01,27.408,0.701,Santa Marta,Colombia,10.45N,74.45W
2012-12-01,27.426,0.818,Santa Marta,Colombia,10.45N,74.45W
2013-01-01,26.785999999999998,0.574,Santa Marta,Colombia,10.45N,74.45W
2013-02-01,27.25,1.722,Santa Marta,Colombia,10.45N,74.45W
2013-03-01,28.24,1.685,Santa Marta,Colombia,10.45N,74.45W
2013-04-01,28.583,0.71,Santa Marta,Colombia,10.45N,74.45W
2013-05-01,27.87,0.478,Santa Marta,Colombia,10.45N,74.45W
2013-06-01,27.405,0.846,Santa Marta,Colombia,10.45N,74.45W
2013-07-01,27.605999999999998,0.532,Santa Marta,Colombia,10.45N,74.45W
2013-08-01,27.026999999999997,0.419,Santa Marta,Colombia,10.45N,74.45W
2013-09-01,,,Santa Marta,Colombia,10.45N,74.45W
1851-01-01,26.396,1.183,Santa Rita,Brazil,7.23S,34.86W
1851-02-01,26.171,1.295,Santa Rita,Brazil,7.23S,34.86W
1851-03-01,25.308000000000003,1.354,Santa Rita,Brazil,7.23S,34.86W
1851-04-01,25.005,1.494,Santa Rita,Brazil,7.23S,34.86W
1851-05-01,24.908,1.218,Santa Rita,Brazil,7.23S,34.86W
1851-06-01,24.235,1.1840000000000002,Santa Rita,Brazil,7.23S,34.86W
1851-07-01,24.103,1.431,Santa Rita,Brazil,7.23S,34.86W
1851-08-01,23.837,1.37,Santa Rita,Brazil,7.23S,34.86W
1851-09-01,23.99,1.067,Santa Rita,Brazil,7.23S,34.86W
1851-10-01,24.982,1.547,Santa Rita,Brazil,7.23S,34.86W
1851-11-01,24.985,1.237,Santa Rita,Brazil,7.23S,34.86W
1851-12-01,25.796999999999997,2.188,Santa Rita,Brazil,7.23S,34.86W
1852-01-01,26.248,1.8159999999999998,Santa Rita,Brazil,7.23S,34.86W
1852-02-01,25.836,1.317,Santa Rita,Brazil,7.23S,34.86W
1852-03-01,25.246,1.565,Santa Rita,Brazil,7.23S,34.86W
1852-04-01,25.136,1.431,Santa Rita,Brazil,7.23S,34.86W
1852-05-01,25.205,1.272,Santa Rita,Brazil,7.23S,34.86W
1852-06-01,24.182,1.22,Santa Rita,Brazil,7.23S,34.86W
1852-07-01,23.97,1.339,Santa Rita,Brazil,7.23S,34.86W
1852-08-01,23.29,1.205,Santa Rita,Brazil,7.23S,34.86W
1852-09-01,23.866000000000003,1.138,Santa Rita,Brazil,7.23S,34.86W
1852-10-01,24.75,1.058,Santa Rita,Brazil,7.23S,34.86W
1852-11-01,24.868000000000002,1.258,Santa Rita,Brazil,7.23S,34.86W
1852-12-01,26.495,1.445,Santa Rita,Brazil,7.23S,34.86W
1853-01-01,,,Santa Rita,Brazil,7.23S,34.86W
1853-02-01,,,Santa Rita,Brazil,7.23S,34.86W
1853-03-01,,,Santa Rita,Brazil,7.23S,34.86W
1853-04-01,,,Santa Rita,Brazil,7.23S,34.86W
1853-05-01,,,Santa Rita,Brazil,7.23S,34.86W
1853-06-01,,,Santa Rita,Brazil,7.23S,34.86W
1853-07-01,,,Santa Rita,Brazil,7.23S,34.86W
1853-08-01,,,Santa Rita,Brazil,7.23S,34.86W
1853-09-01,,,Santa Rita,Brazil,7.23S,34.86W
1853-10-01,,,Santa Rita,Brazil,7.23S,34.86W
1853-11-01,,,Santa Rita,Brazil,7.23S,34.86W
1853-12-01,,,Santa Rita,Brazil,7.23S,34.86W
1854-01-01,,,Santa Rita,Brazil,7.23S,34.86W
1854-02-01,,,Santa Rita,Brazil,7.23S,34.86W
1854-03-01,,,Santa Rita,Brazil,7.23S,34.86W
1854-04-01,,,Santa Rita,Brazil,7.23S,34.86W
1854-05-01,,,Santa Rita,Brazil,7.23S,34.86W
1854-06-01,,,Santa Rita,Brazil,7.23S,34.86W
1854-07-01,,,Santa Rita,Brazil,7.23S,34.86W
1854-08-01,23.998,1.327,Santa Rita,Brazil,7.23S,34.86W
1854-09-01,24.072000000000006,0.993,Santa Rita,Brazil,7.23S,34.86W
1854-10-01,,,Santa Rita,Brazil,7.23S,34.86W
1854-11-01,25.736,1.146,Santa Rita,Brazil,7.23S,34.86W
1854-12-01,26.041,1.881,Santa Rita,Brazil,7.23S,34.86W
1855-01-01,26.656999999999996,1.704,Santa Rita,Brazil,7.23S,34.86W
1855-02-01,26.546999999999997,1.535,Santa Rita,Brazil,7.23S,34.86W
1855-03-01,26.216,1.235,Santa Rita,Brazil,7.23S,34.86W
1855-04-01,26.284000000000002,1.374,Santa Rita,Brazil,7.23S,34.86W
1855-05-01,25.283,1.242,Santa Rita,Brazil,7.23S,34.86W
1855-06-01,24.355999999999998,1.347,Santa Rita,Brazil,7.23S,34.86W
1855-07-01,,,Santa Rita,Brazil,7.23S,34.86W
1855-08-01,23.783,1.1340000000000001,Santa Rita,Brazil,7.23S,34.86W
1855-09-01,23.831999999999997,1.0,Santa Rita,Brazil,7.23S,34.86W
1855-10-01,24.749000000000002,1.3019999999999998,Santa Rita,Brazil,7.23S,34.86W
1855-11-01,,,Santa Rita,Brazil,7.23S,34.86W
1855-12-01,24.719,1.784,Santa Rita,Brazil,7.23S,34.86W
1856-01-01,26.004,1.208,Santa Rita,Brazil,7.23S,34.86W
1856-02-01,25.331,1.5830000000000002,Santa Rita,Brazil,7.23S,34.86W
1856-03-01,25.465,1.271,Santa Rita,Brazil,7.23S,34.86W
1856-04-01,,,Santa Rita,Brazil,7.23S,34.86W
1856-05-01,,,Santa Rita,Brazil,7.23S,34.86W
1856-06-01,,,Santa Rita,Brazil,7.23S,34.86W
1856-07-01,23.362,1.168,Santa Rita,Brazil,7.23S,34.86W
1856-08-01,,,Santa Rita,Brazil,7.23S,34.86W
1856-09-01,,,Santa Rita,Brazil,7.23S,34.86W
1856-10-01,,,Santa Rita,Brazil,7.23S,34.86W
1856-11-01,,,Santa Rita,Brazil,7.23S,34.86W
1856-12-01,,,Santa Rita,Brazil,7.23S,34.86W
1857-01-01,25.799,1.5019999999999998,Santa Rita,Brazil,7.23S,34.86W
1857-02-01,25.77,1.567,Santa Rita,Brazil,7.23S,34.86W
1857-03-01,25.584,1.338,Santa Rita,Brazil,7.23S,34.86W
1857-04-01,,,Santa Rita,Brazil,7.23S,34.86W
1857-05-01,,,Santa Rita,Brazil,7.23S,34.86W
1857-06-01,23.494,1.166,Santa Rita,Brazil,7.23S,34.86W
1857-07-01,23.581999999999997,1.178,Santa Rita,Brazil,7.23S,34.86W
1857-08-01,,,Santa Rita,Brazil,7.23S,34.86W
1857-09-01,,,Santa Rita,Brazil,7.23S,34.86W
1857-10-01,,,Santa Rita,Brazil,7.23S,34.86W
1857-11-01,,,Santa Rita,Brazil,7.23S,34.86W
1857-12-01,,,Santa Rita,Brazil,7.23S,34.86W
1858-01-01,26.151999999999997,1.6780000000000002,Santa Rita,Brazil,7.23S,34.86W
1858-02-01,25.741,1.246,Santa Rita,Brazil,7.23S,34.86W
1858-03-01,25.839000000000002,1.38,Santa Rita,Brazil,7.23S,34.86W
1858-04-01,25.674,1.459,Santa Rita,Brazil,7.23S,34.86W
1858-05-01,25.041999999999998,1.344,Santa Rita,Brazil,7.23S,34.86W
1858-06-01,23.761,1.284,Santa Rita,Brazil,7.23S,34.86W
1858-07-01,23.116,1.189,Santa Rita,Brazil,7.23S,34.86W
1858-08-01,23.104,1.177,Santa Rita,Brazil,7.23S,34.86W
1858-09-01,23.138,1.421,Santa Rita,Brazil,7.23S,34.86W
1858-10-01,,,Santa Rita,Brazil,7.23S,34.86W
1858-11-01,25.721999999999998,1.242,Santa Rita,Brazil,7.23S,34.86W
1858-12-01,24.84,1.314,Santa Rita,Brazil,7.23S,34.86W
1859-01-01,25.798,1.2570000000000001,Santa Rita,Brazil,7.23S,34.86W
1859-02-01,25.933000000000003,1.4,Santa Rita,Brazil,7.23S,34.86W
1859-03-01,26.418000000000003,1.389,Santa Rita,Brazil,7.23S,34.86W
1859-04-01,26.291,1.3519999999999999,Santa Rita,Brazil,7.23S,34.86W
1859-05-01,,,Santa Rita,Brazil,7.23S,34.86W
1859-06-01,,,Santa Rita,Brazil,7.23S,34.86W
1859-07-01,,,Santa Rita,Brazil,7.23S,34.86W
1859-08-01,,,Santa Rita,Brazil,7.23S,34.86W
1859-09-01,,,Santa Rita,Brazil,7.23S,34.86W
1859-10-01,,,Santa Rita,Brazil,7.23S,34.86W
1859-11-01,,,Santa Rita,Brazil,7.23S,34.86W
1859-12-01,,,Santa Rita,Brazil,7.23S,34.86W
1860-01-01,,,Santa Rita,Brazil,7.23S,34.86W
1860-02-01,,,Santa Rita,Brazil,7.23S,34.86W
1860-03-01,,,Santa Rita,Brazil,7.23S,34.86W
1860-04-01,,,Santa Rita,Brazil,7.23S,34.86W
1860-05-01,,,Santa Rita,Brazil,7.23S,34.86W
1860-06-01,,,Santa Rita,Brazil,7.23S,34.86W
1860-07-01,,,Santa Rita,Brazil,7.23S,34.86W
1860-08-01,,,Santa Rita,Brazil,7.23S,34.86W
1860-09-01,,,Santa Rita,Brazil,7.23S,34.86W
1860-10-01,,,Santa Rita,Brazil,7.23S,34.86W
1860-11-01,,,Santa Rita,Brazil,7.23S,34.86W
1860-12-01,,,Santa Rita,Brazil,7.23S,34.86W
1861-01-01,,,Santa Rita,Brazil,7.23S,34.86W
1861-02-01,,,Santa Rita,Brazil,7.23S,34.86W
1861-03-01,,,Santa Rita,Brazil,7.23S,34.86W
1861-04-01,,,Santa Rita,Brazil,7.23S,34.86W
1861-05-01,,,Santa Rita,Brazil,7.23S,34.86W
1861-06-01,,,Santa Rita,Brazil,7.23S,34.86W
1861-07-01,,,Santa Rita,Brazil,7.23S,34.86W
1861-08-01,,,Santa Rita,Brazil,7.23S,34.86W
1861-09-01,,,Santa Rita,Brazil,7.23S,34.86W
1861-10-01,,,Santa Rita,Brazil,7.23S,34.86W
1861-11-01,,,Santa Rita,Brazil,7.23S,34.86W
1861-12-01,,,Santa Rita,Brazil,7.23S,34.86W
1862-01-01,,,Santa Rita,Brazil,7.23S,34.86W
1862-02-01,,,Santa Rita,Brazil,7.23S,34.86W
1862-03-01,,,Santa Rita,Brazil,7.23S,34.86W
1862-04-01,,,Santa Rita,Brazil,7.23S,34.86W
1862-05-01,,,Santa Rita,Brazil,7.23S,34.86W
1862-06-01,,,Santa Rita,Brazil,7.23S,34.86W
1862-07-01,,,Santa Rita,Brazil,7.23S,34.86W
1862-08-01,,,Santa Rita,Brazil,7.23S,34.86W
1862-09-01,,,Santa Rita,Brazil,7.23S,34.86W
1862-10-01,,,Santa Rita,Brazil,7.23S,34.86W
1862-11-01,,,Santa Rita,Brazil,7.23S,34.86W
1862-12-01,,,Santa Rita,Brazil,7.23S,34.86W
1863-01-01,,,Santa Rita,Brazil,7.23S,34.86W
1863-02-01,,,Santa Rita,Brazil,7.23S,34.86W
1863-03-01,,,Santa Rita,Brazil,7.23S,34.86W
1863-04-01,,,Santa Rita,Brazil,7.23S,34.86W
1863-05-01,,,Santa Rita,Brazil,7.23S,34.86W
1863-06-01,,,Santa Rita,Brazil,7.23S,34.86W
1863-07-01,,,Santa Rita,Brazil,7.23S,34.86W
1863-08-01,,,Santa Rita,Brazil,7.23S,34.86W
1863-09-01,,,Santa Rita,Brazil,7.23S,34.86W
1863-10-01,,,Santa Rita,Brazil,7.23S,34.86W
1863-11-01,,,Santa Rita,Brazil,7.23S,34.86W
1863-12-01,,,Santa Rita,Brazil,7.23S,34.86W
1864-01-01,,,Santa Rita,Brazil,7.23S,34.86W
1864-02-01,,,Santa Rita,Brazil,7.23S,34.86W
1864-03-01,,,Santa Rita,Brazil,7.23S,34.86W
1864-04-01,,,Santa Rita,Brazil,7.23S,34.86W
1864-05-01,,,Santa Rita,Brazil,7.23S,34.86W
1864-06-01,,,Santa Rita,Brazil,7.23S,34.86W
1864-07-01,,,Santa Rita,Brazil,7.23S,34.86W
1864-08-01,,,Santa Rita,Brazil,7.23S,34.86W
1864-09-01,,,Santa Rita,Brazil,7.23S,34.86W
1864-10-01,,,Santa Rita,Brazil,7.23S,34.86W
1864-11-01,,,Santa Rita,Brazil,7.23S,34.86W
1864-12-01,,,Santa Rita,Brazil,7.23S,34.86W
1865-01-01,,,Santa Rita,Brazil,7.23S,34.86W
1865-02-01,,,Santa Rita,Brazil,7.23S,34.86W
1865-03-01,,,Santa Rita,Brazil,7.23S,34.86W
1865-04-01,,,Santa Rita,Brazil,7.23S,34.86W
1865-05-01,,,Santa Rita,Brazil,7.23S,34.86W
1865-06-01,,,Santa Rita,Brazil,7.23S,34.86W
1865-07-01,,,Santa Rita,Brazil,7.23S,34.86W
1865-08-01,,,Santa Rita,Brazil,7.23S,34.86W
1865-09-01,,,Santa Rita,Brazil,7.23S,34.86W
1865-10-01,,,Santa Rita,Brazil,7.23S,34.86W
1865-11-01,,,Santa Rita,Brazil,7.23S,34.86W
1865-12-01,,,Santa Rita,Brazil,7.23S,34.86W
1866-01-01,,,Santa Rita,Brazil,7.23S,34.86W
1866-02-01,,,Santa Rita,Brazil,7.23S,34.86W
1866-03-01,,,Santa Rita,Brazil,7.23S,34.86W
1866-04-01,,,Santa Rita,Brazil,7.23S,34.86W
1866-05-01,,,Santa Rita,Brazil,7.23S,34.86W
1866-06-01,,,Santa Rita,Brazil,7.23S,34.86W
1866-07-01,,,Santa Rita,Brazil,7.23S,34.86W
1866-08-01,,,Santa Rita,Brazil,7.23S,34.86W
1866-09-01,,,Santa Rita,Brazil,7.23S,34.86W
1866-10-01,,,Santa Rita,Brazil,7.23S,34.86W
1866-11-01,,,Santa Rita,Brazil,7.23S,34.86W
1866-12-01,,,Santa Rita,Brazil,7.23S,34.86W
1867-01-01,,,Santa Rita,Brazil,7.23S,34.86W
1867-02-01,,,Santa Rita,Brazil,7.23S,34.86W
1867-03-01,,,Santa Rita,Brazil,7.23S,34.86W
1867-04-01,,,Santa Rita,Brazil,7.23S,34.86W
1867-05-01,,,Santa Rita,Brazil,7.23S,34.86W
1867-06-01,,,Santa Rita,Brazil,7.23S,34.86W
1867-07-01,,,Santa Rita,Brazil,7.23S,34.86W
1867-08-01,,,Santa Rita,Brazil,7.23S,34.86W
1867-09-01,,,Santa Rita,Brazil,7.23S,34.86W
1867-10-01,,,Santa Rita,Brazil,7.23S,34.86W
1867-11-01,,,Santa Rita,Brazil,7.23S,34.86W
1867-12-01,,,Santa Rita,Brazil,7.23S,34.86W
1868-01-01,,,Santa Rita,Brazil,7.23S,34.86W
1868-02-01,,,Santa Rita,Brazil,7.23S,34.86W
1868-03-01,,,Santa Rita,Brazil,7.23S,34.86W
1868-04-01,,,Santa Rita,Brazil,7.23S,34.86W
1868-05-01,,,Santa Rita,Brazil,7.23S,34.86W
1868-06-01,,,Santa Rita,Brazil,7.23S,34.86W
1868-07-01,,,Santa Rita,Brazil,7.23S,34.86W
1868-08-01,,,Santa Rita,Brazil,7.23S,34.86W
1868-09-01,,,Santa Rita,Brazil,7.23S,34.86W
1868-10-01,,,Santa Rita,Brazil,7.23S,34.86W
1868-11-01,,,Santa Rita,Brazil,7.23S,34.86W
1868-12-01,,,Santa Rita,Brazil,7.23S,34.86W
1869-01-01,,,Santa Rita,Brazil,7.23S,34.86W
1869-02-01,,,Santa Rita,Brazil,7.23S,34.86W
1869-03-01,,,Santa Rita,Brazil,7.23S,34.86W
1869-04-01,,,Santa Rita,Brazil,7.23S,34.86W
1869-05-01,,,Santa Rita,Brazil,7.23S,34.86W
1869-06-01,,,Santa Rita,Brazil,7.23S,34.86W
1869-07-01,,,Santa Rita,Brazil,7.23S,34.86W
1869-08-01,,,Santa Rita,Brazil,7.23S,34.86W
1869-09-01,,,Santa Rita,Brazil,7.23S,34.86W
1869-10-01,,,Santa Rita,Brazil,7.23S,34.86W
1869-11-01,,,Santa Rita,Brazil,7.23S,34.86W
1869-12-01,,,Santa Rita,Brazil,7.23S,34.86W
1870-01-01,,,Santa Rita,Brazil,7.23S,34.86W
1870-02-01,,,Santa Rita,Brazil,7.23S,34.86W
1870-03-01,,,Santa Rita,Brazil,7.23S,34.86W
1870-04-01,,,Santa Rita,Brazil,7.23S,34.86W
1870-05-01,,,Santa Rita,Brazil,7.23S,34.86W
1870-06-01,,,Santa Rita,Brazil,7.23S,34.86W
1870-07-01,,,Santa Rita,Brazil,7.23S,34.86W
1870-08-01,,,Santa Rita,Brazil,7.23S,34.86W
1870-09-01,,,Santa Rita,Brazil,7.23S,34.86W
1870-10-01,,,Santa Rita,Brazil,7.23S,34.86W
1870-11-01,,,Santa Rita,Brazil,7.23S,34.86W
1870-12-01,,,Santa Rita,Brazil,7.23S,34.86W
1871-01-01,,,Santa Rita,Brazil,7.23S,34.86W
1871-02-01,,,Santa Rita,Brazil,7.23S,34.86W
1871-03-01,,,Santa Rita,Brazil,7.23S,34.86W
1871-04-01,,,Santa Rita,Brazil,7.23S,34.86W
1871-05-01,,,Santa Rita,Brazil,7.23S,34.86W
1871-06-01,,,Santa Rita,Brazil,7.23S,34.86W
1871-07-01,,,Santa Rita,Brazil,7.23S,34.86W
1871-08-01,,,Santa Rita,Brazil,7.23S,34.86W
1871-09-01,,,Santa Rita,Brazil,7.23S,34.86W
1871-10-01,,,Santa Rita,Brazil,7.23S,34.86W
1871-11-01,,,Santa Rita,Brazil,7.23S,34.86W
1871-12-01,,,Santa Rita,Brazil,7.23S,34.86W
1872-01-01,,,Santa Rita,Brazil,7.23S,34.86W
1872-02-01,,,Santa Rita,Brazil,7.23S,34.86W
1872-03-01,,,Santa Rita,Brazil,7.23S,34.86W
1872-04-01,,,Santa Rita,Brazil,7.23S,34.86W
1872-05-01,,,Santa Rita,Brazil,7.23S,34.86W
1872-06-01,,,Santa Rita,Brazil,7.23S,34.86W
1872-07-01,,,Santa Rita,Brazil,7.23S,34.86W
1872-08-01,,,Santa Rita,Brazil,7.23S,34.86W
1872-09-01,,,Santa Rita,Brazil,7.23S,34.86W
1872-10-01,,,Santa Rita,Brazil,7.23S,34.86W
1872-11-01,,,Santa Rita,Brazil,7.23S,34.86W
1872-12-01,,,Santa Rita,Brazil,7.23S,34.86W
1873-01-01,,,Santa Rita,Brazil,7.23S,34.86W
1873-02-01,,,Santa Rita,Brazil,7.23S,34.86W
1873-03-01,,,Santa Rita,Brazil,7.23S,34.86W
1873-04-01,,,Santa Rita,Brazil,7.23S,34.86W
1873-05-01,,,Santa Rita,Brazil,7.23S,34.86W
1873-06-01,,,Santa Rita,Brazil,7.23S,34.86W
1873-07-01,,,Santa Rita,Brazil,7.23S,34.86W
1873-08-01,,,Santa Rita,Brazil,7.23S,34.86W
1873-09-01,,,Santa Rita,Brazil,7.23S,34.86W
1873-10-01,,,Santa Rita,Brazil,7.23S,34.86W
1873-11-01,,,Santa Rita,Brazil,7.23S,34.86W
1873-12-01,,,Santa Rita,Brazil,7.23S,34.86W
1874-01-01,,,Santa Rita,Brazil,7.23S,34.86W
1874-02-01,,,Santa Rita,Brazil,7.23S,34.86W
1874-03-01,,,Santa Rita,Brazil,7.23S,34.86W
1874-04-01,,,Santa Rita,Brazil,7.23S,34.86W
1874-05-01,,,Santa Rita,Brazil,7.23S,34.86W
1874-06-01,,,Santa Rita,Brazil,7.23S,34.86W
1874-07-01,,,Santa Rita,Brazil,7.23S,34.86W
1874-08-01,,,Santa Rita,Brazil,7.23S,34.86W
1874-09-01,,,Santa Rita,Brazil,7.23S,34.86W
1874-10-01,,,Santa Rita,Brazil,7.23S,34.86W
1874-11-01,,,Santa Rita,Brazil,7.23S,34.86W
1874-12-01,,,Santa Rita,Brazil,7.23S,34.86W
1875-01-01,,,Santa Rita,Brazil,7.23S,34.86W
1875-02-01,,,Santa Rita,Brazil,7.23S,34.86W
1875-03-01,,,Santa Rita,Brazil,7.23S,34.86W
1875-04-01,,,Santa Rita,Brazil,7.23S,34.86W
1875-05-01,,,Santa Rita,Brazil,7.23S,34.86W
1875-06-01,,,Santa Rita,Brazil,7.23S,34.86W
1875-07-01,,,Santa Rita,Brazil,7.23S,34.86W
1875-08-01,,,Santa Rita,Brazil,7.23S,34.86W
1875-09-01,,,Santa Rita,Brazil,7.23S,34.86W
1875-10-01,,,Santa Rita,Brazil,7.23S,34.86W
1875-11-01,,,Santa Rita,Brazil,7.23S,34.86W
1875-12-01,,,Santa Rita,Brazil,7.23S,34.86W
1876-01-01,,,Santa Rita,Brazil,7.23S,34.86W
1876-02-01,,,Santa Rita,Brazil,7.23S,34.86W
1876-03-01,,,Santa Rita,Brazil,7.23S,34.86W
1876-04-01,,,Santa Rita,Brazil,7.23S,34.86W
1876-05-01,,,Santa Rita,Brazil,7.23S,34.86W
1876-06-01,,,Santa Rita,Brazil,7.23S,34.86W
1876-07-01,,,Santa Rita,Brazil,7.23S,34.86W
1876-08-01,,,Santa Rita,Brazil,7.23S,34.86W
1876-09-01,,,Santa Rita,Brazil,7.23S,34.86W
1876-10-01,,,Santa Rita,Brazil,7.23S,34.86W
1876-11-01,,,Santa Rita,Brazil,7.23S,34.86W
1876-12-01,,,Santa Rita,Brazil,7.23S,34.86W
1877-01-01,,,Santa Rita,Brazil,7.23S,34.86W
1877-02-01,,,Santa Rita,Brazil,7.23S,34.86W
1877-03-01,,,Santa Rita,Brazil,7.23S,34.86W
1877-04-01,,,Santa Rita,Brazil,7.23S,34.86W
1877-05-01,,,Santa Rita,Brazil,7.23S,34.86W
1877-06-01,,,Santa Rita,Brazil,7.23S,34.86W
1877-07-01,,,Santa Rita,Brazil,7.23S,34.86W
1877-08-01,,,Santa Rita,Brazil,7.23S,34.86W
1877-09-01,,,Santa Rita,Brazil,7.23S,34.86W
1877-10-01,,,Santa Rita,Brazil,7.23S,34.86W
1877-11-01,,,Santa Rita,Brazil,7.23S,34.86W
1877-12-01,,,Santa Rita,Brazil,7.23S,34.86W
1878-01-01,,,Santa Rita,Brazil,7.23S,34.86W
1878-02-01,,,Santa Rita,Brazil,7.23S,34.86W
1878-03-01,,,Santa Rita,Brazil,7.23S,34.86W
1878-04-01,,,Santa Rita,Brazil,7.23S,34.86W
1878-05-01,,,Santa Rita,Brazil,7.23S,34.86W
1878-06-01,,,Santa Rita,Brazil,7.23S,34.86W
1878-07-01,,,Santa Rita,Brazil,7.23S,34.86W
1878-08-01,,,Santa Rita,Brazil,7.23S,34.86W
1878-09-01,,,Santa Rita,Brazil,7.23S,34.86W
1878-10-01,,,Santa Rita,Brazil,7.23S,34.86W
1878-11-01,,,Santa Rita,Brazil,7.23S,34.86W
1878-12-01,,,Santa Rita,Brazil,7.23S,34.86W
1879-01-01,,,Santa Rita,Brazil,7.23S,34.86W
1879-02-01,,,Santa Rita,Brazil,7.23S,34.86W
1879-03-01,,,Santa Rita,Brazil,7.23S,34.86W
1879-04-01,,,Santa Rita,Brazil,7.23S,34.86W
1879-05-01,,,Santa Rita,Brazil,7.23S,34.86W
1879-06-01,,,Santa Rita,Brazil,7.23S,34.86W
1879-07-01,,,Santa Rita,Brazil,7.23S,34.86W
1879-08-01,,,Santa Rita,Brazil,7.23S,34.86W
1879-09-01,,,Santa Rita,Brazil,7.23S,34.86W
1879-10-01,,,Santa Rita,Brazil,7.23S,34.86W
1879-11-01,,,Santa Rita,Brazil,7.23S,34.86W
1879-12-01,,,Santa Rita,Brazil,7.23S,34.86W
1880-01-01,,,Santa Rita,Brazil,7.23S,34.86W
1880-02-01,,,Santa Rita,Brazil,7.23S,34.86W
1880-03-01,,,Santa Rita,Brazil,7.23S,34.86W
1880-04-01,,,Santa Rita,Brazil,7.23S,34.86W
1880-05-01,,,Santa Rita,Brazil,7.23S,34.86W
1880-06-01,,,Santa Rita,Brazil,7.23S,34.86W
1880-07-01,,,Santa Rita,Brazil,7.23S,34.86W
1880-08-01,,,Santa Rita,Brazil,7.23S,34.86W
1880-09-01,,,Santa Rita,Brazil,7.23S,34.86W
1880-10-01,,,Santa Rita,Brazil,7.23S,34.86W
1880-11-01,,,Santa Rita,Brazil,7.23S,34.86W
1880-12-01,,,Santa Rita,Brazil,7.23S,34.86W
1881-01-01,,,Santa Rita,Brazil,7.23S,34.86W
1881-02-01,,,Santa Rita,Brazil,7.23S,34.86W
1881-03-01,,,Santa Rita,Brazil,7.23S,34.86W
1881-04-01,,,Santa Rita,Brazil,7.23S,34.86W
1881-05-01,,,Santa Rita,Brazil,7.23S,34.86W
1881-06-01,,,Santa Rita,Brazil,7.23S,34.86W
1881-07-01,,,Santa Rita,Brazil,7.23S,34.86W
1881-08-01,,,Santa Rita,Brazil,7.23S,34.86W
1881-09-01,,,Santa Rita,Brazil,7.23S,34.86W
1881-10-01,,,Santa Rita,Brazil,7.23S,34.86W
1881-11-01,,,Santa Rita,Brazil,7.23S,34.86W
1881-12-01,,,Santa Rita,Brazil,7.23S,34.86W
1882-01-01,,,Santa Rita,Brazil,7.23S,34.86W
1882-02-01,,,Santa Rita,Brazil,7.23S,34.86W
1882-03-01,,,Santa Rita,Brazil,7.23S,34.86W
1882-04-01,,,Santa Rita,Brazil,7.23S,34.86W
1882-05-01,,,Santa Rita,Brazil,7.23S,34.86W
1882-06-01,,,Santa Rita,Brazil,7.23S,34.86W
1882-07-01,,,Santa Rita,Brazil,7.23S,34.86W
1882-08-01,,,Santa Rita,Brazil,7.23S,34.86W
1882-09-01,,,Santa Rita,Brazil,7.23S,34.86W
1882-10-01,,,Santa Rita,Brazil,7.23S,34.86W
1882-11-01,,,Santa Rita,Brazil,7.23S,34.86W
1882-12-01,,,Santa Rita,Brazil,7.23S,34.86W
1883-01-01,,,Santa Rita,Brazil,7.23S,34.86W
1883-02-01,,,Santa Rita,Brazil,7.23S,34.86W
1883-03-01,,,Santa Rita,Brazil,7.23S,34.86W
1883-04-01,,,Santa Rita,Brazil,7.23S,34.86W
1883-05-01,,,Santa Rita,Brazil,7.23S,34.86W
1883-06-01,,,Santa Rita,Brazil,7.23S,34.86W
1883-07-01,,,Santa Rita,Brazil,7.23S,34.86W
1883-08-01,,,Santa Rita,Brazil,7.23S,34.86W
1883-09-01,,,Santa Rita,Brazil,7.23S,34.86W
1883-10-01,,,Santa Rita,Brazil,7.23S,34.86W
1883-11-01,,,Santa Rita,Brazil,7.23S,34.86W
1883-12-01,,,Santa Rita,Brazil,7.23S,34.86W
1884-01-01,,,Santa Rita,Brazil,7.23S,34.86W
1884-02-01,,,Santa Rita,Brazil,7.23S,34.86W
1884-03-01,,,Santa Rita,Brazil,7.23S,34.86W
1884-04-01,,,Santa Rita,Brazil,7.23S,34.86W
1884-05-01,,,Santa Rita,Brazil,7.23S,34.86W
1884-06-01,,,Santa Rita,Brazil,7.23S,34.86W
1884-07-01,,,Santa Rita,Brazil,7.23S,34.86W
1884-08-01,,,Santa Rita,Brazil,7.23S,34.86W
1884-09-01,,,Santa Rita,Brazil,7.23S,34.86W
1884-10-01,,,Santa Rita,Brazil,7.23S,34.86W
1884-11-01,,,Santa Rita,Brazil,7.23S,34.86W
1884-12-01,,,Santa Rita,Brazil,7.23S,34.86W
1885-01-01,,,Santa Rita,Brazil,7.23S,34.86W
1885-02-01,,,Santa Rita,Brazil,7.23S,34.86W
1885-03-01,,,Santa Rita,Brazil,7.23S,34.86W
1885-04-01,,,Santa Rita,Brazil,7.23S,34.86W
1885-05-01,,,Santa Rita,Brazil,7.23S,34.86W
1885-06-01,,,Santa Rita,Brazil,7.23S,34.86W
1885-07-01,,,Santa Rita,Brazil,7.23S,34.86W
1885-08-01,,,Santa Rita,Brazil,7.23S,34.86W
1885-09-01,,,Santa Rita,Brazil,7.23S,34.86W
1885-10-01,,,Santa Rita,Brazil,7.23S,34.86W
1885-11-01,,,Santa Rita,Brazil,7.23S,34.86W
1885-12-01,,,Santa Rita,Brazil,7.23S,34.86W
1886-01-01,,,Santa Rita,Brazil,7.23S,34.86W
1886-02-01,,,Santa Rita,Brazil,7.23S,34.86W
1886-03-01,,,Santa Rita,Brazil,7.23S,34.86W
1886-04-01,,,Santa Rita,Brazil,7.23S,34.86W
1886-05-01,,,Santa Rita,Brazil,7.23S,34.86W
1886-06-01,,,Santa Rita,Brazil,7.23S,34.86W
1886-07-01,,,Santa Rita,Brazil,7.23S,34.86W
1886-08-01,,,Santa Rita,Brazil,7.23S,34.86W
1886-09-01,,,Santa Rita,Brazil,7.23S,34.86W
1886-10-01,,,Santa Rita,Brazil,7.23S,34.86W
1886-11-01,,,Santa Rita,Brazil,7.23S,34.86W
1886-12-01,,,Santa Rita,Brazil,7.23S,34.86W
1887-01-01,,,Santa Rita,Brazil,7.23S,34.86W
1887-02-01,,,Santa Rita,Brazil,7.23S,34.86W
1887-03-01,,,Santa Rita,Brazil,7.23S,34.86W
1887-04-01,,,Santa Rita,Brazil,7.23S,34.86W
1887-05-01,,,Santa Rita,Brazil,7.23S,34.86W
1887-06-01,,,Santa Rita,Brazil,7.23S,34.86W
1887-07-01,,,Santa Rita,Brazil,7.23S,34.86W
1887-08-01,,,Santa Rita,Brazil,7.23S,34.86W
1887-09-01,,,Santa Rita,Brazil,7.23S,34.86W
1887-10-01,,,Santa Rita,Brazil,7.23S,34.86W
1887-11-01,,,Santa Rita,Brazil,7.23S,34.86W
1887-12-01,,,Santa Rita,Brazil,7.23S,34.86W
1888-01-01,,,Santa Rita,Brazil,7.23S,34.86W
1888-02-01,,,Santa Rita,Brazil,7.23S,34.86W
1888-03-01,,,Santa Rita,Brazil,7.23S,34.86W
1888-04-01,,,Santa Rita,Brazil,7.23S,34.86W
1888-05-01,,,Santa Rita,Brazil,7.23S,34.86W
1888-06-01,,,Santa Rita,Brazil,7.23S,34.86W
1888-07-01,,,Santa Rita,Brazil,7.23S,34.86W
1888-08-01,,,Santa Rita,Brazil,7.23S,34.86W
1888-09-01,,,Santa Rita,Brazil,7.23S,34.86W
1888-10-01,,,Santa Rita,Brazil,7.23S,34.86W
1888-11-01,,,Santa Rita,Brazil,7.23S,34.86W
1888-12-01,,,Santa Rita,Brazil,7.23S,34.86W
1889-01-01,,,Santa Rita,Brazil,7.23S,34.86W
1889-02-01,,,Santa Rita,Brazil,7.23S,34.86W
1889-03-01,,,Santa Rita,Brazil,7.23S,34.86W
1889-04-01,,,Santa Rita,Brazil,7.23S,34.86W
1889-05-01,,,Santa Rita,Brazil,7.23S,34.86W
1889-06-01,,,Santa Rita,Brazil,7.23S,34.86W
1889-07-01,,,Santa Rita,Brazil,7.23S,34.86W
1889-08-01,,,Santa Rita,Brazil,7.23S,34.86W
1889-09-01,,,Santa Rita,Brazil,7.23S,34.86W
1889-10-01,,,Santa Rita,Brazil,7.23S,34.86W
1889-11-01,,,Santa Rita,Brazil,7.23S,34.86W
1889-12-01,,,Santa Rita,Brazil,7.23S,34.86W
1890-01-01,25.68,1.186,Santa Rita,Brazil,7.23S,34.86W
1890-02-01,25.881999999999998,1.339,Santa Rita,Brazil,7.23S,34.86W
1890-03-01,25.555,1.37,Santa Rita,Brazil,7.23S,34.86W
1890-04-01,25.265,1.214,Santa Rita,Brazil,7.23S,34.86W
1890-05-01,24.64,1.2329999999999999,Santa Rita,Brazil,7.23S,34.86W
1890-06-01,23.569000000000003,1.148,Santa Rita,Brazil,7.23S,34.86W
1890-07-01,23.371,1.177,Santa Rita,Brazil,7.23S,34.86W
1890-08-01,23.575,1.141,Santa Rita,Brazil,7.23S,34.86W
1890-09-01,24.379,1.004,Santa Rita,Brazil,7.23S,34.86W
1890-10-01,25.225,1.06,Santa Rita,Brazil,7.23S,34.86W
1890-11-01,25.313000000000002,1.2109999999999999,Santa Rita,Brazil,7.23S,34.86W
1890-12-01,25.693,1.2429999999999999,Santa Rita,Brazil,7.23S,34.86W
1891-01-01,25.586,1.214,Santa Rita,Brazil,7.23S,34.86W
1891-02-01,25.416,1.318,Santa Rita,Brazil,7.23S,34.86W
1891-03-01,26.024,1.271,Santa Rita,Brazil,7.23S,34.86W
1891-04-01,25.298000000000002,1.178,Santa Rita,Brazil,7.23S,34.86W
1891-05-01,,,Santa Rita,Brazil,7.23S,34.86W
1891-06-01,24.035999999999998,1.127,Santa Rita,Brazil,7.23S,34.86W
1891-07-01,23.39,1.099,Santa Rita,Brazil,7.23S,34.86W
1891-08-01,,,Santa Rita,Brazil,7.23S,34.86W
1891-09-01,24.241000000000003,1.045,Santa Rita,Brazil,7.23S,34.86W
1891-10-01,24.679000000000002,1.062,Santa Rita,Brazil,7.23S,34.86W
1891-11-01,25.159000000000002,1.089,Santa Rita,Brazil,7.23S,34.86W
1891-12-01,26.006,1.175,Santa Rita,Brazil,7.23S,34.86W
1892-01-01,,,Santa Rita,Brazil,7.23S,34.86W
1892-02-01,,,Santa Rita,Brazil,7.23S,34.86W
1892-03-01,,,Santa Rita,Brazil,7.23S,34.86W
1892-04-01,,,Santa Rita,Brazil,7.23S,34.86W
1892-05-01,,,Santa Rita,Brazil,7.23S,34.86W
1892-06-01,,,Santa Rita,Brazil,7.23S,34.86W
1892-07-01,,,Santa Rita,Brazil,7.23S,34.86W
1892-08-01,,,Santa Rita,Brazil,7.23S,34.86W
1892-09-01,,,Santa Rita,Brazil,7.23S,34.86W
1892-10-01,,,Santa Rita,Brazil,7.23S,34.86W
1892-11-01,,,Santa Rita,Brazil,7.23S,34.86W
1892-12-01,,,Santa Rita,Brazil,7.23S,34.86W
1893-01-01,,,Santa Rita,Brazil,7.23S,34.86W
1893-02-01,,,Santa Rita,Brazil,7.23S,34.86W
1893-03-01,,,Santa Rita,Brazil,7.23S,34.86W
1893-04-01,,,Santa Rita,Brazil,7.23S,34.86W
1893-05-01,,,Santa Rita,Brazil,7.23S,34.86W
1893-06-01,,,Santa Rita,Brazil,7.23S,34.86W
1893-07-01,23.531999999999996,1.135,Santa Rita,Brazil,7.23S,34.86W
1893-08-01,23.499000000000002,1.122,Santa Rita,Brazil,7.23S,34.86W
1893-09-01,24.221999999999998,1.026,Santa Rita,Brazil,7.23S,34.86W
1893-10-01,25.147,1.0390000000000001,Santa Rita,Brazil,7.23S,34.86W
1893-11-01,25.531,1.091,Santa Rita,Brazil,7.23S,34.86W
1893-12-01,25.515,1.197,Santa Rita,Brazil,7.23S,34.86W
1894-01-01,25.665,1.2429999999999999,Santa Rita,Brazil,7.23S,34.86W
1894-02-01,26.645,1.3019999999999998,Santa Rita,Brazil,7.23S,34.86W
1894-03-01,26.357,1.317,Santa Rita,Brazil,7.23S,34.86W
1894-04-01,25.311999999999998,1.192,Santa Rita,Brazil,7.23S,34.86W
1894-05-01,24.965999999999998,1.203,Santa Rita,Brazil,7.23S,34.86W
1894-06-01,23.726,1.122,Santa Rita,Brazil,7.23S,34.86W
1894-07-01,23.148000000000003,1.138,Santa Rita,Brazil,7.23S,34.86W
1894-08-01,23.516,1.139,Santa Rita,Brazil,7.23S,34.86W
1894-09-01,24.326999999999998,1.005,Santa Rita,Brazil,7.23S,34.86W
1894-10-01,25.491,1.021,Santa Rita,Brazil,7.23S,34.86W
1894-11-01,25.403000000000002,1.11,Santa Rita,Brazil,7.23S,34.86W
1894-12-01,25.861,1.165,Santa Rita,Brazil,7.23S,34.86W
1895-01-01,25.3,1.266,Santa Rita,Brazil,7.23S,34.86W
1895-02-01,25.471999999999998,1.358,Santa Rita,Brazil,7.23S,34.86W
1895-03-01,25.559,1.42,Santa Rita,Brazil,7.23S,34.86W
1895-04-01,25.821,1.224,Santa Rita,Brazil,7.23S,34.86W
1895-05-01,24.861,1.161,Santa Rita,Brazil,7.23S,34.86W
1895-06-01,23.905,1.147,Santa Rita,Brazil,7.23S,34.86W
1895-07-01,23.614,1.09,Santa Rita,Brazil,7.23S,34.86W
1895-08-01,23.452,1.148,Santa Rita,Brazil,7.23S,34.86W
1895-09-01,23.884,1.077,Santa Rita,Brazil,7.23S,34.86W
1895-10-01,25.033,1.035,Santa Rita,Brazil,7.23S,34.86W
1895-11-01,25.565,1.1059999999999999,Santa Rita,Brazil,7.23S,34.86W
1895-12-01,25.862,1.246,Santa Rita,Brazil,7.23S,34.86W
1896-01-01,26.096999999999998,0.9990000000000001,Santa Rita,Brazil,7.23S,34.86W
1896-02-01,26.853,1.8119999999999998,Santa Rita,Brazil,7.23S,34.86W
1896-03-01,25.589000000000002,0.892,Santa Rita,Brazil,7.23S,34.86W
1896-04-01,24.837,0.917,Santa Rita,Brazil,7.23S,34.86W
1896-05-01,24.17,1.035,Santa Rita,Brazil,7.23S,34.86W
1896-06-01,23.36,2.181,Santa Rita,Brazil,7.23S,34.86W
1896-07-01,23.579,0.7340000000000001,Santa Rita,Brazil,7.23S,34.86W
1896-08-01,23.437,0.815,Santa Rita,Brazil,7.23S,34.86W
1896-09-01,24.381999999999998,0.9890000000000001,Santa Rita,Brazil,7.23S,34.86W
1896-10-01,25.572,1.015,Santa Rita,Brazil,7.23S,34.86W
1896-11-01,25.853,1.199,Santa Rita,Brazil,7.23S,34.86W
1896-12-01,26.3,0.828,Santa Rita,Brazil,7.23S,34.86W
1897-01-01,26.458,1.766,Santa Rita,Brazil,7.23S,34.86W
1897-02-01,25.217,1.1840000000000002,Santa Rita,Brazil,7.23S,34.86W
1897-03-01,25.516,0.9009999999999999,Santa Rita,Brazil,7.23S,34.86W
1897-04-01,25.166,1.334,Santa Rita,Brazil,7.23S,34.86W
1897-05-01,24.511000000000006,1.617,Santa Rita,Brazil,7.23S,34.86W
1897-06-01,23.138,2.272,Santa Rita,Brazil,7.23S,34.86W
1897-07-01,22.79,2.074,Santa Rita,Brazil,7.23S,34.86W
1897-08-01,23.055,1.5190000000000001,Santa Rita,Brazil,7.23S,34.86W
1897-09-01,24.432,0.695,Santa Rita,Brazil,7.23S,34.86W
1897-10-01,25.24,0.743,Santa Rita,Brazil,7.23S,34.86W
1897-11-01,25.709,0.9490000000000001,Santa Rita,Brazil,7.23S,34.86W
1897-12-01,25.929,0.961,Santa Rita,Brazil,7.23S,34.86W
1898-01-01,26.648000000000003,1.285,Santa Rita,Brazil,7.23S,34.86W
1898-02-01,25.581,0.951,Santa Rita,Brazil,7.23S,34.86W
1898-03-01,26.456,2.414,Santa Rita,Brazil,7.23S,34.86W
1898-04-01,25.788,0.853,Santa Rita,Brazil,7.23S,34.86W
1898-05-01,25.802,2.176,Santa Rita,Brazil,7.23S,34.86W
1898-06-01,24.701999999999998,1.514,Santa Rita,Brazil,7.23S,34.86W
1898-07-01,23.941,0.762,Santa Rita,Brazil,7.23S,34.86W
1898-08-01,23.689,1.011,Santa Rita,Brazil,7.23S,34.86W
1898-09-01,24.031999999999996,0.778,Santa Rita,Brazil,7.23S,34.86W
1898-10-01,24.896,0.812,Santa Rita,Brazil,7.23S,34.86W
1898-11-01,25.624000000000002,0.892,Santa Rita,Brazil,7.23S,34.86W
1898-12-01,25.568,0.897,Santa Rita,Brazil,7.23S,34.86W
1899-01-01,25.811999999999998,0.863,Santa Rita,Brazil,7.23S,34.86W
1899-02-01,24.697000000000006,2.7239999999999998,Santa Rita,Brazil,7.23S,34.86W
1899-03-01,25.017,2.336,Santa Rita,Brazil,7.23S,34.86W
1899-04-01,24.783,2.391,Santa Rita,Brazil,7.23S,34.86W
1899-05-01,24.139,1.745,Santa Rita,Brazil,7.23S,34.86W
1899-06-01,23.17,1.569,Santa Rita,Brazil,7.23S,34.86W
1899-07-01,22.584,2.013,Santa Rita,Brazil,7.23S,34.86W
1899-08-01,23.029,2.005,Santa Rita,Brazil,7.23S,34.86W
1899-09-01,24.275,1.12,Santa Rita,Brazil,7.23S,34.86W
1899-10-01,25.081999999999997,0.867,Santa Rita,Brazil,7.23S,34.86W
1899-11-01,26.084,0.9390000000000001,Santa Rita,Brazil,7.23S,34.86W
1899-12-01,25.859,1.024,Santa Rita,Brazil,7.23S,34.86W
1900-01-01,25.456999999999997,0.958,Santa Rita,Brazil,7.23S,34.86W
1900-02-01,26.226999999999997,1.025,Santa Rita,Brazil,7.23S,34.86W
1900-03-01,27.336,2.05,Santa Rita,Brazil,7.23S,34.86W
1900-04-01,26.688000000000002,2.4459999999999997,Santa Rita,Brazil,7.23S,34.86W
1900-05-01,26.37,2.8569999999999998,Santa Rita,Brazil,7.23S,34.86W
1900-06-01,24.791,1.745,Santa Rita,Brazil,7.23S,34.86W
1900-07-01,24.184,1.8319999999999999,Santa Rita,Brazil,7.23S,34.86W
1900-08-01,24.02,0.902,Santa Rita,Brazil,7.23S,34.86W
1900-09-01,24.662000000000006,1.044,Santa Rita,Brazil,7.23S,34.86W
1900-10-01,25.555,0.728,Santa Rita,Brazil,7.23S,34.86W
1900-11-01,25.91,0.772,Santa Rita,Brazil,7.23S,34.86W
1900-12-01,25.926,0.8540000000000001,Santa Rita,Brazil,7.23S,34.86W
1901-01-01,26.122,0.943,Santa Rita,Brazil,7.23S,34.86W
1901-02-01,26.305,0.997,Santa Rita,Brazil,7.23S,34.86W
1901-03-01,26.18,1.358,Santa Rita,Brazil,7.23S,34.86W
1901-04-01,25.706,1.426,Santa Rita,Brazil,7.23S,34.86W
1901-05-01,24.628,0.852,Santa Rita,Brazil,7.23S,34.86W
1901-06-01,24.471999999999998,0.8029999999999999,Santa Rita,Brazil,7.23S,34.86W
1901-07-01,23.759,0.932,Santa Rita,Brazil,7.23S,34.86W
1901-08-01,23.973000000000003,0.8490000000000001,Santa Rita,Brazil,7.23S,34.86W
1901-09-01,24.413,0.736,Santa Rita,Brazil,7.23S,34.86W
1901-10-01,24.891,0.779,Santa Rita,Brazil,7.23S,34.86W
1901-11-01,25.750999999999998,0.815,Santa Rita,Brazil,7.23S,34.86W
1901-12-01,25.879,1.263,Santa Rita,Brazil,7.23S,34.86W
1902-01-01,26.248,0.9209999999999999,Santa Rita,Brazil,7.23S,34.86W
1902-02-01,27.05,1.271,Santa Rita,Brazil,7.23S,34.86W
1902-03-01,26.408,1.473,Santa Rita,Brazil,7.23S,34.86W
1902-04-01,25.94,1.095,Santa Rita,Brazil,7.23S,34.86W
1902-05-01,24.612,0.9059999999999999,Santa Rita,Brazil,7.23S,34.86W
1902-06-01,24.609,1.347,Santa Rita,Brazil,7.23S,34.86W
1902-07-01,24.145,0.932,Santa Rita,Brazil,7.23S,34.86W
1902-08-01,24.035,0.8240000000000001,Santa Rita,Brazil,7.23S,34.86W
1902-09-01,24.151999999999997,0.7979999999999999,Santa Rita,Brazil,7.23S,34.86W
1902-10-01,24.644000000000002,1.036,Santa Rita,Brazil,7.23S,34.86W
1902-11-01,25.456999999999997,0.87,Santa Rita,Brazil,7.23S,34.86W
1902-12-01,25.989,1.138,Santa Rita,Brazil,7.23S,34.86W
1903-01-01,25.819000000000006,1.155,Santa Rita,Brazil,7.23S,34.86W
1903-02-01,26.055999999999997,1.6769999999999998,Santa Rita,Brazil,7.23S,34.86W
1903-03-01,26.109,1.204,Santa Rita,Brazil,7.23S,34.86W
1903-04-01,26.281999999999996,1.885,Santa Rita,Brazil,7.23S,34.86W
1903-05-01,25.781,1.9580000000000002,Santa Rita,Brazil,7.23S,34.86W
1903-06-01,24.695,1.4069999999999998,Santa Rita,Brazil,7.23S,34.86W
1903-07-01,23.873,0.91,Santa Rita,Brazil,7.23S,34.86W
1903-08-01,23.718000000000004,0.83,Santa Rita,Brazil,7.23S,34.86W
1903-09-01,23.932,0.725,Santa Rita,Brazil,7.23S,34.86W
1903-10-01,24.872,0.754,Santa Rita,Brazil,7.23S,34.86W
1903-11-01,25.631999999999998,0.7609999999999999,Santa Rita,Brazil,7.23S,34.86W
1903-12-01,25.991,1.004,Santa Rita,Brazil,7.23S,34.86W
1904-01-01,25.624,0.941,Santa Rita,Brazil,7.23S,34.86W
1904-02-01,26.401999999999997,1.676,Santa Rita,Brazil,7.23S,34.86W
1904-03-01,25.535,1.012,Santa Rita,Brazil,7.23S,34.86W
1904-04-01,25.587,1.828,Santa Rita,Brazil,7.23S,34.86W
1904-05-01,24.85,1.073,Santa Rita,Brazil,7.23S,34.86W
1904-06-01,23.927,1.005,Santa Rita,Brazil,7.23S,34.86W
1904-07-01,22.823,0.7440000000000001,Santa Rita,Brazil,7.23S,34.86W
1904-08-01,22.736,1.307,Santa Rita,Brazil,7.23S,34.86W
1904-09-01,23.730999999999998,0.748,Santa Rita,Brazil,7.23S,34.86W
1904-10-01,24.552,0.7240000000000001,Santa Rita,Brazil,7.23S,34.86W
1904-11-01,25.421,0.843,Santa Rita,Brazil,7.23S,34.86W
1904-12-01,25.502,0.903,Santa Rita,Brazil,7.23S,34.86W
1905-01-01,25.886,0.8420000000000001,Santa Rita,Brazil,7.23S,34.86W
1905-02-01,25.58,0.857,Santa Rita,Brazil,7.23S,34.86W
1905-03-01,25.037,1.901,Santa Rita,Brazil,7.23S,34.86W
1905-04-01,25.11,1.167,Santa Rita,Brazil,7.23S,34.86W
1905-05-01,25.188,1.0490000000000002,Santa Rita,Brazil,7.23S,34.86W
1905-06-01,24.389,0.77,Santa Rita,Brazil,7.23S,34.86W
1905-07-01,23.833000000000002,0.899,Santa Rita,Brazil,7.23S,34.86W
1905-08-01,24.058000000000003,0.7759999999999999,Santa Rita,Brazil,7.23S,34.86W
1905-09-01,24.381,0.75,Santa Rita,Brazil,7.23S,34.86W
1905-10-01,24.846,0.858,Santa Rita,Brazil,7.23S,34.86W
1905-11-01,26.146,0.9540000000000001,Santa Rita,Brazil,7.23S,34.86W
1905-12-01,25.746,1.1420000000000001,Santa Rita,Brazil,7.23S,34.86W
1906-01-01,26.105,1.854,Santa Rita,Brazil,7.23S,34.86W
1906-02-01,25.669,0.914,Santa Rita,Brazil,7.23S,34.86W
1906-03-01,26.123,1.15,Santa Rita,Brazil,7.23S,34.86W
1906-04-01,25.609,1.033,Santa Rita,Brazil,7.23S,34.86W
1906-05-01,24.235,1.8940000000000001,Santa Rita,Brazil,7.23S,34.86W
1906-06-01,23.796999999999997,1.95,Santa Rita,Brazil,7.23S,34.86W
1906-07-01,23.526999999999997,1.0659999999999998,Santa Rita,Brazil,7.23S,34.86W
1906-08-01,23.651,0.9059999999999999,Santa Rita,Brazil,7.23S,34.86W
1906-09-01,24.183000000000003,0.725,Santa Rita,Brazil,7.23S,34.86W
1906-10-01,25.017,0.7490000000000001,Santa Rita,Brazil,7.23S,34.86W
1906-11-01,25.538,0.743,Santa Rita,Brazil,7.23S,34.86W
1906-12-01,25.901999999999997,1.1640000000000001,Santa Rita,Brazil,7.23S,34.86W
1907-01-01,25.799,0.903,Santa Rita,Brazil,7.23S,34.86W
1907-02-01,25.584,0.9329999999999999,Santa Rita,Brazil,7.23S,34.86W
1907-03-01,26.275,1.955,Santa Rita,Brazil,7.23S,34.86W
1907-04-01,26.107,2.0869999999999997,Santa Rita,Brazil,7.23S,34.86W
1907-05-01,25.666,2.315,Santa Rita,Brazil,7.23S,34.86W
1907-06-01,25.011,2.0869999999999997,Santa Rita,Brazil,7.23S,34.86W
1907-07-01,22.991,0.851,Santa Rita,Brazil,7.23S,34.86W
1907-08-01,23.735,0.935,Santa Rita,Brazil,7.23S,34.86W
1907-09-01,24.528,0.7090000000000001,Santa Rita,Brazil,7.23S,34.86W
1907-10-01,25.429000000000002,0.7170000000000001,Santa Rita,Brazil,7.23S,34.86W
1907-11-01,25.535999999999998,0.753,Santa Rita,Brazil,7.23S,34.86W
1907-12-01,25.74,0.8370000000000001,Santa Rita,Brazil,7.23S,34.86W
1908-01-01,26.462,1.062,Santa Rita,Brazil,7.23S,34.86W
1908-02-01,27.32,2.555,Santa Rita,Brazil,7.23S,34.86W
1908-03-01,26.088,1.446,Santa Rita,Brazil,7.23S,34.86W
1908-04-01,26.03,1.304,Santa Rita,Brazil,7.23S,34.86W
1908-05-01,25.776999999999997,1.1440000000000001,Santa Rita,Brazil,7.23S,34.86W
1908-06-01,24.997,1.671,Santa Rita,Brazil,7.23S,34.86W
1908-07-01,24.253,1.024,Santa Rita,Brazil,7.23S,34.86W
1908-08-01,24.388,1.3880000000000001,Santa Rita,Brazil,7.23S,34.86W
1908-09-01,24.730999999999998,0.804,Santa Rita,Brazil,7.23S,34.86W
1908-10-01,25.249000000000002,0.7879999999999999,Santa Rita,Brazil,7.23S,34.86W
1908-11-01,25.461,0.7509999999999999,Santa Rita,Brazil,7.23S,34.86W
1908-12-01,25.921,0.8690000000000001,Santa Rita,Brazil,7.23S,34.86W
1909-01-01,25.595,0.9159999999999999,Santa Rita,Brazil,7.23S,34.86W
1909-02-01,26.173,1.045,Santa Rita,Brazil,7.23S,34.86W
1909-03-01,26.911,1.6,Santa Rita,Brazil,7.23S,34.86W
1909-04-01,25.795,1.4269999999999998,Santa Rita,Brazil,7.23S,34.86W
1909-05-01,25.625999999999998,1.702,Santa Rita,Brazil,7.23S,34.86W
1909-06-01,25.04,2.09,Santa Rita,Brazil,7.23S,34.86W
1909-07-01,24.035,1.268,Santa Rita,Brazil,7.23S,34.86W
1909-08-01,23.834,1.026,Santa Rita,Brazil,7.23S,34.86W
1909-09-01,24.348000000000006,0.6629999999999999,Santa Rita,Brazil,7.23S,34.86W
1909-10-01,25.171999999999997,0.848,Santa Rita,Brazil,7.23S,34.86W
1909-11-01,25.968000000000004,0.7979999999999999,Santa Rita,Brazil,7.23S,34.86W
1909-12-01,25.96,0.831,Santa Rita,Brazil,7.23S,34.86W
1910-01-01,25.611,1.2570000000000001,Santa Rita,Brazil,7.23S,34.86W
1910-02-01,26.476000000000006,0.9890000000000001,Santa Rita,Brazil,7.23S,34.86W
1910-03-01,25.995,0.9420000000000001,Santa Rita,Brazil,7.23S,34.86W
1910-04-01,25.465999999999998,1.024,Santa Rita,Brazil,7.23S,34.86W
1910-05-01,24.491999999999997,1.074,Santa Rita,Brazil,7.23S,34.86W
1910-06-01,23.94,0.873,Santa Rita,Brazil,7.23S,34.86W
1910-07-01,23.671999999999997,0.778,Santa Rita,Brazil,7.23S,34.86W
1910-08-01,24.003,0.764,Santa Rita,Brazil,7.23S,34.86W
1910-09-01,24.546999999999997,0.684,Santa Rita,Brazil,7.23S,34.86W
1910-10-01,25.276999999999997,0.851,Santa Rita,Brazil,7.23S,34.86W
1910-11-01,25.589000000000002,1.109,Santa Rita,Brazil,7.23S,34.86W
1910-12-01,25.385,0.821,Santa Rita,Brazil,7.23S,34.86W
1911-01-01,25.156,1.036,Santa Rita,Brazil,7.23S,34.86W
1911-02-01,25.87,0.9059999999999999,Santa Rita,Brazil,7.23S,34.86W
1911-03-01,25.066,1.2890000000000001,Santa Rita,Brazil,7.23S,34.86W
1911-04-01,25.691999999999997,0.821,Santa Rita,Brazil,7.23S,34.86W
1911-05-01,25.226000000000006,1.192,Santa Rita,Brazil,7.23S,34.86W
1911-06-01,25.156999999999996,2.023,Santa Rita,Brazil,7.23S,34.86W
1911-07-01,24.005,1.1640000000000001,Santa Rita,Brazil,7.23S,34.86W
1911-08-01,23.89,0.826,Santa Rita,Brazil,7.23S,34.86W
1911-09-01,24.495,0.966,Santa Rita,Brazil,7.23S,34.86W
1911-10-01,25.241999999999997,0.721,Santa Rita,Brazil,7.23S,34.86W
1911-11-01,25.884,0.794,Santa Rita,Brazil,7.23S,34.86W
1911-12-01,25.825,0.815,Santa Rita,Brazil,7.23S,34.86W
1912-01-01,25.842,0.9940000000000001,Santa Rita,Brazil,7.23S,34.86W
1912-02-01,25.781999999999996,1.239,Santa Rita,Brazil,7.23S,34.86W
1912-03-01,25.609,1.18,Santa Rita,Brazil,7.23S,34.86W
1912-04-01,25.659000000000002,1.156,Santa Rita,Brazil,7.23S,34.86W
1912-05-01,24.726000000000006,1.328,Santa Rita,Brazil,7.23S,34.86W
1912-06-01,23.734,1.2229999999999999,Santa Rita,Brazil,7.23S,34.86W
1912-07-01,23.529,1.271,Santa Rita,Brazil,7.23S,34.86W
1912-08-01,23.525,0.7190000000000001,Santa Rita,Brazil,7.23S,34.86W
1912-09-01,24.166,0.784,Santa Rita,Brazil,7.23S,34.86W
1912-10-01,24.757,0.769,Santa Rita,Brazil,7.23S,34.86W
1912-11-01,25.769000000000002,0.8140000000000001,Santa Rita,Brazil,7.23S,34.86W
1912-12-01,26.053,1.033,Santa Rita,Brazil,7.23S,34.86W
1913-01-01,26.388,0.897,Santa Rita,Brazil,7.23S,34.86W
1913-02-01,25.663,1.851,Santa Rita,Brazil,7.23S,34.86W
1913-03-01,25.683000000000003,1.141,Santa Rita,Brazil,7.23S,34.86W
1913-04-01,25.378,0.9740000000000001,Santa Rita,Brazil,7.23S,34.86W
1913-05-01,24.704,1.189,Santa Rita,Brazil,7.23S,34.86W
1913-06-01,23.999,1.199,Santa Rita,Brazil,7.23S,34.86W
1913-07-01,23.656999999999996,1.189,Santa Rita,Brazil,7.23S,34.86W
1913-08-01,23.976999999999997,1.092,Santa Rita,Brazil,7.23S,34.86W
1913-09-01,24.495,0.851,Santa Rita,Brazil,7.23S,34.86W
1913-10-01,25.081,0.6940000000000001,Santa Rita,Brazil,7.23S,34.86W
1913-11-01,25.805999999999997,0.6559999999999999,Santa Rita,Brazil,7.23S,34.86W
1913-12-01,25.454,0.777,Santa Rita,Brazil,7.23S,34.86W
1914-01-01,25.639,1.083,Santa Rita,Brazil,7.23S,34.86W
1914-02-01,25.698,0.966,Santa Rita,Brazil,7.23S,34.86W
1914-03-01,25.641,1.123,Santa Rita,Brazil,7.23S,34.86W
1914-04-01,25.521,0.706,Santa Rita,Brazil,7.23S,34.86W
1914-05-01,24.881999999999998,1.296,Santa Rita,Brazil,7.23S,34.86W
1914-06-01,23.877,0.8640000000000001,Santa Rita,Brazil,7.23S,34.86W
1914-07-01,23.167,0.841,Santa Rita,Brazil,7.23S,34.86W
1914-08-01,23.292,1.369,Santa Rita,Brazil,7.23S,34.86W
1914-09-01,24.274,0.797,Santa Rita,Brazil,7.23S,34.86W
1914-10-01,25.021,0.687,Santa Rita,Brazil,7.23S,34.86W
1914-11-01,25.639,0.9209999999999999,Santa Rita,Brazil,7.23S,34.86W
1914-12-01,26.164,0.8029999999999999,Santa Rita,Brazil,7.23S,34.86W
1915-01-01,26.141,1.006,Santa Rita,Brazil,7.23S,34.86W
1915-02-01,27.018,1.6580000000000001,Santa Rita,Brazil,7.23S,34.86W
1915-03-01,27.653000000000002,1.955,Santa Rita,Brazil,7.23S,34.86W
1915-04-01,26.827,2.218,Santa Rita,Brazil,7.23S,34.86W
1915-05-01,26.263,2.089,Santa Rita,Brazil,7.23S,34.86W
1915-06-01,25.379,2.156,Santa Rita,Brazil,7.23S,34.86W
1915-07-01,24.915,1.7380000000000002,Santa Rita,Brazil,7.23S,34.86W
1915-08-01,24.501,0.971,Santa Rita,Brazil,7.23S,34.86W
1915-09-01,24.646,0.856,Santa Rita,Brazil,7.23S,34.86W
1915-10-01,25.346,0.7909999999999999,Santa Rita,Brazil,7.23S,34.86W
1915-11-01,26.165,0.708,Santa Rita,Brazil,7.23S,34.86W
1915-12-01,25.983,0.763,Santa Rita,Brazil,7.23S,34.86W
1916-01-01,26.209,0.856,Santa Rita,Brazil,7.23S,34.86W
1916-02-01,26.892,0.897,Santa Rita,Brazil,7.23S,34.86W
1916-03-01,25.793000000000003,0.8390000000000001,Santa Rita,Brazil,7.23S,34.86W
1916-04-01,25.612,0.7929999999999999,Santa Rita,Brazil,7.23S,34.86W
1916-05-01,24.665000000000006,0.986,Santa Rita,Brazil,7.23S,34.86W
1916-06-01,23.659000000000002,0.8109999999999999,Santa Rita,Brazil,7.23S,34.86W
1916-07-01,23.232,0.664,Santa Rita,Brazil,7.23S,34.86W
1916-08-01,23.46,0.818,Santa Rita,Brazil,7.23S,34.86W
1916-09-01,23.909,0.617,Santa Rita,Brazil,7.23S,34.86W
1916-10-01,24.964000000000002,0.655,Santa Rita,Brazil,7.23S,34.86W
1916-11-01,25.4,0.633,Santa Rita,Brazil,7.23S,34.86W
1916-12-01,25.386,0.7929999999999999,Santa Rita,Brazil,7.23S,34.86W
1917-01-01,25.201999999999998,1.4909999999999999,Santa Rita,Brazil,7.23S,34.86W
1917-02-01,25.208,2.168,Santa Rita,Brazil,7.23S,34.86W
1917-03-01,25.25,1.3259999999999998,Santa Rita,Brazil,7.23S,34.86W
1917-04-01,25.321,0.772,Santa Rita,Brazil,7.23S,34.86W
1917-05-01,24.379,1.272,Santa Rita,Brazil,7.23S,34.86W
1917-06-01,23.218000000000004,1.314,Santa Rita,Brazil,7.23S,34.86W
1917-07-01,23.226,1.149,Santa Rita,Brazil,7.23S,34.86W
1917-08-01,23.684,0.8490000000000001,Santa Rita,Brazil,7.23S,34.86W
1917-09-01,24.345,0.9329999999999999,Santa Rita,Brazil,7.23S,34.86W
1917-10-01,25.288,0.895,Santa Rita,Brazil,7.23S,34.86W
1917-11-01,25.921,0.768,Santa Rita,Brazil,7.23S,34.86W
1917-12-01,25.625999999999998,1.125,Santa Rita,Brazil,7.23S,34.86W
1918-01-01,25.572,0.7759999999999999,Santa Rita,Brazil,7.23S,34.86W
1918-02-01,25.471999999999998,0.818,Santa Rita,Brazil,7.23S,34.86W
1918-03-01,26.115,1.193,Santa Rita,Brazil,7.23S,34.86W
1918-04-01,25.467,0.884,Santa Rita,Brazil,7.23S,34.86W
1918-05-01,25.01,0.8140000000000001,Santa Rita,Brazil,7.23S,34.86W
1918-06-01,23.933000000000003,0.782,Santa Rita,Brazil,7.23S,34.86W
1918-07-01,23.725,0.631,Santa Rita,Brazil,7.23S,34.86W
1918-08-01,23.293000000000003,0.747,Santa Rita,Brazil,7.23S,34.86W
1918-09-01,24.125999999999998,0.59,Santa Rita,Brazil,7.23S,34.86W
1918-10-01,25.23,0.743,Santa Rita,Brazil,7.23S,34.86W
1918-11-01,25.933000000000003,0.909,Santa Rita,Brazil,7.23S,34.86W
1918-12-01,25.628,0.794,Santa Rita,Brazil,7.23S,34.86W
1919-01-01,25.878,0.772,Santa Rita,Brazil,7.23S,34.86W
1919-02-01,26.791999999999998,1.459,Santa Rita,Brazil,7.23S,34.86W
1919-03-01,26.842,1.724,Santa Rita,Brazil,7.23S,34.86W
1919-04-01,26.776,2.104,Santa Rita,Brazil,7.23S,34.86W
1919-05-01,26.035999999999998,1.999,Santa Rita,Brazil,7.23S,34.86W
1919-06-01,24.879,1.7,Santa Rita,Brazil,7.23S,34.86W
1919-07-01,23.815,0.875,Santa Rita,Brazil,7.23S,34.86W
1919-08-01,23.846,0.594,Santa Rita,Brazil,7.23S,34.86W
1919-09-01,24.430000000000003,0.664,Santa Rita,Brazil,7.23S,34.86W
1919-10-01,25.054000000000002,0.629,Santa Rita,Brazil,7.23S,34.86W
1919-11-01,25.577,0.599,Santa Rita,Brazil,7.23S,34.86W
1919-12-01,26.029,0.705,Santa Rita,Brazil,7.23S,34.86W
1920-01-01,26.385,0.809,Santa Rita,Brazil,7.23S,34.86W
1920-02-01,26.892,1.4969999999999999,Santa Rita,Brazil,7.23S,34.86W
1920-03-01,26.147,0.767,Santa Rita,Brazil,7.23S,34.86W
1920-04-01,25.609,1.081,Santa Rita,Brazil,7.23S,34.86W
1920-05-01,25.153,0.758,Santa Rita,Brazil,7.23S,34.86W
1920-06-01,23.728,0.93,Santa Rita,Brazil,7.23S,34.86W
1920-07-01,23.54,0.764,Santa Rita,Brazil,7.23S,34.86W
1920-08-01,23.979,0.747,Santa Rita,Brazil,7.23S,34.86W
1920-09-01,24.381999999999998,0.617,Santa Rita,Brazil,7.23S,34.86W
1920-10-01,25.275,0.9109999999999999,Santa Rita,Brazil,7.23S,34.86W
1920-11-01,25.836,0.6829999999999999,Santa Rita,Brazil,7.23S,34.86W
1920-12-01,25.793000000000003,0.8029999999999999,Santa Rita,Brazil,7.23S,34.86W
1921-01-01,26.148000000000003,0.7140000000000001,Santa Rita,Brazil,7.23S,34.86W
1921-02-01,25.873,0.9179999999999999,Santa Rita,Brazil,7.23S,34.86W
1921-03-01,25.888,0.9009999999999999,Santa Rita,Brazil,7.23S,34.86W
1921-04-01,25.636999999999997,0.77,Santa Rita,Brazil,7.23S,34.86W
1921-05-01,24.443,1.463,Santa Rita,Brazil,7.23S,34.86W
1921-06-01,23.761,0.9390000000000001,Santa Rita,Brazil,7.23S,34.86W
1921-07-01,22.98,1.331,Santa Rita,Brazil,7.23S,34.86W
1921-08-01,23.273000000000003,0.857,Santa Rita,Brazil,7.23S,34.86W
1921-09-01,24.331999999999997,0.625,Santa Rita,Brazil,7.23S,34.86W
1921-10-01,25.160999999999998,0.721,Santa Rita,Brazil,7.23S,34.86W
1921-11-01,25.802,0.6509999999999999,Santa Rita,Brazil,7.23S,34.86W
1921-12-01,26.054,0.782,Santa Rita,Brazil,7.23S,34.86W
1922-01-01,26.395,1.063,Santa Rita,Brazil,7.23S,34.86W
1922-02-01,26.421,1.455,Santa Rita,Brazil,7.23S,34.86W
1922-03-01,26.481,0.9840000000000001,Santa Rita,Brazil,7.23S,34.86W
1922-04-01,25.288,1.3259999999999998,Santa Rita,Brazil,7.23S,34.86W
1922-05-01,24.638,1.187,Santa Rita,Brazil,7.23S,34.86W
1922-06-01,23.768,1.202,Santa Rita,Brazil,7.23S,34.86W
1922-07-01,22.965,1.983,Santa Rita,Brazil,7.23S,34.86W
1922-08-01,22.993000000000002,1.288,Santa Rita,Brazil,7.23S,34.86W
1922-09-01,24.209000000000003,0.598,Santa Rita,Brazil,7.23S,34.86W
1922-10-01,25.101,0.87,Santa Rita,Brazil,7.23S,34.86W
1922-11-01,25.421,0.9890000000000001,Santa Rita,Brazil,7.23S,34.86W
1922-12-01,25.676,0.878,Santa Rita,Brazil,7.23S,34.86W
1923-01-01,26.401999999999997,0.7609999999999999,Santa Rita,Brazil,7.23S,34.86W
1923-02-01,25.677,1.189,Santa Rita,Brazil,7.23S,34.86W
1923-03-01,26.147,0.986,Santa Rita,Brazil,7.23S,34.86W
1923-04-01,24.749000000000002,1.052,Santa Rita,Brazil,7.23S,34.86W
1923-05-01,24.910999999999998,0.706,Santa Rita,Brazil,7.23S,34.86W
1923-06-01,24.059,0.8190000000000001,Santa Rita,Brazil,7.23S,34.86W
1923-07-01,23.253,0.606,Santa Rita,Brazil,7.23S,34.86W
1923-08-01,23.606,0.62,Santa Rita,Brazil,7.23S,34.86W
1923-09-01,24.756999999999998,0.763,Santa Rita,Brazil,7.23S,34.86W
1923-10-01,25.511,0.529,Santa Rita,Brazil,7.23S,34.86W
1923-11-01,26.458000000000002,0.604,Santa Rita,Brazil,7.23S,34.86W
1923-12-01,26.561,0.9059999999999999,Santa Rita,Brazil,7.23S,34.86W
1924-01-01,26.791,0.748,Santa Rita,Brazil,7.23S,34.86W
1924-02-01,26.083,1.78,Santa Rita,Brazil,7.23S,34.86W
1924-03-01,26.262,1.063,Santa Rita,Brazil,7.23S,34.86W
1924-04-01,25.595,0.7659999999999999,Santa Rita,Brazil,7.23S,34.86W
1924-05-01,25.009,0.8240000000000001,Santa Rita,Brazil,7.23S,34.86W
1924-06-01,23.456,1.1,Santa Rita,Brazil,7.23S,34.86W
1924-07-01,23.42,2.648,Santa Rita,Brazil,7.23S,34.86W
1924-08-01,23.2,1.868,Santa Rita,Brazil,7.23S,34.86W
1924-09-01,24.018,1.175,Santa Rita,Brazil,7.23S,34.86W
1924-10-01,24.836,0.595,Santa Rita,Brazil,7.23S,34.86W
1924-11-01,25.726999999999997,0.619,Santa Rita,Brazil,7.23S,34.86W
1924-12-01,25.61,2.417,Santa Rita,Brazil,7.23S,34.86W
1925-01-01,25.498,0.826,Santa Rita,Brazil,7.23S,34.86W
1925-02-01,25.943,0.546,Santa Rita,Brazil,7.23S,34.86W
1925-03-01,26.026,0.503,Santa Rita,Brazil,7.23S,34.86W
1925-04-01,25.340999999999998,0.8109999999999999,Santa Rita,Brazil,7.23S,34.86W
1925-05-01,24.709,1.05,Santa Rita,Brazil,7.23S,34.86W
1925-06-01,24.199,0.655,Santa Rita,Brazil,7.23S,34.86W
1925-07-01,24.116,0.366,Santa Rita,Brazil,7.23S,34.86W
1925-08-01,23.886999999999997,0.48100000000000004,Santa Rita,Brazil,7.23S,34.86W
1925-09-01,24.766,0.67,Santa Rita,Brazil,7.23S,34.86W
1925-10-01,25.537,0.69,Santa Rita,Brazil,7.23S,34.86W
1925-11-01,26.019000000000002,0.408,Santa Rita,Brazil,7.23S,34.86W
1925-12-01,26.155,0.667,Santa Rita,Brazil,7.23S,34.86W
1926-01-01,26.589,0.7090000000000001,Santa Rita,Brazil,7.23S,34.86W
1926-02-01,27.026,1.013,Santa Rita,Brazil,7.23S,34.86W
1926-03-01,26.807,1.909,Santa Rita,Brazil,7.23S,34.86W
1926-04-01,26.202,0.6970000000000001,Santa Rita,Brazil,7.23S,34.86W
1926-05-01,25.485,0.996,Santa Rita,Brazil,7.23S,34.86W
1926-06-01,24.113000000000003,1.32,Santa Rita,Brazil,7.23S,34.86W
1926-07-01,24.059,1.5519999999999998,Santa Rita,Brazil,7.23S,34.86W
1926-08-01,23.876,0.42,Santa Rita,Brazil,7.23S,34.86W
1926-09-01,24.398000000000003,0.5660000000000001,Santa Rita,Brazil,7.23S,34.86W
1926-10-01,25.211,0.48200000000000004,Santa Rita,Brazil,7.23S,34.86W
1926-11-01,26.004,0.38299999999999995,Santa Rita,Brazil,7.23S,34.86W
1926-12-01,26.342,0.37,Santa Rita,Brazil,7.23S,34.86W
1927-01-01,26.239,0.41600000000000004,Santa Rita,Brazil,7.23S,34.86W
1927-02-01,26.343000000000004,0.534,Santa Rita,Brazil,7.23S,34.86W
1927-03-01,26.097,0.428,Santa Rita,Brazil,7.23S,34.86W
1927-04-01,25.423000000000002,0.669,Santa Rita,Brazil,7.23S,34.86W
1927-05-01,25.252,0.561,Santa Rita,Brazil,7.23S,34.86W
1927-06-01,24.162,0.528,Santa Rita,Brazil,7.23S,34.86W
1927-07-01,23.647,0.43,Santa Rita,Brazil,7.23S,34.86W
1927-08-01,24.28,0.688,Santa Rita,Brazil,7.23S,34.86W
1927-09-01,24.811,0.56,Santa Rita,Brazil,7.23S,34.86W
1927-10-01,25.673000000000002,0.518,Santa Rita,Brazil,7.23S,34.86W
1927-11-01,26.233,0.325,Santa Rita,Brazil,7.23S,34.86W
1927-12-01,26.519,0.5820000000000001,Santa Rita,Brazil,7.23S,34.86W
1928-01-01,26.635,0.7290000000000001,Santa Rita,Brazil,7.23S,34.86W
1928-02-01,26.859,0.309,Santa Rita,Brazil,7.23S,34.86W
1928-03-01,26.364,0.595,Santa Rita,Brazil,7.23S,34.86W
1928-04-01,25.744,0.335,Santa Rita,Brazil,7.23S,34.86W
1928-05-01,24.925,0.49,Santa Rita,Brazil,7.23S,34.86W
1928-06-01,24.511,0.992,Santa Rita,Brazil,7.23S,34.86W
1928-07-01,23.822,0.8420000000000001,Santa Rita,Brazil,7.23S,34.86W
1928-08-01,23.816,0.525,Santa Rita,Brazil,7.23S,34.86W
1928-09-01,24.23,0.45899999999999996,Santa Rita,Brazil,7.23S,34.86W
1928-10-01,25.075,0.527,Santa Rita,Brazil,7.23S,34.86W
1928-11-01,25.83,0.527,Santa Rita,Brazil,7.23S,34.86W
1928-12-01,26.006,0.5379999999999999,Santa Rita,Brazil,7.23S,34.86W
1929-01-01,26.294,0.485,Santa Rita,Brazil,7.23S,34.86W
1929-02-01,26.336,0.4,Santa Rita,Brazil,7.23S,34.86W
1929-03-01,25.935,0.465,Santa Rita,Brazil,7.23S,34.86W
1929-04-01,25.717,0.523,Santa Rita,Brazil,7.23S,34.86W
1929-05-01,24.892,0.593,Santa Rita,Brazil,7.23S,34.86W
1929-06-01,24.070999999999998,0.38799999999999996,Santa Rita,Brazil,7.23S,34.86W
1929-07-01,23.467,0.284,Santa Rita,Brazil,7.23S,34.86W
1929-08-01,23.896,0.815,Santa Rita,Brazil,7.23S,34.86W
1929-09-01,24.625999999999998,0.364,Santa Rita,Brazil,7.23S,34.86W
1929-10-01,25.111,0.38299999999999995,Santa Rita,Brazil,7.23S,34.86W
1929-11-01,25.914,0.33899999999999997,Santa Rita,Brazil,7.23S,34.86W
1929-12-01,25.818,0.47,Santa Rita,Brazil,7.23S,34.86W
1930-01-01,25.673,0.371,Santa Rita,Brazil,7.23S,34.86W
1930-02-01,26.135,0.434,Santa Rita,Brazil,7.23S,34.86W
1930-03-01,26.356,0.5479999999999999,Santa Rita,Brazil,7.23S,34.86W
1930-04-01,25.522,0.45299999999999996,Santa Rita,Brazil,7.23S,34.86W
1930-05-01,25.265,0.536,Santa Rita,Brazil,7.23S,34.86W
1930-06-01,24.4,0.512,Santa Rita,Brazil,7.23S,34.86W
1930-07-01,23.886,0.847,Santa Rita,Brazil,7.23S,34.86W
1930-08-01,23.958000000000002,0.703,Santa Rita,Brazil,7.23S,34.86W
1930-09-01,24.761999999999997,0.396,Santa Rita,Brazil,7.23S,34.86W
1930-10-01,25.236,0.537,Santa Rita,Brazil,7.23S,34.86W
1930-11-01,26.4,0.508,Santa Rita,Brazil,7.23S,34.86W
1930-12-01,26.881,0.565,Santa Rita,Brazil,7.23S,34.86W
1931-01-01,26.814,0.632,Santa Rita,Brazil,7.23S,34.86W
1931-02-01,27.023000000000003,0.634,Santa Rita,Brazil,7.23S,34.86W
1931-03-01,27.208000000000002,0.677,Santa Rita,Brazil,7.23S,34.86W
1931-04-01,26.186,1.0070000000000001,Santa Rita,Brazil,7.23S,34.86W
1931-05-01,25.435,0.986,Santa Rita,Brazil,7.23S,34.86W
1931-06-01,24.62,0.902,Santa Rita,Brazil,7.23S,34.86W
1931-07-01,24.213,0.872,Santa Rita,Brazil,7.23S,34.86W
1931-08-01,24.042,0.7859999999999999,Santa Rita,Brazil,7.23S,34.86W
1931-09-01,24.551,0.494,Santa Rita,Brazil,7.23S,34.86W
1931-10-01,25.267,0.601,Santa Rita,Brazil,7.23S,34.86W
1931-11-01,25.804000000000002,0.44299999999999995,Santa Rita,Brazil,7.23S,34.86W
1931-12-01,26.037,0.49700000000000005,Santa Rita,Brazil,7.23S,34.86W
1932-01-01,26.346999999999998,0.569,Santa Rita,Brazil,7.23S,34.86W
1932-02-01,26.374,0.5489999999999999,Santa Rita,Brazil,7.23S,34.86W
1932-03-01,26.341,0.586,Santa Rita,Brazil,7.23S,34.86W
1932-04-01,26.499000000000002,0.946,Santa Rita,Brazil,7.23S,34.86W
1932-05-01,25.456,0.746,Santa Rita,Brazil,7.23S,34.86W
1932-06-01,25.164,1.504,Santa Rita,Brazil,7.23S,34.86W
1932-07-01,24.122,0.5489999999999999,Santa Rita,Brazil,7.23S,34.86W
1932-08-01,23.871,0.6509999999999999,Santa Rita,Brazil,7.23S,34.86W
1932-09-01,24.534,0.363,Santa Rita,Brazil,7.23S,34.86W
1932-10-01,25.276,0.523,Santa Rita,Brazil,7.23S,34.86W
1932-11-01,26.019000000000002,0.725,Santa Rita,Brazil,7.23S,34.86W
1932-12-01,25.94,0.41,Santa Rita,Brazil,7.23S,34.86W
1933-01-01,26.338,0.626,Santa Rita,Brazil,7.23S,34.86W
1933-02-01,26.101999999999997,0.467,Santa Rita,Brazil,7.23S,34.86W
1933-03-01,27.047,1.3969999999999998,Santa Rita,Brazil,7.23S,34.86W
1933-04-01,26.0,1.3630000000000002,Santa Rita,Brazil,7.23S,34.86W
1933-05-01,24.649,0.5429999999999999,Santa Rita,Brazil,7.23S,34.86W
1933-06-01,24.581,0.474,Santa Rita,Brazil,7.23S,34.86W
1933-07-01,23.829,0.552,Santa Rita,Brazil,7.23S,34.86W
1933-08-01,24.406,1.2429999999999999,Santa Rita,Brazil,7.23S,34.86W
1933-09-01,24.826,0.457,Santa Rita,Brazil,7.23S,34.86W
1933-10-01,25.34,0.35600000000000004,Santa Rita,Brazil,7.23S,34.86W
1933-11-01,25.686999999999998,0.444,Santa Rita,Brazil,7.23S,34.86W
1933-12-01,25.97,0.73,Santa Rita,Brazil,7.23S,34.86W
1934-01-01,26.245,0.509,Santa Rita,Brazil,7.23S,34.86W
1934-02-01,25.955,0.5529999999999999,Santa Rita,Brazil,7.23S,34.86W
1934-03-01,25.324,0.604,Santa Rita,Brazil,7.23S,34.86W
1934-04-01,25.498,0.441,Santa Rita,Brazil,7.23S,34.86W
1934-05-01,25.217,0.659,Santa Rita,Brazil,7.23S,34.86W
1934-06-01,24.704,1.3969999999999998,Santa Rita,Brazil,7.23S,34.86W
1934-07-01,23.647,0.986,Santa Rita,Brazil,7.23S,34.86W
1934-08-01,23.859,0.444,Santa Rita,Brazil,7.23S,34.86W
1934-09-01,24.814,0.6509999999999999,Santa Rita,Brazil,7.23S,34.86W
1934-10-01,25.761,1.198,Santa Rita,Brazil,7.23S,34.86W
1934-11-01,26.112,1.036,Santa Rita,Brazil,7.23S,34.86W
1934-12-01,26.441999999999997,1.099,Santa Rita,Brazil,7.23S,34.86W
1935-01-01,26.515,0.912,Santa Rita,Brazil,7.23S,34.86W
1935-02-01,26.281999999999996,1.276,Santa Rita,Brazil,7.23S,34.86W
1935-03-01,26.369,0.9640000000000001,Santa Rita,Brazil,7.23S,34.86W
1935-04-01,25.73,1.482,Santa Rita,Brazil,7.23S,34.86W
1935-05-01,24.829,1.176,Santa Rita,Brazil,7.23S,34.86W
1935-06-01,23.866999999999997,1.232,Santa Rita,Brazil,7.23S,34.86W
1935-07-01,23.552,1.431,Santa Rita,Brazil,7.23S,34.86W
1935-08-01,23.838,0.932,Santa Rita,Brazil,7.23S,34.86W
1935-09-01,24.444000000000006,0.7859999999999999,Santa Rita,Brazil,7.23S,34.86W
1935-10-01,25.649,0.89,Santa Rita,Brazil,7.23S,34.86W
1935-11-01,26.148000000000003,0.665,Santa Rita,Brazil,7.23S,34.86W
1935-12-01,26.255,0.64,Santa Rita,Brazil,7.23S,34.86W
1936-01-01,26.421,1.321,Santa Rita,Brazil,7.23S,34.86W
1936-02-01,26.212,0.6890000000000001,Santa Rita,Brazil,7.23S,34.86W
1936-03-01,26.507,0.968,Santa Rita,Brazil,7.23S,34.86W
1936-04-01,26.418000000000003,1.475,Santa Rita,Brazil,7.23S,34.86W
1936-05-01,25.112,1.26,Santa Rita,Brazil,7.23S,34.86W
1936-06-01,23.647,0.917,Santa Rita,Brazil,7.23S,34.86W
1936-07-01,23.071,1.649,Santa Rita,Brazil,7.23S,34.86W
1936-08-01,23.924,1.1179999999999999,Santa Rita,Brazil,7.23S,34.86W
1936-09-01,24.299000000000003,0.7759999999999999,Santa Rita,Brazil,7.23S,34.86W
1936-10-01,25.273000000000003,0.737,Santa Rita,Brazil,7.23S,34.86W
1936-11-01,26.058000000000003,0.5589999999999999,Santa Rita,Brazil,7.23S,34.86W
1936-12-01,26.125999999999998,0.654,Santa Rita,Brazil,7.23S,34.86W
1937-01-01,26.914,1.038,Santa Rita,Brazil,7.23S,34.86W
1937-02-01,26.84,0.8759999999999999,Santa Rita,Brazil,7.23S,34.86W
1937-03-01,27.071,1.3030000000000002,Santa Rita,Brazil,7.23S,34.86W
1937-04-01,26.116999999999997,0.6629999999999999,Santa Rita,Brazil,7.23S,34.86W
1937-05-01,25.198,0.797,Santa Rita,Brazil,7.23S,34.86W
1937-06-01,24.276999999999997,1.03,Santa Rita,Brazil,7.23S,34.86W
1937-07-01,23.837,0.657,Santa Rita,Brazil,7.23S,34.86W
1937-08-01,23.95,0.7709999999999999,Santa Rita,Brazil,7.23S,34.86W
1937-09-01,25.008000000000006,0.9159999999999999,Santa Rita,Brazil,7.23S,34.86W
1937-10-01,26.011,0.5379999999999999,Santa Rita,Brazil,7.23S,34.86W
1937-11-01,26.825,0.68,Santa Rita,Brazil,7.23S,34.86W
1937-12-01,26.655,0.8340000000000001,Santa Rita,Brazil,7.23S,34.86W
1938-01-01,26.649,0.669,Santa Rita,Brazil,7.23S,34.86W
1938-02-01,27.686999999999998,1.3880000000000001,Santa Rita,Brazil,7.23S,34.86W
1938-03-01,26.281999999999996,0.794,Santa Rita,Brazil,7.23S,34.86W
1938-04-01,25.916,1.165,Santa Rita,Brazil,7.23S,34.86W
1938-05-01,25.173,1.146,Santa Rita,Brazil,7.23S,34.86W
1938-06-01,24.136,0.5920000000000001,Santa Rita,Brazil,7.23S,34.86W
1938-07-01,23.763,0.66,Santa Rita,Brazil,7.23S,34.86W
1938-08-01,23.934,0.66,Santa Rita,Brazil,7.23S,34.86W
1938-09-01,24.794,0.5770000000000001,Santa Rita,Brazil,7.23S,34.86W
1938-10-01,25.838,0.75,Santa Rita,Brazil,7.23S,34.86W
1938-11-01,25.718000000000004,1.275,Santa Rita,Brazil,7.23S,34.86W
1938-12-01,26.364,0.8640000000000001,Santa Rita,Brazil,7.23S,34.86W
1939-01-01,26.516,0.593,Santa Rita,Brazil,7.23S,34.86W
1939-02-01,26.21,0.792,Santa Rita,Brazil,7.23S,34.86W
1939-03-01,26.027,1.054,Santa Rita,Brazil,7.23S,34.86W
1939-04-01,25.746,0.77,Santa Rita,Brazil,7.23S,34.86W
1939-05-01,25.428,0.8059999999999999,Santa Rita,Brazil,7.23S,34.86W
1939-06-01,24.673,0.623,Santa Rita,Brazil,7.23S,34.86W
1939-07-01,24.315,0.8190000000000001,Santa Rita,Brazil,7.23S,34.86W
1939-08-01,24.134,0.544,Santa Rita,Brazil,7.23S,34.86W
1939-09-01,24.663,0.742,Santa Rita,Brazil,7.23S,34.86W
1939-10-01,24.788,0.7909999999999999,Santa Rita,Brazil,7.23S,34.86W
1939-11-01,25.981,0.8109999999999999,Santa Rita,Brazil,7.23S,34.86W
1939-12-01,26.592,0.833,Santa Rita,Brazil,7.23S,34.86W
1940-01-01,26.081999999999997,0.7190000000000001,Santa Rita,Brazil,7.23S,34.86W
1940-02-01,26.801,0.7190000000000001,Santa Rita,Brazil,7.23S,34.86W
1940-03-01,25.921,0.955,Santa Rita,Brazil,7.23S,34.86W
1940-04-01,25.653000000000002,0.846,Santa Rita,Brazil,7.23S,34.86W
1940-05-01,25.009,0.807,Santa Rita,Brazil,7.23S,34.86W
1940-06-01,23.857,1.3840000000000001,Santa Rita,Brazil,7.23S,34.86W
1940-07-01,23.33,1.245,Santa Rita,Brazil,7.23S,34.86W
1940-08-01,23.904,0.6729999999999999,Santa Rita,Brazil,7.23S,34.86W
1940-09-01,24.796999999999997,0.5429999999999999,Santa Rita,Brazil,7.23S,34.86W
1940-10-01,25.449,0.544,Santa Rita,Brazil,7.23S,34.86W
1940-11-01,25.973000000000003,0.53,Santa Rita,Brazil,7.23S,34.86W
1940-12-01,26.534000000000002,0.762,Santa Rita,Brazil,7.23S,34.86W
1941-01-01,26.773000000000003,0.342,Santa Rita,Brazil,7.23S,34.86W
1941-02-01,27.28,0.33399999999999996,Santa Rita,Brazil,7.23S,34.86W
1941-03-01,26.588,0.542,Santa Rita,Brazil,7.23S,34.86W
1941-04-01,26.256,0.494,Santa Rita,Brazil,7.23S,34.86W
1941-05-01,25.747,0.531,Santa Rita,Brazil,7.23S,34.86W
1941-06-01,25.090999999999998,0.541,Santa Rita,Brazil,7.23S,34.86W
1941-07-01,24.553,0.6,Santa Rita,Brazil,7.23S,34.86W
1941-08-01,24.339000000000002,0.5489999999999999,Santa Rita,Brazil,7.23S,34.86W
1941-09-01,25.276999999999997,0.289,Santa Rita,Brazil,7.23S,34.86W
1941-10-01,25.439,0.327,Santa Rita,Brazil,7.23S,34.86W
1941-11-01,25.89,0.561,Santa Rita,Brazil,7.23S,34.86W
1941-12-01,26.092,0.44,Santa Rita,Brazil,7.23S,34.86W
1942-01-01,26.764,0.547,Santa Rita,Brazil,7.23S,34.86W
1942-02-01,26.413,0.607,Santa Rita,Brazil,7.23S,34.86W
1942-03-01,26.845,0.662